                                                
 Alfa =  10.00000 Re =  4000000.000 Xflap,Yflap =     0.000000    0.000000
#    x        y        Cp  
   1.00000  0.00028  0.20944
   0.99428  0.00095  0.10380
   0.98233  0.00239  0.05393
   0.96891  0.00401  0.00908
   0.95507  0.00569 -0.02538
   0.94120  0.00734 -0.05372
   0.92730  0.00896 -0.07796
   0.91339  0.01057 -0.10050
   0.89947  0.01216 -0.11984
   0.88553  0.01374 -0.14073
   0.87158  0.01531 -0.15848
   0.85764  0.01687 -0.17891
   0.84370  0.01841 -0.19829
   0.82976  0.01995 -0.21726
   0.81583  0.02146 -0.23593
   0.80191  0.02296 -0.25698
   0.78798  0.02444 -0.27361
   0.77406  0.02589 -0.29320
   0.76014  0.02733 -0.31126
   0.74622  0.02874 -0.32835
   0.73230  0.03012 -0.34912
   0.71838  0.03148 -0.36588
   0.70446  0.03281 -0.38547
   0.69053  0.03412 -0.40300
   0.67661  0.03540 -0.42162
   0.66269  0.03665 -0.44174
   0.64876  0.03787 -0.45965
   0.63484  0.03906 -0.47875
   0.62092  0.04022 -0.49990
   0.60699  0.04135 -0.51984
   0.59307  0.04245 -0.53971
   0.57916  0.04351 -0.55963
   0.56524  0.04453 -0.58270
   0.55133  0.04552 -0.60273
   0.53741  0.04646 -0.62682
   0.52350  0.04736 -0.64799
   0.50959  0.04822 -0.66982
   0.49568  0.04904 -0.69538
   0.48178  0.04981 -0.71789
   0.46788  0.05053 -0.74175
   0.45398  0.05120 -0.76848
   0.44008  0.05182 -0.79324
   0.42619  0.05239 -0.82016
   0.41230  0.05290 -0.84628
   0.39842  0.05335 -0.87615
   0.38454  0.05374 -0.90395
   0.37066  0.05407 -0.93411
   0.35680  0.05434 -0.96619
   0.34293  0.05453 -0.99795
   0.32908  0.05466 -1.03255
   0.31524  0.05471 -1.06858
   0.30140  0.05469 -1.10571
   0.28758  0.05458 -1.14487
   0.27378  0.05440 -1.18883
   0.25999  0.05412 -1.23174
   0.24622  0.05374 -1.27904
   0.23247  0.05326 -1.32962
   0.21874  0.05268 -1.38326
   0.20505  0.05198 -1.44254
   0.19139  0.05116 -1.50535
   0.17777  0.05021 -1.57430
   0.16419  0.04912 -1.65100
   0.15066  0.04788 -1.73679
   0.13721  0.04647 -1.83245
   0.12384  0.04488 -1.94467
   0.11059  0.04309 -2.07206
   0.09749  0.04107 -2.22213
   0.08458  0.03880 -2.40147
   0.07195  0.03623 -2.61639
   0.05965  0.03331 -2.87169
   0.04784  0.03003 -3.19441
   0.03673  0.02634 -3.59517
   0.02668  0.02230 -4.10256
   0.01820  0.01809 -4.71248
   0.01175  0.01413 -5.43322
   0.00734  0.01075 -6.24677
   0.00442  0.00798 -7.08157
   0.00248  0.00569 -8.09863
   0.00120  0.00373 -9.30448
   0.00039  0.00199-10.94798
   0.00003  0.00045-12.76673
   0.00014 -0.00104-12.21796
   0.00087 -0.00248 -7.32417
   0.00224 -0.00375 -2.93171
   0.00424 -0.00491 -0.80971
   0.00701 -0.00607  0.19707
   0.01098 -0.00730  0.70678
   0.01693 -0.00863  0.94005
   0.02562 -0.00996  0.99996
   0.03678 -0.01108  0.97233
   0.04927 -0.01185  0.91887
   0.06234 -0.01232  0.86450
   0.07571 -0.01254  0.81564
   0.08927 -0.01257  0.77326
   0.10294 -0.01245  0.73658
   0.11671 -0.01221  0.70484
   0.13052 -0.01189  0.67666
   0.14438 -0.01148  0.65227
   0.15827 -0.01102  0.63032
   0.17217 -0.01049  0.61096
   0.18611 -0.00993  0.59361
   0.20005 -0.00932  0.57792
   0.21402 -0.00868  0.56394
   0.22800 -0.00802  0.55120
   0.24199 -0.00733  0.54001
   0.25600 -0.00663  0.52912
   0.27002 -0.00592  0.51956
   0.28405 -0.00520  0.51057
   0.29808 -0.00448  0.50268
   0.31210 -0.00376  0.49533
   0.32612 -0.00305  0.48779
   0.34014 -0.00235  0.48110
   0.35414 -0.00166  0.47527
   0.36814 -0.00099  0.46847
   0.38214 -0.00033  0.46272
   0.39614  0.00031  0.45756
   0.41013  0.00093  0.45186
   0.42411  0.00153  0.44758
   0.43810  0.00211  0.44214
   0.45208  0.00267  0.43798
   0.46604  0.00320  0.43334
   0.48000  0.00369  0.42869
   0.49396  0.00415  0.42426
   0.50792  0.00458  0.41911
   0.52188  0.00498  0.41467
   0.53584  0.00534  0.40951
   0.54980  0.00567  0.40560
   0.56377  0.00597  0.39928
   0.57773  0.00623  0.39649
   0.59169  0.00646  0.39073
   0.60566  0.00666  0.38541
   0.61962  0.00683  0.38087
   0.63358  0.00696  0.37643
   0.64755  0.00705  0.37050
   0.66151  0.00711  0.36634
   0.67547  0.00714  0.36014
   0.68944  0.00714  0.35539
   0.70340  0.00709  0.34883
   0.71736  0.00702  0.34388
   0.73132  0.00691  0.33886
   0.74529  0.00677  0.33189
   0.75925  0.00659  0.32553
   0.77322  0.00638  0.31939
   0.78720  0.00614  0.31093
   0.80117  0.00587  0.30686
   0.81515  0.00557  0.29658
   0.82913  0.00525  0.29249
   0.84311  0.00489  0.28249
   0.85710  0.00452  0.27582
   0.87108  0.00411  0.26830
   0.88507  0.00369  0.26017
   0.89906  0.00324  0.25135
   0.91304  0.00277  0.24271
   0.92701  0.00227  0.23449
   0.94099  0.00174  0.22414
   0.95493  0.00119  0.21433
   0.96883  0.00061  0.19989
   0.98228  0.00001  0.18844
   0.99426 -0.00052  0.17428
   1.00000 -0.00075  0.20944
