                                                
 Alfa =  10.00000 Re =  4000000.000 Xflap,Yflap =     0.000000    0.000000
#    x        y        Cp  
   1.00000  0.00000  0.43878
   0.99410  0.00148  0.36121
   0.98391  0.00440  0.25444
   0.97196  0.00800  0.14750
   0.95872  0.01186  0.07140
   0.94444  0.01580  0.01952
   0.92925  0.01982 -0.01471
   0.91333  0.02394 -0.04774
   0.89705  0.02814 -0.08288
   0.88069  0.03236 -0.11997
   0.86429  0.03661 -0.15847
   0.84785  0.04089 -0.19918
   0.83139  0.04518 -0.24147
   0.81492  0.04947 -0.28660
   0.79848  0.05375 -0.33338
   0.78208  0.05799 -0.38179
   0.76575  0.06220 -0.43320
   0.74950  0.06634 -0.48808
   0.73333  0.07041 -0.54495
   0.71726  0.07439 -0.60695
   0.70130  0.07825 -0.67183
   0.68550  0.08197 -0.74081
   0.66991  0.08550 -0.81396
   0.65456  0.08881 -0.88933
   0.63943  0.09187 -0.95947
   0.62444  0.09465 -1.02025
   0.60952  0.09717 -1.07516
   0.59458  0.09943 -1.12061
   0.57954  0.10144 -1.15580
   0.56436  0.10322 -1.18330
   0.54900  0.10479 -1.20787
   0.53349  0.10617 -1.23165
   0.51785  0.10736 -1.25788
   0.50215  0.10837 -1.28213
   0.48643  0.10921 -1.31191
   0.47073  0.10986 -1.34183
   0.45505  0.11032 -1.37054
   0.43935  0.11060 -1.39443
   0.42358  0.11069 -1.41703
   0.40775  0.11061 -1.44202
   0.39190  0.11036 -1.47024
   0.37607  0.10994 -1.50211
   0.36031  0.10936 -1.53456
   0.34459  0.10859 -1.56610
   0.32889  0.10764 -1.59946
   0.31324  0.10651 -1.63437
   0.29763  0.10520 -1.67000
   0.28210  0.10370 -1.70927
   0.26665  0.10200 -1.74858
   0.25127  0.10011 -1.78947
   0.23598  0.09801 -1.83255
   0.22080  0.09570 -1.87928
   0.20575  0.09318 -1.92875
   0.19086  0.09044 -1.98060
   0.17613  0.08747 -2.03729
   0.16159  0.08427 -2.09591
   0.14728  0.08083 -2.16215
   0.13324  0.07715 -2.23286
   0.11954  0.07323 -2.31022
   0.10625  0.06909 -2.39549
   0.09344  0.06472 -2.48587
   0.08121  0.06015 -2.58886
   0.06971  0.05545 -2.69750
   0.05916  0.05071 -2.82215
   0.04971  0.04605 -2.95163
   0.04136  0.04152 -3.08812
   0.03408  0.03718 -3.23141
   0.02793  0.03315 -3.37710
   0.02285  0.02951 -3.54933
   0.01866  0.02621 -3.71851
   0.01514  0.02317 -3.85918
   0.01214  0.02029 -3.96759
   0.00955  0.01754 -4.05471
   0.00731  0.01495 -4.14829
   0.00542  0.01255 -4.29663
   0.00383  0.01035 -4.68130
   0.00253  0.00833 -5.23182
   0.00152  0.00644 -5.72066
   0.00079  0.00461 -6.00438
   0.00032  0.00282 -6.00556
   0.00011  0.00101 -5.57281
   0.00016 -0.00082 -4.93631
   0.00046 -0.00263 -4.25017
   0.00106 -0.00439 -3.50089
   0.00198 -0.00606 -2.47856
   0.00328 -0.00762 -1.36348
   0.00495 -0.00909 -0.48705
   0.00703 -0.01053  0.11300
   0.00951 -0.01200  0.47988
   0.01235 -0.01356  0.68633
   0.01561 -0.01520  0.82315
   0.01933 -0.01691  0.91277
   0.02359 -0.01866  0.96751
   0.02856 -0.02047  0.99454
   0.03450 -0.02238  0.99938
   0.04174 -0.02444  0.98611
   0.05056 -0.02668  0.95811
   0.06093 -0.02901  0.91962
   0.07260 -0.03132  0.87611
   0.08550 -0.03357  0.83112
   0.09952 -0.03575  0.78661
   0.11432 -0.03781  0.74369
   0.12957 -0.03973  0.70414
   0.14510 -0.04150  0.66745
   0.16087 -0.04312  0.63363
   0.17682 -0.04462  0.60248
   0.19291 -0.04600  0.57380
   0.20910 -0.04726  0.54705
   0.22537 -0.04841  0.52215
   0.24171 -0.04947  0.49873
   0.25809 -0.05043  0.47667
   0.27452 -0.05130  0.45577
   0.29096 -0.05209  0.43630
   0.30745 -0.05279  0.41775
   0.32397 -0.05341  0.40035
   0.34053 -0.05395  0.38336
   0.35711 -0.05442  0.36733
   0.37370 -0.05482  0.35134
   0.39030 -0.05515  0.33579
   0.40688 -0.05541  0.32037
   0.42345 -0.05559  0.30575
   0.44001 -0.05570  0.29100
   0.45654 -0.05573  0.27687
   0.47304 -0.05568  0.26312
   0.48951 -0.05555  0.24919
   0.50595 -0.05532  0.23580
   0.52236 -0.05501  0.22223
   0.53873 -0.05460  0.20967
   0.55503 -0.05408  0.19621
   0.57126 -0.05346  0.18225
   0.58738 -0.05271  0.16939
   0.60333 -0.05183  0.15558
   0.61907 -0.05081  0.14268
   0.63459 -0.04961  0.13196
   0.64992 -0.04821  0.12418
   0.66512 -0.04658  0.12180
   0.68023 -0.04472  0.12305
   0.69525 -0.04262  0.12811
   0.71016 -0.04028  0.13915
   0.72498 -0.03769  0.15500
   0.73985 -0.03482  0.17748
   0.75498 -0.03165  0.21056
   0.77051 -0.02820  0.24738
   0.78632 -0.02456  0.28641
   0.80208 -0.02090  0.32477
   0.81757 -0.01739  0.35939
   0.83280 -0.01410  0.38730
   0.84784 -0.01107  0.40893
   0.86276 -0.00830  0.42829
   0.87756 -0.00580  0.44470
   0.89218 -0.00362  0.45938
   0.90659 -0.00175  0.47021
   0.92074 -0.00024  0.48145
   0.93455  0.00090  0.48878
   0.94791  0.00163  0.49323
   0.96070  0.00196  0.49512
   0.97278  0.00188  0.49082
   0.98395  0.00142  0.48484
   0.99400  0.00065  0.47560
   1.00000  0.00000  0.43878
