                                                
 Alfa =  10.00000 Re =  4000000.000 Xflap,Yflap =     0.000000    0.000000
#    x        y        Cp  
   1.00000  0.00200  0.35321
   0.99383  0.00337  0.21467
   0.98274  0.00581  0.14815
   0.96960  0.00870  0.09009
   0.95502  0.01190  0.04056
   0.93965  0.01526 -0.00734
   0.92390  0.01868 -0.05029
   0.90799  0.02211 -0.09037
   0.89205  0.02550 -0.13018
   0.87614  0.02884 -0.16820
   0.86028  0.03212 -0.20468
   0.84440  0.03532 -0.23453
   0.82841  0.03849 -0.26293
   0.81231  0.04164 -0.29193
   0.79617  0.04477 -0.32416
   0.78006  0.04786 -0.35809
   0.76397  0.05092 -0.39119
   0.74788  0.05394 -0.42653
   0.73180  0.05692 -0.46106
   0.71574  0.05986 -0.50025
   0.69972  0.06273 -0.53935
   0.68375  0.06555 -0.58115
   0.66782  0.06829 -0.62304
   0.65192  0.07096 -0.66735
   0.63607  0.07354 -0.71354
   0.62027  0.07602 -0.76312
   0.60456  0.07839 -0.81480
   0.58896  0.08062 -0.86839
   0.57350  0.08269 -0.92523
   0.55821  0.08459 -0.97982
   0.54305  0.08628 -1.03203
   0.52800  0.08775 -1.07600
   0.51299  0.08899 -1.11426
   0.49797  0.09002 -1.14550
   0.48288  0.09083 -1.16642
   0.46766  0.09143 -1.18167
   0.45228  0.09186 -1.19359
   0.43677  0.09212 -1.20816
   0.42117  0.09223 -1.22332
   0.40551  0.09219 -1.24031
   0.38983  0.09202 -1.25827
   0.37413  0.09171 -1.27922
   0.35841  0.09127 -1.30073
   0.34268  0.09070 -1.32529
   0.32695  0.09001 -1.35002
   0.31121  0.08918 -1.37836
   0.29548  0.08823 -1.40938
   0.27978  0.08716 -1.44359
   0.26411  0.08596 -1.48093
   0.24847  0.08463 -1.52357
   0.23287  0.08316 -1.56870
   0.21732  0.08156 -1.62154
   0.20185  0.07982 -1.68259
   0.18650  0.07795 -1.75234
   0.17128  0.07592 -1.83258
   0.15625  0.07373 -1.92450
   0.14144  0.07138 -2.03425
   0.12694  0.06886 -2.17118
   0.11294  0.06618 -2.33404
   0.09966  0.06335 -2.54756
   0.08730  0.06035 -2.78200
   0.07591  0.05715 -3.01578
   0.06549  0.05372 -3.23619
   0.05599  0.05008 -3.42356
   0.04737  0.04625 -3.56618
   0.03968  0.04233 -3.68800
   0.03293  0.03845 -3.81658
   0.02711  0.03469 -3.93311
   0.02216  0.03110 -4.03965
   0.01795  0.02771 -4.15949
   0.01440  0.02452 -4.25866
   0.01142  0.02155 -4.35323
   0.00893  0.01877 -4.46323
   0.00684  0.01616 -4.56359
   0.00510  0.01369 -4.63330
   0.00364  0.01135 -4.71178
   0.00244  0.00910 -4.86855
   0.00148  0.00695 -5.01675
   0.00077  0.00491 -5.11154
   0.00030  0.00297 -5.13121
   0.00005  0.00114 -5.08482
   0.00001 -0.00062 -5.34222
   0.00028 -0.00237 -5.75370
   0.00110 -0.00402 -3.79856
   0.00242 -0.00548 -1.63240
   0.00404 -0.00685 -0.63724
   0.00594 -0.00820 -0.05478
   0.00814 -0.00955  0.33658
   0.01068 -0.01091  0.59676
   0.01362 -0.01232  0.76440
   0.01702 -0.01380  0.87667
   0.02103 -0.01536  0.94736
   0.02577 -0.01702  0.98588
   0.03143 -0.01884  0.99969
   0.03827 -0.02083  0.99402
   0.04651 -0.02301  0.97265
   0.05634 -0.02537  0.93902
   0.06772 -0.02785  0.89764
   0.08042 -0.03037  0.85234
   0.09416 -0.03286  0.80640
   0.10861 -0.03527  0.76160
   0.12349 -0.03756  0.71886
   0.13864 -0.03971  0.67896
   0.15399 -0.04173  0.64175
   0.16949 -0.04363  0.60667
   0.18509 -0.04540  0.57370
   0.20077 -0.04705  0.54249
   0.21649 -0.04859  0.51302
   0.23224 -0.05001  0.48460
   0.24801 -0.05131  0.45795
   0.26381 -0.05250  0.43182
   0.27961 -0.05358  0.40717
   0.29543 -0.05454  0.38365
   0.31123 -0.05539  0.35976
   0.32701 -0.05612  0.33724
   0.34275 -0.05672  0.31547
   0.35846 -0.05720  0.29383
   0.37415 -0.05754  0.27359
   0.38979 -0.05774  0.25365
   0.40539 -0.05781  0.23282
   0.42091 -0.05771  0.21241
   0.43629 -0.05745  0.19319
   0.45146 -0.05701  0.17284
   0.46636 -0.05636  0.15486
   0.48100 -0.05547  0.14071
   0.49548 -0.05430  0.13440
   0.50993 -0.05283  0.13879
   0.52445 -0.05108  0.14566
   0.53917 -0.04905  0.16068
   0.55420 -0.04673  0.18205
   0.56959 -0.04417  0.20504
   0.58536 -0.04143  0.22852
   0.60138 -0.03859  0.24857
   0.61751 -0.03571  0.26610
   0.63363 -0.03284  0.28296
   0.64971 -0.03001  0.29688
   0.66574 -0.02722  0.30973
   0.68172 -0.02450  0.32166
   0.69764 -0.02186  0.33263
   0.71350 -0.01931  0.34334
   0.72929 -0.01685  0.35262
   0.74503 -0.01451  0.36032
   0.76075 -0.01228  0.36838
   0.77644 -0.01016  0.37554
   0.79211 -0.00817  0.38102
   0.80771 -0.00631  0.38889
   0.82324 -0.00460  0.39346
   0.83870 -0.00305  0.39954
   0.85408 -0.00167  0.40283
   0.86939 -0.00047  0.40779
   0.88460  0.00054  0.41002
   0.89968  0.00135  0.41136
   0.91461  0.00193  0.41244
   0.92934  0.00228  0.41057
   0.94378  0.00238  0.40743
   0.95779  0.00224  0.40201
   0.97106  0.00186  0.39332
   0.98320  0.00128  0.38273
   0.99383  0.00055  0.37689
   1.00000  0.00000  0.35321
