                                                
 Alfa =  10.00000 Re =  4000000.000 Xflap,Yflap =     0.000000    0.000000
#    x        y        Cp  
   1.00000 -0.00009  0.50007
   0.99459  0.00153  0.30408
   0.98599  0.00408  0.20676
   0.97672  0.00678  0.13584
   0.96668  0.00966  0.07720
   0.95581  0.01273  0.02141
   0.94402  0.01598 -0.03016
   0.93130  0.01941 -0.08075
   0.91773  0.02299 -0.13020
   0.90350  0.02664 -0.17907
   0.88892  0.03027 -0.22688
   0.87428  0.03381 -0.27222
   0.85974  0.03719 -0.31442
   0.84534  0.04042 -0.35376
   0.83101  0.04351 -0.38781
   0.81666  0.04649 -0.41960
   0.80223  0.04938 -0.44969
   0.78768  0.05220 -0.48084
   0.77304  0.05495 -0.51121
   0.75835  0.05763 -0.54748
   0.74366  0.06022 -0.58249
   0.72900  0.06272 -0.61829
   0.71438  0.06510 -0.65381
   0.69981  0.06736 -0.68869
   0.68528  0.06950 -0.72263
   0.67076  0.07153 -0.75476
   0.65625  0.07342 -0.78602
   0.64172  0.07518 -0.81446
   0.62713  0.07682 -0.83863
   0.61248  0.07834 -0.85969
   0.59775  0.07975 -0.88131
   0.58296  0.08107 -0.90353
   0.56813  0.08230 -0.92868
   0.55331  0.08344 -0.95943
   0.53854  0.08448 -0.99141
   0.52382  0.08541 -1.02494
   0.50915  0.08622 -1.05649
   0.49451  0.08689 -1.08458
   0.47988  0.08744 -1.11110
   0.46523  0.08785 -1.13474
   0.45055  0.08814 -1.16034
   0.43585  0.08830 -1.18280
   0.42113  0.08834 -1.20814
   0.40640  0.08827 -1.23393
   0.39167  0.08807 -1.25922
   0.37696  0.08775 -1.28658
   0.36225  0.08731 -1.31449
   0.34756  0.08675 -1.34423
   0.33289  0.08607 -1.37542
   0.31824  0.08525 -1.40623
   0.30362  0.08431 -1.44077
   0.28903  0.08323 -1.47546
   0.27447  0.08201 -1.51287
   0.25995  0.08064 -1.55277
   0.24547  0.07913 -1.59263
   0.23105  0.07745 -1.63468
   0.21670  0.07562 -1.67945
   0.20241  0.07362 -1.72660
   0.18819  0.07144 -1.77668
   0.17404  0.06908 -1.83031
   0.15995  0.06653 -1.89062
   0.14591  0.06378 -1.95819
   0.13194  0.06081 -2.03537
   0.11810  0.05761 -2.12084
   0.10446  0.05419 -2.22492
   0.09114  0.05057 -2.36656
   0.07829  0.04672 -2.53100
   0.06603  0.04263 -2.70593
   0.05448  0.03829 -2.88769
   0.04369  0.03372 -3.08588
   0.03381  0.02899 -3.32244
   0.02529  0.02438 -3.58695
   0.01838  0.02021 -3.91058
   0.01288  0.01653 -4.47628
   0.00859  0.01330 -5.49589
   0.00552  0.01046 -6.36294
   0.00341  0.00802 -6.93712
   0.00195  0.00588 -7.52210
   0.00094  0.00398 -8.29493
   0.00032  0.00225 -8.84731
   0.00002  0.00062 -8.85675
   0.00006 -0.00098 -7.70140
   0.00042 -0.00259 -5.97643
   0.00111 -0.00422 -4.35533
   0.00215 -0.00586 -2.98438
   0.00362 -0.00745 -1.72102
   0.00565 -0.00888 -0.56220
   0.00846 -0.01012  0.27936
   0.01242 -0.01116  0.74838
   0.01825 -0.01218  0.94020
   0.02810 -0.01363  0.99927
   0.04118 -0.01516  0.98185
   0.05458 -0.01643  0.94427
   0.06607 -0.01743  0.91104
   0.07677 -0.01830  0.88162
   0.08759 -0.01917  0.85422
   0.09911 -0.02009  0.82759
   0.11192 -0.02115  0.80060
   0.12636 -0.02242  0.77246
   0.14101 -0.02383  0.74521
   0.15539 -0.02536  0.71876
   0.17011 -0.02707  0.69114
   0.18482 -0.02897  0.66116
   0.19892 -0.03096  0.62588
   0.21264 -0.03299  0.58624
   0.22618 -0.03497  0.54388
   0.23969 -0.03681  0.50073
   0.25326 -0.03844  0.45960
   0.26694 -0.03977  0.42842
   0.28077 -0.04080  0.40407
   0.29475 -0.04155  0.38445
   0.30888 -0.04205  0.36921
   0.32316 -0.04233  0.35626
   0.33757 -0.04242  0.34554
   0.35208 -0.04231  0.33739
   0.36669 -0.04205  0.33021
   0.38137 -0.04164  0.32543
   0.39611 -0.04110  0.32070
   0.41091 -0.04046  0.31621
   0.42575 -0.03972  0.31326
   0.44063 -0.03889  0.30965
   0.45554 -0.03798  0.30812
   0.47047 -0.03701  0.30538
   0.48542 -0.03597  0.30374
   0.50038 -0.03486  0.30231
   0.51535 -0.03371  0.30108
   0.53033 -0.03250  0.30092
   0.54533 -0.03124  0.30096
   0.56035 -0.02994  0.30122
   0.57539 -0.02861  0.30255
   0.59045 -0.02724  0.30373
   0.60554 -0.02585  0.30465
   0.62067 -0.02444  0.30677
   0.63582 -0.02301  0.30726
   0.65097 -0.02156  0.31004
   0.66611 -0.02010  0.31260
   0.68120 -0.01863  0.31574
   0.69623 -0.01718  0.32087
   0.71118 -0.01575  0.32454
   0.72609 -0.01436  0.32844
   0.74101 -0.01302  0.33043
   0.75599 -0.01173  0.33076
   0.77107 -0.01047  0.32919
   0.78624 -0.00922  0.32975
   0.80141 -0.00797  0.33134
   0.81644 -0.00672  0.33681
   0.83119 -0.00550  0.34811
   0.84562 -0.00435  0.35822
   0.85982 -0.00334  0.36796
   0.87394 -0.00248  0.37266
   0.88826 -0.00182  0.37298
   0.90303 -0.00134  0.36402
   0.91811 -0.00100  0.35416
   0.93304 -0.00078  0.34466
   0.94801 -0.00061  0.33616
   0.96183 -0.00047  0.33624
   0.97408 -0.00035  0.34115
   0.98482 -0.00024  0.35346
   0.99428 -0.00015  0.38841
   1.00000 -0.00009  0.50007
