                                                
 Alfa =  10.00000 Re =  4000000.000 Xflap,Yflap =     0.000000    0.000000
#    x        y        Cp  
   1.00000  0.01910  0.84793
   0.99477  0.02278  0.55024
   0.98658  0.02818  0.33611
   0.97791  0.03345  0.16174
   0.96869  0.03856  0.01269
   0.95882  0.04351 -0.11773
   0.94821  0.04826 -0.22150
   0.93670  0.05282 -0.29415
   0.92417  0.05722 -0.33716
   0.91049  0.06153 -0.36248
   0.89565  0.06583 -0.38383
   0.87974  0.07015 -0.41308
   0.86295  0.07445 -0.44178
   0.84558  0.07865 -0.46940
   0.82794  0.08273 -0.49510
   0.81029  0.08666 -0.52135
   0.79281  0.09045 -0.55574
   0.77557  0.09411 -0.59947
   0.75859  0.09760 -0.64468
   0.74183  0.10091 -0.69223
   0.72523  0.10403 -0.73646
   0.70872  0.10695 -0.77860
   0.69218  0.10965 -0.81171
   0.67550  0.11216 -0.83452
   0.65858  0.11452 -0.85295
   0.64138  0.11675 -0.87041
   0.62388  0.11887 -0.88616
   0.60615  0.12091 -0.90520
   0.58834  0.12288 -0.93403
   0.57060  0.12475 -0.96999
   0.55305  0.12649 -1.00817
   0.53570  0.12809 -1.04732
   0.51853  0.12953 -1.08490
   0.50145  0.13080 -1.11820
   0.48431  0.13190 -1.14078
   0.46697  0.13285 -1.15846
   0.44933  0.13368 -1.17569
   0.43136  0.13443 -1.19523
   0.41311  0.13512 -1.22177
   0.39474  0.13579 -1.26275
   0.37647  0.13643 -1.32548
   0.35850  0.13699 -1.39914
   0.34091  0.13743 -1.47818
   0.32370  0.13772 -1.56053
   0.30681  0.13782 -1.64462
   0.29014  0.13771 -1.72299
   0.27356  0.13737 -1.79979
   0.25699  0.13681 -1.87609
   0.24042  0.13602 -1.96078
   0.22390  0.13500 -2.05179
   0.20751  0.13375 -2.15776
   0.19140  0.13229 -2.29433
   0.17573  0.13060 -2.46345
   0.16073  0.12865 -2.64439
   0.14658  0.12643 -2.84155
   0.13340  0.12394 -3.05561
   0.12117  0.12116 -3.25588
   0.10971  0.11803 -3.42390
   0.09882  0.11448 -3.53142
   0.08830  0.11044 -3.53926
   0.07811  0.10597 -3.51917
   0.06842  0.10122 -3.55580
   0.05946  0.09634 -3.60803
   0.05134  0.09138 -3.62343
   0.04405  0.08640 -3.57362
   0.03757  0.08150 -3.50816
   0.03187  0.07678 -3.44490
   0.02687  0.07228 -3.38811
   0.02252  0.06804 -3.33054
   0.01868  0.06399 -3.25339
   0.01527  0.06012 -3.15982
   0.01223  0.05647 -3.12243
   0.00956  0.05308 -3.18796
   0.00726  0.04998 -3.28503
   0.00531  0.04713 -3.40901
   0.00367  0.04450 -3.52643
   0.00231  0.04205 -3.65876
   0.00119  0.03975 -3.77772
   0.00030  0.03758 -3.89600
  -0.00038  0.03552 -3.97779
  -0.00086  0.03355 -4.01212
  -0.00114  0.03167 -3.96465
  -0.00121  0.02986 -3.81205
  -0.00108  0.02811 -3.51321
  -0.00072  0.02641 -3.04807
  -0.00012  0.02477 -2.42738
   0.00074  0.02316 -1.67149
   0.00187  0.02158 -0.97732
   0.00328  0.02004 -0.40856
   0.00497  0.01852  0.03118
   0.00696  0.01704  0.36183
   0.00927  0.01561  0.60256
   0.01191  0.01426  0.77029
   0.01487  0.01306  0.88614
   0.01822  0.01201  0.95514
   0.02202  0.01110  0.98943
   0.02641  0.01023  0.99984
   0.03151  0.00931  0.99568
   0.03746  0.00835  0.98085
   0.04432  0.00738  0.95766
   0.05214  0.00647  0.92933
   0.06107  0.00565  0.90023
   0.07130  0.00481  0.87111
   0.08278  0.00378  0.83431
   0.09499  0.00268  0.78690
   0.10767  0.00187  0.74722
   0.12110  0.00150  0.72077
   0.13570  0.00143  0.70267
   0.15178  0.00151  0.68773
   0.16912  0.00151  0.66680
   0.18706  0.00141  0.64470
   0.20509  0.00125  0.62260
   0.22308  0.00104  0.60166
   0.24107  0.00080  0.58117
   0.25908  0.00056  0.56178
   0.27713  0.00034  0.54307
   0.29523  0.00014  0.52532
   0.31339 -0.00000  0.50961
   0.33159 -0.00009  0.49542
   0.34982 -0.00013  0.48242
   0.36808 -0.00013  0.47053
   0.38634 -0.00007  0.46021
   0.40458  0.00003  0.45097
   0.42279  0.00016  0.44350
   0.44095  0.00031  0.43736
   0.45905  0.00045  0.43083
   0.47710  0.00055  0.42469
   0.49509  0.00060  0.41748
   0.51304  0.00058  0.40781
   0.53097  0.00049  0.39629
   0.54891  0.00036  0.38393
   0.56688  0.00022  0.37124
   0.58491  0.00009  0.35894
   0.60303 -0.00001  0.34751
   0.62128 -0.00007  0.33911
   0.63968 -0.00008  0.33087
   0.65821 -0.00007  0.32381
   0.67680 -0.00004  0.31631
   0.69534 -0.00001  0.30802
   0.71370  0.00002  0.29845
   0.73175  0.00004  0.28686
   0.74948  0.00010  0.27585
   0.76695  0.00020  0.26521
   0.78431  0.00037  0.25498
   0.80179  0.00063  0.24874
   0.81969  0.00100  0.24640
   0.83805  0.00145  0.24607
   0.85617  0.00190  0.24333
   0.87437  0.00231  0.23696
   0.89229  0.00261  0.22181
   0.90845  0.00277  0.17799
   0.92264  0.00301  0.12107
   0.93518  0.00357  0.07731
   0.94649  0.00457  0.06120
   0.95693  0.00606  0.08808
   0.96674  0.00804  0.15276
   0.97613  0.01047  0.24758
   0.98522  0.01333  0.37950
   0.99412  0.01664  0.56328
   1.00000  0.01910  0.84793
