                                                
 Alfa =  10.00000 Re =  4000000.000 Xflap,Yflap =     0.000000    0.000000
#    x        y        Cp  
   1.00000  0.00000  0.44604
   0.99385  0.00076  0.28944
   0.98406  0.00197  0.22031
   0.97347  0.00327  0.17660
   0.96198  0.00469  0.14027
   0.94945  0.00623  0.10933
   0.93573  0.00792  0.08015
   0.92071  0.00976  0.05287
   0.90438  0.01176  0.02571
   0.88689  0.01391 -0.00104
   0.86895  0.01610 -0.02658
   0.85126  0.01825 -0.04994
   0.83353  0.02039 -0.07276
   0.81557  0.02255 -0.09335
   0.79758  0.02469 -0.11219
   0.77987  0.02677 -0.12770
   0.76236  0.02884 -0.14150
   0.74498  0.03092 -0.15492
   0.72769  0.03304 -0.17104
   0.71046  0.03523 -0.18823
   0.69326  0.03750 -0.21259
   0.67608  0.03987 -0.24495
   0.65892  0.04230 -0.28069
   0.64175  0.04475 -0.31971
   0.62455  0.04719 -0.35976
   0.60732  0.04960 -0.39974
   0.59003  0.05193 -0.43554
   0.57266  0.05419 -0.46705
   0.55521  0.05637 -0.49720
   0.53768  0.05848 -0.52719
   0.52007  0.06053 -0.55636
   0.50240  0.06253 -0.58802
   0.48471  0.06448 -0.62185
   0.46701  0.06637 -0.65859
   0.44933  0.06819 -0.69624
   0.43170  0.06995 -0.73657
   0.41412  0.07162 -0.77785
   0.39662  0.07320 -0.82107
   0.37921  0.07469 -0.86566
   0.36188  0.07609 -0.91343
   0.34462  0.07739 -0.96198
   0.32739  0.07859 -1.01462
   0.31016  0.07970 -1.07079
   0.29286  0.08070 -1.12972
   0.27544  0.08161 -1.19396
   0.25798  0.08244 -1.26992
   0.24071  0.08320 -1.37198
   0.22391  0.08383 -1.49883
   0.20772  0.08427 -1.63953
   0.19212  0.08447 -1.79039
   0.17704  0.08440 -1.95244
   0.16251  0.08402 -2.11987
   0.14862  0.08331 -2.29810
   0.13548  0.08228 -2.49372
   0.12314  0.08089 -2.68457
   0.11152  0.07914 -2.85757
   0.10052  0.07701 -3.00558
   0.09004  0.07449 -3.09941
   0.08006  0.07163 -3.17277
   0.07072  0.06853 -3.26809
   0.06216  0.06528 -3.38086
   0.05439  0.06192 -3.46140
   0.04734  0.05844 -3.48140
   0.04094  0.05489 -3.45443
   0.03518  0.05136 -3.42953
   0.03006  0.04795 -3.42265
   0.02554  0.04470 -3.44891
   0.02158  0.04164 -3.56341
   0.01808  0.03869 -3.64106
   0.01499  0.03578 -3.63680
   0.01222  0.03290 -3.57249
   0.00976  0.03006 -3.49968
   0.00759  0.02733 -3.44320
   0.00571  0.02472 -3.40362
   0.00409  0.02224 -3.36908
   0.00271  0.01987 -3.34408
   0.00155  0.01761 -3.32253
   0.00058  0.01544 -3.28740
  -0.00019  0.01337 -3.24545
  -0.00077  0.01137 -3.18092
  -0.00118  0.00945 -3.06801
  -0.00140  0.00760 -2.92123
  -0.00144  0.00581 -2.67940
  -0.00129  0.00408 -2.36976
  -0.00094  0.00240 -1.96289
  -0.00037  0.00078 -1.46564
   0.00045 -0.00080 -0.90081
   0.00152 -0.00234 -0.35898
   0.00286 -0.00384  0.07193
   0.00447 -0.00531  0.39998
   0.00635 -0.00675  0.63698
   0.00853 -0.00815  0.79754
   0.01101 -0.00949  0.90250
   0.01378 -0.01075  0.96371
   0.01686 -0.01191  0.99300
   0.02030 -0.01295  0.99991
   0.02418 -0.01391  0.99228
   0.02862 -0.01487  0.97563
   0.03376 -0.01585  0.95242
   0.03980 -0.01688  0.92452
   0.04696 -0.01796  0.89341
   0.05545 -0.01916  0.85875
   0.06548 -0.02051  0.81953
   0.07716 -0.02196  0.77857
   0.09061 -0.02349  0.73848
   0.10586 -0.02512  0.69853
   0.12251 -0.02685  0.65787
   0.13981 -0.02859  0.61898
   0.15715 -0.03030  0.58167
   0.17435 -0.03194  0.54512
   0.19141 -0.03348  0.51059
   0.20839 -0.03487  0.47970
   0.22536 -0.03612  0.45277
   0.24241 -0.03724  0.42858
   0.25960 -0.03824  0.40678
   0.27698 -0.03914  0.38732
   0.29454 -0.03996  0.36892
   0.31222 -0.04072  0.34964
   0.32991 -0.04141  0.32979
   0.34753 -0.04203  0.31053
   0.36503 -0.04255  0.29220
   0.38241 -0.04298  0.27470
   0.39971 -0.04330  0.25904
   0.41698 -0.04350  0.24596
   0.43430 -0.04360  0.23440
   0.45171 -0.04360  0.22397
   0.46923 -0.04352  0.21413
   0.48688 -0.04336  0.20485
   0.50461 -0.04314  0.19506
   0.52239 -0.04285  0.18441
   0.54016 -0.04251  0.17371
   0.55788 -0.04209  0.16296
   0.57553 -0.04161  0.15248
   0.59310 -0.04104  0.14245
   0.61059 -0.04040  0.13297
   0.62800 -0.03967  0.12337
   0.64534 -0.03884  0.11560
   0.66263 -0.03791  0.10775
   0.67985 -0.03687  0.10126
   0.69701 -0.03571  0.09640
   0.71410 -0.03444  0.09372
   0.73113 -0.03305  0.09306
   0.74811 -0.03155  0.09370
   0.76509 -0.02994  0.09550
   0.78213 -0.02821  0.09831
   0.79931 -0.02638  0.10269
   0.81673 -0.02442  0.10869
   0.83446 -0.02233  0.11549
   0.85247 -0.02013  0.12363
   0.87054 -0.01785  0.13307
   0.88832 -0.01554  0.14309
   0.90539 -0.01328  0.15400
   0.92140 -0.01112  0.16594
   0.93619 -0.00910  0.17774
   0.94975 -0.00721  0.19207
   0.96218 -0.00546  0.20934
   0.97359 -0.00383  0.23038
   0.98412 -0.00232  0.25959
   0.99387 -0.00090  0.31043
   1.00000  0.00000  0.44604
