                                                
 Alfa =  10.00000 Re =  4000000.000 Xflap,Yflap =     0.000000    0.000000
#    x        y        Cp  
   1.00000  0.00000  0.41996
   0.99486  0.00196  0.09034
   0.98489  0.00479  0.08857
   0.97255  0.00799  0.05276
   0.95882  0.01144  0.02648
   0.94462  0.01502 -0.00587
   0.93029  0.01863 -0.03557
   0.91607  0.02223 -0.05825
   0.90194  0.02590 -0.08963
   0.88779  0.02966 -0.12385
   0.87365  0.03348 -0.16118
   0.85946  0.03738 -0.20223
   0.84520  0.04134 -0.24810
   0.83092  0.04533 -0.28780
   0.81672  0.04933 -0.33093
   0.80261  0.05335 -0.38141
   0.78848  0.05744 -0.44622
   0.77429  0.06157 -0.52303
   0.76023  0.06562 -0.61032
   0.74642  0.06949 -0.69781
   0.73277  0.07313 -0.77850
   0.71920  0.07653 -0.85504
   0.70567  0.07968 -0.91885
   0.69213  0.08256 -0.97298
   0.67848  0.08520 -1.00780
   0.66465  0.08764 -1.03502
   0.65064  0.08990 -1.06534
   0.63653  0.09201 -1.09600
   0.62241  0.09395 -1.13380
   0.60832  0.09572 -1.17258
   0.59427  0.09729 -1.21110
   0.58022  0.09866 -1.23943
   0.56615  0.09984 -1.26665
   0.55204  0.10083 -1.28744
   0.53790  0.10162 -1.30541
   0.52371  0.10224 -1.31615
   0.50943  0.10269 -1.32599
   0.49509  0.10299 -1.33504
   0.48070  0.10315 -1.34917
   0.46630  0.10318 -1.36434
   0.45191  0.10308 -1.38136
   0.43754  0.10284 -1.40003
   0.42316  0.10247 -1.41658
   0.40878  0.10196 -1.43320
   0.39439  0.10133 -1.45083
   0.38001  0.10056 -1.46997
   0.36564  0.09967 -1.48974
   0.35128  0.09864 -1.50942
   0.33693  0.09748 -1.53004
   0.32260  0.09619 -1.55242
   0.30828  0.09477 -1.57574
   0.29399  0.09322 -1.60083
   0.27972  0.09153 -1.62621
   0.26548  0.08970 -1.65567
   0.25128  0.08773 -1.68664
   0.23712  0.08562 -1.71956
   0.22302  0.08337 -1.75448
   0.20896  0.08095 -1.79153
   0.19494  0.07837 -1.83058
   0.18100  0.07564 -1.87838
   0.16714  0.07273 -1.92997
   0.15338  0.06965 -1.98527
   0.13972  0.06638 -2.04896
   0.12618  0.06291 -2.11995
   0.11280  0.05923 -2.20143
   0.09958  0.05533 -2.29425
   0.08658  0.05119 -2.40875
   0.07387  0.04681 -2.54921
   0.06158  0.04219 -2.71972
   0.04981  0.03732 -2.92120
   0.03876  0.03226 -3.17985
   0.02898  0.02725 -3.56762
   0.02094  0.02256 -3.96841
   0.01470  0.01841 -4.51424
   0.01012  0.01493 -5.21111
   0.00686  0.01202 -5.98010
   0.00450  0.00950 -6.69564
   0.00274  0.00719 -7.39409
   0.00147  0.00507 -8.00646
   0.00061  0.00317 -8.95221
   0.00013  0.00147-10.00890
   0.00000 -0.00013-10.02444
   0.00026 -0.00172 -8.62727
   0.00096 -0.00330 -6.70262
   0.00221 -0.00475 -3.66304
   0.00406 -0.00604 -1.38089
   0.00644 -0.00721 -0.25199
   0.00951 -0.00835  0.38979
   0.01358 -0.00960  0.72112
   0.01904 -0.01098  0.90302
   0.02649 -0.01246  0.98561
   0.03651 -0.01406  0.99839
   0.04858 -0.01564  0.97266
   0.06179 -0.01706  0.93234
   0.07566 -0.01830  0.88983
   0.08987 -0.01939  0.84883
   0.10422 -0.02036  0.81114
   0.11868 -0.02121  0.77696
   0.13325 -0.02197  0.74543
   0.14784 -0.02266  0.71640
   0.16247 -0.02328  0.69038
   0.17715 -0.02383  0.66611
   0.19184 -0.02433  0.64343
   0.20655 -0.02478  0.62262
   0.22128 -0.02518  0.60350
   0.23604 -0.02554  0.58520
   0.25080 -0.02586  0.56811
   0.26558 -0.02614  0.55194
   0.28037 -0.02639  0.53643
   0.29515 -0.02662  0.52197
   0.30993 -0.02681  0.50754
   0.32471 -0.02696  0.49508
   0.33952 -0.02708  0.48161
   0.35432 -0.02718  0.46992
   0.36911 -0.02725  0.45814
   0.38389 -0.02728  0.44696
   0.39871 -0.02728  0.43691
   0.41353 -0.02726  0.42577
   0.42833 -0.02722  0.41568
   0.44311 -0.02714  0.40593
   0.45790 -0.02703  0.39627
   0.47271 -0.02690  0.38768
   0.48751 -0.02673  0.37780
   0.50228 -0.02654  0.36864
   0.51705 -0.02630  0.36052
   0.53183 -0.02604  0.35257
   0.54660 -0.02574  0.34302
   0.56136 -0.02540  0.33582
   0.57609 -0.02502  0.32700
   0.59082 -0.02459  0.31903
   0.60552 -0.02412  0.31042
   0.62018 -0.02359  0.30365
   0.63481 -0.02299  0.29555
   0.64944 -0.02233  0.28889
   0.66405 -0.02160  0.28066
   0.67855 -0.02079  0.27183
   0.69289 -0.01986  0.26303
   0.70708 -0.01880  0.25930
   0.72114 -0.01755  0.25798
   0.73512 -0.01610  0.26509
   0.74911 -0.01444  0.27891
   0.76322 -0.01257  0.29966
   0.77752 -0.01053  0.32517
   0.79191 -0.00840  0.35569
   0.80622 -0.00631  0.38221
   0.82040 -0.00435  0.40395
   0.83447 -0.00259  0.41856
   0.84854 -0.00102  0.43091
   0.86264  0.00038  0.43984
   0.87670  0.00157  0.44909
   0.89070  0.00255  0.45688
   0.90464  0.00330  0.46274
   0.91852  0.00380  0.46634
   0.93236  0.00404  0.46853
   0.94610  0.00403  0.47212
   0.95957  0.00373  0.47340
   0.97257  0.00311  0.47425
   0.98455  0.00220  0.46584
   0.99462  0.00108  0.50726
   1.00000  0.00000  0.41996
