                                                
 Alfa =  10.00000 Re =  4000000.000 Xflap,Yflap =     0.000000    0.000000
#    x        y        Cp  
   1.00000  0.00000  0.42192
   0.99413  0.00190  0.31417
   0.98382  0.00550  0.19600
   0.97191  0.00975  0.07476
   0.95900  0.01418 -0.00985
   0.94533  0.01861 -0.07092
   0.93104  0.02303 -0.11605
   0.91628  0.02745 -0.15829
   0.90126  0.03186 -0.20149
   0.88612  0.03624 -0.24625
   0.87096  0.04056 -0.29075
   0.85579  0.04481 -0.33716
   0.84060  0.04899 -0.37975
   0.82537  0.05311 -0.42636
   0.81014  0.05716 -0.47442
   0.79495  0.06112 -0.52473
   0.77981  0.06498 -0.57632
   0.76475  0.06871 -0.62920
   0.74975  0.07230 -0.68262
   0.73481  0.07574 -0.73274
   0.71988  0.07902 -0.78237
   0.70495  0.08215 -0.82954
   0.69001  0.08511 -0.87363
   0.67505  0.08792 -0.91646
   0.66006  0.09058 -0.95858
   0.64505  0.09307 -0.99977
   0.63003  0.09540 -1.03930
   0.61500  0.09757 -1.07864
   0.59995  0.09956 -1.11528
   0.58488  0.10140 -1.15100
   0.56978  0.10307 -1.18557
   0.55467  0.10458 -1.21839
   0.53954  0.10592 -1.25140
   0.52441  0.10710 -1.28299
   0.50925  0.10811 -1.31168
   0.49406  0.10896 -1.34024
   0.47884  0.10965 -1.36770
   0.46359  0.11018 -1.39589
   0.44833  0.11057 -1.42550
   0.43308  0.11080 -1.45502
   0.41782  0.11087 -1.48498
   0.40257  0.11079 -1.51527
   0.38732  0.11056 -1.54780
   0.37208  0.11017 -1.57967
   0.35687  0.10963 -1.61508
   0.34169  0.10892 -1.65141
   0.32656  0.10805 -1.68816
   0.31146  0.10701 -1.72677
   0.29640  0.10579 -1.76465
   0.28139  0.10440 -1.80707
   0.26643  0.10283 -1.85075
   0.25156  0.10108 -1.89817
   0.23677  0.09913 -1.94582
   0.22207  0.09699 -1.99700
   0.20747  0.09463 -2.05041
   0.19299  0.09207 -2.10825
   0.17864  0.08928 -2.16985
   0.16445  0.08626 -2.23591
   0.15045  0.08301 -2.30757
   0.13667  0.07951 -2.38404
   0.12314  0.07576 -2.46731
   0.10992  0.07174 -2.55676
   0.09704  0.06747 -2.65676
   0.08462  0.06295 -2.76774
   0.07276  0.05821 -2.89017
   0.06162  0.05329 -3.02776
   0.05137  0.04829 -3.17613
   0.04217  0.04331 -3.33439
   0.03415  0.03850 -3.50139
   0.02736  0.03397 -3.69219
   0.02174  0.02980 -3.87484
   0.01713  0.02601 -4.06866
   0.01337  0.02256 -4.26666
   0.01030  0.01942 -4.44255
   0.00779  0.01655 -4.66948
   0.00573  0.01391 -4.92106
   0.00407  0.01146 -5.14803
   0.00275  0.00918 -5.33857
   0.00172  0.00705 -5.56275
   0.00093  0.00503 -5.81284
   0.00039  0.00313 -6.08192
   0.00008  0.00132 -6.33130
   0.00001 -0.00040 -6.72062
   0.00026 -0.00210 -8.04102
   0.00118 -0.00365 -4.61380
   0.00260 -0.00497 -1.98458
   0.00435 -0.00618 -0.79155
   0.00639 -0.00735 -0.10677
   0.00875 -0.00852  0.31136
   0.01151 -0.00971  0.58782
   0.01476 -0.01092  0.77082
   0.01863 -0.01219  0.88866
   0.02330 -0.01350  0.95943
   0.02899 -0.01488  0.99341
   0.03596 -0.01633  0.99924
   0.04449 -0.01786  0.98397
   0.05472 -0.01941  0.95387
   0.06660 -0.02093  0.91508
   0.07978 -0.02235  0.87351
   0.09389 -0.02363  0.83244
   0.10861 -0.02476  0.79410
   0.12371 -0.02577  0.75859
   0.13905 -0.02666  0.72620
   0.15454 -0.02744  0.69683
   0.17015 -0.02814  0.66955
   0.18584 -0.02875  0.64487
   0.20159 -0.02928  0.62165
   0.21739 -0.02975  0.60025
   0.23322 -0.03016  0.58059
   0.24907 -0.03052  0.56168
   0.26494 -0.03082  0.54359
   0.28083 -0.03107  0.52774
   0.29674 -0.03127  0.51175
   0.31266 -0.03142  0.49707
   0.32860 -0.03153  0.48257
   0.34454 -0.03160  0.46930
   0.36048 -0.03163  0.45563
   0.37641 -0.03162  0.44281
   0.39233 -0.03156  0.43107
   0.40824 -0.03145  0.41889
   0.42415 -0.03130  0.40757
   0.44004 -0.03110  0.39671
   0.45593 -0.03086  0.38505
   0.47180 -0.03056  0.37603
   0.48765 -0.03020  0.36439
   0.50347 -0.02979  0.35420
   0.51924 -0.02931  0.34420
   0.53494 -0.02876  0.33417
   0.55054 -0.02813  0.32444
   0.56604 -0.02739  0.31603
   0.58144 -0.02654  0.30921
   0.59678 -0.02556  0.30522
   0.61212 -0.02444  0.30397
   0.62749 -0.02319  0.30487
   0.64289 -0.02181  0.30693
   0.65834 -0.02031  0.31240
   0.67384 -0.01870  0.31713
   0.68939 -0.01698  0.32543
   0.70502 -0.01517  0.33480
   0.72072 -0.01328  0.34501
   0.73647 -0.01132  0.35759
   0.75223 -0.00934  0.37115
   0.76796 -0.00736  0.38575
   0.78361 -0.00544  0.39952
   0.79917 -0.00360  0.41204
   0.81461 -0.00188  0.42395
   0.82994 -0.00028  0.43426
   0.84517  0.00116  0.44537
   0.86028  0.00244  0.45494
   0.87527  0.00353  0.46427
   0.89010  0.00442  0.47290
   0.90472  0.00507  0.48038
   0.91909  0.00545  0.48844
   0.93313  0.00554  0.49291
   0.94676  0.00531  0.49606
   0.95986  0.00472  0.49615
   0.97227  0.00379  0.49033
   0.98375  0.00254  0.48129
   0.99398  0.00106  0.46674
   1.00000  0.00000  0.42192
