                                                
 Alfa =  10.00000 Re =  4000000.000 Xflap,Yflap =     0.000000    0.000000
#    x        y        Cp  
   1.00000  0.00000  0.23799
   0.99438  0.00039  0.21947
   0.98319  0.00136  0.16762
   0.97021  0.00267  0.12981
   0.95656  0.00418  0.09660
   0.94276  0.00583  0.06752
   0.92888  0.00756  0.03641
   0.91491  0.00937  0.00792
   0.90090  0.01123 -0.01897
   0.88686  0.01312 -0.04700
   0.87279  0.01503 -0.07279
   0.85870  0.01696 -0.09850
   0.84460  0.01890 -0.12532
   0.83050  0.02083 -0.14917
   0.81641  0.02276 -0.17665
   0.80234  0.02467 -0.20011
   0.78828  0.02656 -0.22450
   0.77424  0.02843 -0.24995
   0.76020  0.03027 -0.27449
   0.74616  0.03209 -0.29737
   0.73213  0.03387 -0.32167
   0.71811  0.03562 -0.34707
   0.70409  0.03733 -0.37000
   0.69008  0.03900 -0.39481
   0.67608  0.04063 -0.41816
   0.66207  0.04221 -0.44053
   0.64805  0.04375 -0.46485
   0.63403  0.04524 -0.48836
   0.62001  0.04669 -0.51210
   0.60600  0.04808 -0.53607
   0.59199  0.04943 -0.56110
   0.57798  0.05072 -0.58617
   0.56397  0.05196 -0.61026
   0.54996  0.05314 -0.63498
   0.53595  0.05426 -0.66056
   0.52195  0.05532 -0.68826
   0.50795  0.05632 -0.71353
   0.49396  0.05725 -0.74089
   0.47998  0.05811 -0.76831
   0.46600  0.05890 -0.79594
   0.45202  0.05961 -0.82290
   0.43805  0.06024 -0.85078
   0.42409  0.06080 -0.87946
   0.41013  0.06127 -0.90705
   0.39618  0.06165 -0.93677
   0.38223  0.06195 -0.96529
   0.36829  0.06216 -0.99358
   0.35434  0.06228 -1.02340
   0.34039  0.06231 -1.05393
   0.32645  0.06225 -1.08667
   0.31251  0.06210 -1.12112
   0.29859  0.06185 -1.15691
   0.28469  0.06150 -1.19475
   0.27082  0.06105 -1.23515
   0.25697  0.06048 -1.27693
   0.24314  0.05980 -1.32158
   0.22934  0.05900 -1.36849
   0.21556  0.05808 -1.41935
   0.20183  0.05702 -1.47497
   0.18816  0.05581 -1.53519
   0.17456  0.05446 -1.59989
   0.16101  0.05293 -1.66946
   0.14753  0.05122 -1.74342
   0.13412  0.04932 -1.82747
   0.12085  0.04722 -1.92429
   0.10773  0.04490 -2.03251
   0.09476  0.04233 -2.15659
   0.08195  0.03947 -2.29612
   0.06947  0.03633 -2.46795
   0.05748  0.03291 -2.67108
   0.04580  0.02910 -2.91313
   0.03464  0.02489 -3.23326
   0.02520  0.02077 -3.74210
   0.01764  0.01679 -4.21617
   0.01155  0.01294 -4.56871
   0.00721  0.00983 -5.46745
   0.00433  0.00744 -7.37271
   0.00246  0.00537 -8.69747
   0.00124  0.00344 -9.31402
   0.00049  0.00164-10.00765
   0.00017  0.00001-10.86172
   0.00026 -0.00144-10.79117
   0.00082 -0.00275 -7.15892
   0.00189 -0.00399 -3.42495
   0.00360 -0.00529 -1.14614
   0.00627 -0.00685  0.02790
   0.01058 -0.00896  0.62124
   0.01630 -0.01117  0.89806
   0.02278 -0.01315  0.98714
   0.03157 -0.01530  0.99571
   0.04381 -0.01769  0.95099
   0.05631 -0.01961  0.89449
   0.06879 -0.02118  0.84039
   0.08200 -0.02255  0.78907
   0.09563 -0.02372  0.74248
   0.10927 -0.02469  0.70187
   0.12292 -0.02550  0.66605
   0.13668 -0.02617  0.63425
   0.15056 -0.02674  0.60534
   0.16450 -0.02720  0.57957
   0.17846 -0.02757  0.55609
   0.19244 -0.02786  0.53497
   0.20646 -0.02807  0.51544
   0.22050 -0.02822  0.49796
   0.23458 -0.02832  0.48117
   0.24867 -0.02836  0.46608
   0.26277 -0.02836  0.45155
   0.27688 -0.02832  0.43813
   0.29100 -0.02823  0.42581
   0.30512 -0.02811  0.41379
   0.31926 -0.02795  0.40240
   0.33340 -0.02775  0.39210
   0.34755 -0.02753  0.38225
   0.36170 -0.02728  0.37189
   0.37585 -0.02699  0.36408
   0.39002 -0.02669  0.35432
   0.40418 -0.02635  0.34639
   0.41834 -0.02599  0.33863
   0.43251 -0.02561  0.33089
   0.44668 -0.02521  0.32363
   0.46084 -0.02478  0.31629
   0.47501 -0.02433  0.30989
   0.48918 -0.02386  0.30310
   0.50334 -0.02336  0.29677
   0.51750 -0.02284  0.29109
   0.53167 -0.02230  0.28477
   0.54582 -0.02173  0.28046
   0.55997 -0.02114  0.27454
   0.57412 -0.02052  0.26953
   0.58828 -0.01988  0.26620
   0.60244 -0.01922  0.26131
   0.61660 -0.01853  0.25886
   0.63076 -0.01782  0.25435
   0.64492 -0.01710  0.25178
   0.65908 -0.01635  0.24848
   0.67324 -0.01558  0.24699
   0.68740 -0.01479  0.24346
   0.70157 -0.01398  0.24299
   0.71576 -0.01316  0.24228
   0.72996 -0.01233  0.23940
   0.74416 -0.01149  0.24105
   0.75837 -0.01064  0.23804
   0.77258 -0.00979  0.24026
   0.78679 -0.00894  0.23724
   0.80099 -0.00809  0.23936
   0.81517 -0.00725  0.24057
   0.82934 -0.00642  0.23972
   0.84349 -0.00562  0.24097
   0.85763 -0.00484  0.24046
   0.87176 -0.00409  0.24219
   0.88587 -0.00338  0.24115
   0.89997 -0.00270  0.24252
   0.91403 -0.00208  0.24226
   0.92806 -0.00151  0.24289
   0.94207 -0.00100  0.24252
   0.95602 -0.00057  0.24241
   0.96980 -0.00023  0.24371
   0.98298 -0.00002  0.24449
   0.99435  0.00004  0.26248
   1.00000  0.00000  0.23799
