                                                
 Alfa =  10.00000 Re =  4000000.000 Xflap,Yflap =     0.000000    0.000000
#    x        y        Cp  
   1.00000  0.00000  0.14454
   0.99422  0.00040 -0.01968
   0.98137  0.00143  0.10776
   0.96822  0.00268  0.06709
   0.95465  0.00414  0.04704
   0.94122  0.00572  0.04211
   0.92774  0.00742 -0.00556
   0.91412  0.00921 -0.01368
   0.90050  0.01106 -0.02588
   0.88691  0.01295 -0.06366
   0.87333  0.01488 -0.07446
   0.85974  0.01685 -0.09204
   0.84614  0.01885 -0.13448
   0.83254  0.02088 -0.14070
   0.81894  0.02293 -0.16564
   0.80534  0.02500 -0.18210
   0.79174  0.02709 -0.20009
   0.77814  0.02919 -0.21600
   0.76453  0.03130 -0.26642
   0.75093  0.03342 -0.26338
   0.73733  0.03555 -0.27987
   0.72372  0.03768 -0.31473
   0.71012  0.03982 -0.33567
   0.69651  0.04197 -0.37389
   0.68290  0.04411 -0.39015
   0.66929  0.04625 -0.41458
   0.65569  0.04838 -0.45063
   0.64208  0.05050 -0.46429
   0.62848  0.05262 -0.49832
   0.61488  0.05472 -0.53316
   0.60128  0.05680 -0.55216
   0.58768  0.05887 -0.58240
   0.57409  0.06091 -0.62967
   0.56049  0.06293 -0.65541
   0.54690  0.06492 -0.70273
   0.53330  0.06688 -0.72942
   0.51971  0.06880 -0.78370
   0.50612  0.07067 -0.82342
   0.49253  0.07250 -0.86494
   0.47894  0.07426 -0.92175
   0.46537  0.07594 -0.96898
   0.45180  0.07754 -1.02609
   0.43824  0.07903 -1.07530
   0.42469  0.08041 -1.13578
   0.41113  0.08167 -1.18440
   0.39757  0.08280 -1.23955
   0.38401  0.08378 -1.29477
   0.37045  0.08462 -1.34246
   0.35689  0.08530 -1.40153
   0.34333  0.08582 -1.46014
   0.32978  0.08616 -1.50760
   0.31624  0.08633 -1.56219
   0.30270  0.08631 -1.61714
   0.28918  0.08609 -1.66500
   0.27568  0.08566 -1.71873
   0.26219  0.08502 -1.76575
   0.24873  0.08416 -1.80802
   0.23528  0.08308 -1.85283
   0.22186  0.08177 -1.89220
   0.20846  0.08024 -1.93059
   0.19508  0.07848 -1.96930
   0.18174  0.07649 -2.01131
   0.16844  0.07428 -2.05727
   0.15519  0.07183 -2.10904
   0.14201  0.06915 -2.16778
   0.12891  0.06621 -2.23234
   0.11591  0.06299 -2.30410
   0.10303  0.05949 -2.38429
   0.09025  0.05565 -2.47715
   0.07765  0.05147 -2.58456
   0.06537  0.04694 -2.70990
   0.05331  0.04196 -2.86290
   0.04134  0.03635 -3.05358
   0.03056  0.03053 -3.29574
   0.02042  0.02407 -3.63848
   0.01108  0.01665 -4.07446
   0.00600  0.01147 -4.80311
   0.00154  0.00471 -4.77900
   0.00006  0.00166 -7.45161
  -0.00024  0.00007-18.01307
   0.00032 -0.00082-11.16018
   0.00212 -0.00110 -0.19203
   0.00703  0.00000  0.96778
   0.01445  0.00382  0.98348
   0.01988  0.00611  0.96181
   0.02774  0.00909  0.91516
   0.03728  0.01298  0.87666
   0.04701  0.01716  0.85659
   0.05814  0.02178  0.83892
   0.06872  0.02593  0.82385
   0.08058  0.03039  0.81113
   0.09300  0.03489  0.80288
   0.10538  0.03920  0.79803
   0.11823  0.04343  0.79493
   0.13084  0.04730  0.79173
   0.14339  0.05088  0.78920
   0.15612  0.05422  0.78633
   0.16910  0.05731  0.78355
   0.18228  0.06013  0.78014
   0.19554  0.06266  0.77523
   0.20883  0.06489  0.77113
   0.22212  0.06682  0.76491
   0.23544  0.06848  0.75951
   0.24879  0.06989  0.75300
   0.26221  0.07107  0.74525
   0.27569  0.07204  0.73875
   0.28921  0.07282  0.73242
   0.30276  0.07341  0.72302
   0.31633  0.07382  0.71833
   0.32989  0.07406  0.70974
   0.34346  0.07412  0.70227
   0.35703  0.07402  0.69525
   0.37062  0.07377  0.68819
   0.38421  0.07337  0.67776
   0.39782  0.07284  0.67041
   0.41143  0.07218  0.65994
   0.42505  0.07141  0.65123
   0.43866  0.07052  0.64215
   0.45226  0.06952  0.63362
   0.46586  0.06842  0.62469
   0.47946  0.06721  0.61348
   0.49306  0.06591  0.60508
   0.50667  0.06452  0.59350
   0.52029  0.06306  0.57804
   0.53390  0.06153  0.57871
   0.54752  0.05994  0.55770
   0.56113  0.05830  0.55067
   0.57473  0.05660  0.53730
   0.58833  0.05484  0.53408
   0.60193  0.05304  0.51859
   0.61553  0.05119  0.50120
   0.62914  0.04930  0.49219
   0.64275  0.04738  0.48311
   0.65636  0.04544  0.46071
   0.66996  0.04346  0.45850
   0.68356  0.04147  0.43805
   0.69716  0.03944  0.42639
   0.71075  0.03740  0.41999
   0.72435  0.03533  0.40356
   0.73796  0.03325  0.39837
   0.75157  0.03116  0.37216
   0.76519  0.02906  0.35078
   0.77881  0.02697  0.34894
   0.79242  0.02487  0.33445
   0.80603  0.02278  0.31021
   0.81962  0.02069  0.29762
   0.83320  0.01861  0.27300
   0.84679  0.01657  0.24730
   0.86040  0.01455  0.24737
   0.87400  0.01256  0.22097
   0.88758  0.01060  0.19248
   0.90113  0.00871  0.18007
   0.91468  0.00690  0.14892
   0.92828  0.00517  0.10856
   0.94177  0.00358  0.09248
   0.95507  0.00221  0.04946
   0.96842  0.00116  0.02821
   0.98155  0.00053  0.06010
   0.99430  0.00020 -0.00274
   1.00000  0.00000  0.14454
