                                                
 Alfa =  10.00000 Re =  4000000.000 Xflap,Yflap =     0.000000    0.000000
#    x        y        Cp  
   1.00000  0.00000  0.41648
   0.99348  0.00193  0.30668
   0.98276  0.00548  0.12900
   0.97103  0.00936 -0.00571
   0.95846  0.01312 -0.08793
   0.94483  0.01675 -0.13651
   0.93000  0.02032 -0.15854
   0.91410  0.02395 -0.18164
   0.89745  0.02760 -0.20732
   0.88032  0.03125 -0.23439
   0.86283  0.03489 -0.26103
   0.84512  0.03852 -0.29024
   0.82729  0.04212 -0.32025
   0.80940  0.04568 -0.35067
   0.79146  0.04919 -0.38179
   0.77350  0.05267 -0.41379
   0.75552  0.05610 -0.44659
   0.73755  0.05947 -0.48064
   0.71959  0.06279 -0.51546
   0.70163  0.06606 -0.55161
   0.68370  0.06926 -0.58857
   0.66580  0.07240 -0.62814
   0.64794  0.07546 -0.66758
   0.63012  0.07843 -0.70861
   0.61232  0.08133 -0.75123
   0.59454  0.08413 -0.79440
   0.57680  0.08684 -0.84034
   0.55912  0.08945 -0.88783
   0.54149  0.09194 -0.93726
   0.52391  0.09432 -0.98821
   0.50639  0.09657 -1.04051
   0.48892  0.09868 -1.09477
   0.47151  0.10066 -1.15197
   0.45416  0.10248 -1.21062
   0.43690  0.10414 -1.27225
   0.41973  0.10563 -1.33706
   0.40265  0.10694 -1.40359
   0.38568  0.10806 -1.47230
   0.36882  0.10897 -1.54431
   0.35207  0.10966 -1.61886
   0.33548  0.11013 -1.69798
   0.31907  0.11036 -1.77996
   0.30285  0.11032 -1.86275
   0.28683  0.11001 -1.94652
   0.27099  0.10942 -2.02841
   0.25535  0.10852 -2.11163
   0.23991  0.10731 -2.19358
   0.22470  0.10577 -2.27196
   0.20971  0.10391 -2.34854
   0.19495  0.10170 -2.42071
   0.18041  0.09914 -2.48566
   0.16610  0.09623 -2.54404
   0.15202  0.09297 -2.60126
   0.13826  0.08937 -2.66174
   0.12489  0.08547 -2.72218
   0.11199  0.08128 -2.78196
   0.09965  0.07685 -2.84082
   0.08797  0.07223 -2.90495
   0.07706  0.06749 -2.97110
   0.06705  0.06272 -3.03943
   0.05800  0.05801 -3.10993
   0.04993  0.05343 -3.17805
   0.04280  0.04902 -3.24129
   0.03653  0.04482 -3.30682
   0.03107  0.04086 -3.36596
   0.02634  0.03715 -3.44776
   0.02226  0.03370 -3.53429
   0.01872  0.03046 -3.60326
   0.01564  0.02739 -3.65468
   0.01294  0.02445 -3.68269
   0.01056  0.02165 -3.70155
   0.00848  0.01898 -3.72925
   0.00666  0.01646 -3.78445
   0.00508  0.01408 -3.93434
   0.00374  0.01183 -4.14501
   0.00262  0.00968 -4.31084
   0.00171  0.00759 -4.40344
   0.00101  0.00554 -4.39879
   0.00051  0.00350 -4.32093
   0.00021  0.00146 -4.20050
   0.00013 -0.00053 -4.00399
   0.00030 -0.00248 -3.70082
   0.00075 -0.00436 -3.15540
   0.00153 -0.00617 -2.24623
   0.00263 -0.00793 -1.34838
   0.00404 -0.00968 -0.63273
   0.00576 -0.01144 -0.10420
   0.00774 -0.01323  0.24771
   0.00996 -0.01505  0.48494
   0.01244 -0.01691  0.65855
   0.01519 -0.01879  0.78692
   0.01826 -0.02069  0.87761
   0.02168 -0.02265  0.93861
   0.02554 -0.02467  0.97695
   0.02991 -0.02677  0.99624
   0.03491 -0.02897  0.99937
   0.04064 -0.03127  0.98847
   0.04721 -0.03364  0.96551
   0.05467 -0.03607  0.93270
   0.06313 -0.03851  0.89207
   0.07267 -0.04094  0.84583
   0.08333 -0.04330  0.79616
   0.09504 -0.04552  0.74481
   0.10767 -0.04755  0.69436
   0.12106 -0.04932  0.64608
   0.13508 -0.05079  0.60119
   0.14960 -0.05195  0.56109
   0.16455 -0.05278  0.52552
   0.17987 -0.05329  0.49454
   0.19551 -0.05350  0.46815
   0.21142 -0.05341  0.44569
   0.22758 -0.05303  0.42761
   0.24398 -0.05239  0.41279
   0.26061 -0.05151  0.40134
   0.27746 -0.05039  0.39237
   0.29450 -0.04907  0.38583
   0.31172 -0.04757  0.38134
   0.32912 -0.04589  0.37914
   0.34670 -0.04406  0.37833
   0.36449 -0.04211  0.37895
   0.38248 -0.04005  0.38061
   0.40068 -0.03790  0.38314
   0.41902 -0.03571  0.38487
   0.43744 -0.03351  0.38658
   0.45586 -0.03130  0.38830
   0.47427 -0.02911  0.38968
   0.49263 -0.02694  0.39111
   0.51094 -0.02481  0.39277
   0.52922 -0.02272  0.39371
   0.54746 -0.02067  0.39484
   0.56568 -0.01867  0.39576
   0.58388 -0.01673  0.39687
   0.60203 -0.01484  0.39788
   0.62016 -0.01301  0.39916
   0.63825 -0.01125  0.39994
   0.65632 -0.00956  0.40094
   0.67436 -0.00794  0.40168
   0.69236 -0.00640  0.40255
   0.71034 -0.00494  0.40338
   0.72828 -0.00357  0.40405
   0.74620 -0.00229  0.40463
   0.76409 -0.00109  0.40563
   0.78193 -0.00000  0.40623
   0.79965  0.00098  0.40737
   0.81720  0.00185  0.40861
   0.83464  0.00258  0.40866
   0.85206  0.00318  0.40819
   0.86930  0.00366  0.40798
   0.88584  0.00402  0.41307
   0.90131  0.00419  0.41779
   0.91584  0.00412  0.40952
   0.92953  0.00392  0.39278
   0.94189  0.00383  0.40230
   0.95246  0.00381  0.45575
   0.96154  0.00341  0.48456
   0.96972  0.00239  0.39486
   0.97755  0.00136  0.26321
   0.98548  0.00100  0.35682
   0.99386  0.00068  0.46999
   1.00000  0.00000  0.41648
