                                                
 Alfa =  10.00000 Re =  4000000.000 Xflap,Yflap =     0.000000    0.000000
#    x        y        Cp  
   1.00000  0.00000  0.28538
   0.99419  0.00068  0.24324
   0.98269  0.00227  0.16869
   0.96967  0.00429  0.10283
   0.95607  0.00650  0.04468
   0.94235  0.00876 -0.00689
   0.92865  0.01097 -0.05078
   0.91501  0.01312 -0.08855
   0.90140  0.01519 -0.12328
   0.88777  0.01719 -0.15091
   0.87411  0.01910 -0.17210
   0.86039  0.02097 -0.19557
   0.84663  0.02279 -0.21378
   0.83284  0.02457 -0.23372
   0.81905  0.02631 -0.25545
   0.80524  0.02802 -0.27557
   0.79144  0.02970 -0.29704
   0.77763  0.03135 -0.31730
   0.76382  0.03296 -0.33964
   0.75002  0.03454 -0.35914
   0.73621  0.03607 -0.38318
   0.72241  0.03757 -0.40392
   0.70861  0.03902 -0.42615
   0.69482  0.04043 -0.44880
   0.68103  0.04178 -0.47002
   0.66724  0.04308 -0.49185
   0.65345  0.04433 -0.51419
   0.63967  0.04552 -0.53543
   0.62589  0.04664 -0.55669
   0.61211  0.04770 -0.57606
   0.59832  0.04870 -0.59688
   0.58454  0.04964 -0.61582
   0.57075  0.05050 -0.63473
   0.55696  0.05131 -0.65426
   0.54316  0.05204 -0.67072
   0.52935  0.05272 -0.68977
   0.51554  0.05333 -0.70535
   0.50171  0.05388 -0.72332
   0.48788  0.05437 -0.74119
   0.47404  0.05481 -0.75939
   0.46020  0.05519 -0.77737
   0.44636  0.05551 -0.79714
   0.43251  0.05578 -0.81698
   0.41867  0.05600 -0.83694
   0.40482  0.05616 -0.85847
   0.39097  0.05626 -0.88063
   0.37712  0.05632 -0.90462
   0.36327  0.05631 -0.92855
   0.34943  0.05625 -0.95502
   0.33559  0.05614 -0.98303
   0.32176  0.05596 -1.01412
   0.30794  0.05573 -1.04543
   0.29413  0.05542 -1.07915
   0.28033  0.05505 -1.11436
   0.26653  0.05461 -1.15370
   0.25275  0.05409 -1.19470
   0.23898  0.05350 -1.24174
   0.22524  0.05282 -1.29192
   0.21153  0.05206 -1.34891
   0.19785  0.05119 -1.40933
   0.18419  0.05021 -1.47936
   0.17060  0.04911 -1.55640
   0.15708  0.04788 -1.64877
   0.14368  0.04648 -1.74728
   0.13041  0.04489 -1.85323
   0.11726  0.04307 -1.96566
   0.10423  0.04100 -2.08383
   0.09132  0.03864 -2.20952
   0.07852  0.03599 -2.35550
   0.06589  0.03303 -2.54346
   0.05354  0.02973 -2.78053
   0.04171  0.02611 -3.09900
   0.03062  0.02217 -3.58080
   0.02086  0.01800 -4.26717
   0.01354  0.01412 -5.03138
   0.00846  0.01082 -5.95965
   0.00492  0.00797 -7.57960
   0.00263  0.00549 -8.64964
   0.00121  0.00337 -9.69516
   0.00039  0.00158-11.56237
   0.00006  0.00004-13.47813
   0.00020 -0.00133-12.25049
   0.00087 -0.00262 -7.01292
   0.00210 -0.00395 -3.16626
   0.00416 -0.00545 -0.97932
   0.00767 -0.00734  0.20117
   0.01356 -0.00946  0.80901
   0.02055 -0.01140  0.96797
   0.02966 -0.01343  0.99931
   0.04181 -0.01538  0.96294
   0.05458 -0.01687  0.91037
   0.06747 -0.01807  0.85872
   0.08087 -0.01909  0.81061
   0.09452 -0.01995  0.76739
   0.10818 -0.02067  0.72946
   0.12185 -0.02128  0.69569
   0.13559 -0.02180  0.66555
   0.14940 -0.02224  0.63795
   0.16323 -0.02262  0.61284
   0.17707 -0.02294  0.59015
   0.19092 -0.02320  0.56911
   0.20479 -0.02341  0.55020
   0.21868 -0.02358  0.53235
   0.23258 -0.02372  0.51568
   0.24649 -0.02382  0.49983
   0.26039 -0.02389  0.48466
   0.27430 -0.02392  0.47133
   0.28821 -0.02393  0.45849
   0.30214 -0.02390  0.44600
   0.31607 -0.02385  0.43475
   0.33001 -0.02378  0.42397
   0.34395 -0.02369  0.41275
   0.35789 -0.02357  0.40285
   0.37183 -0.02344  0.39306
   0.38577 -0.02329  0.38356
   0.39972 -0.02312  0.37475
   0.41366 -0.02293  0.36588
   0.42760 -0.02272  0.35734
   0.44155 -0.02249  0.34944
   0.45550 -0.02224  0.34185
   0.46944 -0.02198  0.33407
   0.48339 -0.02170  0.32687
   0.49734 -0.02141  0.31955
   0.51128 -0.02110  0.31273
   0.52523 -0.02077  0.30683
   0.53917 -0.02042  0.29864
   0.55312 -0.02006  0.29289
   0.56706 -0.01968  0.28759
   0.58100 -0.01928  0.27965
   0.59494 -0.01886  0.27448
   0.60887 -0.01842  0.26842
   0.62279 -0.01796  0.26240
   0.63671 -0.01747  0.25639
   0.65062 -0.01696  0.25226
   0.66452 -0.01642  0.24633
   0.67840 -0.01584  0.24220
   0.69229 -0.01523  0.23889
   0.70617 -0.01459  0.23589
   0.72006 -0.01391  0.23312
   0.73395 -0.01320  0.23171
   0.74784 -0.01245  0.22966
   0.76174 -0.01168  0.23026
   0.77565 -0.01088  0.22880
   0.78956 -0.01006  0.22993
   0.80348 -0.00922  0.23042
   0.81740 -0.00836  0.23172
   0.83135 -0.00748  0.23470
   0.84531 -0.00660  0.23586
   0.85927 -0.00571  0.24017
   0.87321 -0.00484  0.24335
   0.88711 -0.00398  0.24823
   0.90098 -0.00316  0.25257
   0.91484 -0.00237  0.25766
   0.92865 -0.00165  0.26298
   0.94237 -0.00100  0.26835
   0.95603 -0.00046  0.27597
   0.96958 -0.00005  0.28182
   0.98257  0.00017  0.29448
   0.99415  0.00014  0.30262
   1.00001  0.00000  0.28538
