                                                
 Alfa =  10.00000 Re =  4000000.000 Xflap,Yflap =     0.000000    0.000000
#    x        y        Cp  
   1.00000  0.00000  0.39242
   0.99403  0.00186  0.02493
   0.98313  0.00427  0.03962
   0.96994  0.00685  0.01527
   0.95575  0.00947 -0.00016
   0.94117  0.01216 -0.02955
   0.92654  0.01482 -0.05133
   0.91187  0.01748 -0.06802
   0.89719  0.02016 -0.08989
   0.88252  0.02287 -0.11301
   0.86784  0.02560 -0.13681
   0.85317  0.02834 -0.16163
   0.83852  0.03107 -0.17876
   0.82394  0.03381 -0.20256
   0.80939  0.03658 -0.23451
   0.79485  0.03930 -0.25278
   0.78035  0.04200 -0.26214
   0.76588  0.04478 -0.29401
   0.75138  0.04758 -0.33179
   0.73685  0.05035 -0.35159
   0.72231  0.05310 -0.36644
   0.70779  0.05590 -0.40226
   0.69328  0.05871 -0.44090
   0.67877  0.06145 -0.46025
   0.66428  0.06419 -0.47597
   0.64984  0.06700 -0.51792
   0.63543  0.06982 -0.57322
   0.62102  0.07257 -0.60821
   0.60655  0.07525 -0.62253
   0.59210  0.07798 -0.66107
   0.57772  0.08074 -0.72916
   0.56339  0.08342 -0.78900
   0.54902  0.08596 -0.80996
   0.53456  0.08848 -0.83191
   0.52013  0.09106 -0.90450
   0.50583  0.09359 -0.99385
   0.49156  0.09596 -1.04476
   0.47716  0.09820 -1.06256
   0.46269  0.10047 -1.12029
   0.44838  0.10276 -1.24379
   0.43421  0.10490 -1.36505
   0.41989  0.10680 -1.42868
   0.40526  0.10855 -1.48941
   0.39070  0.11020 -1.62368
   0.37660  0.11158 -1.78340
   0.36270  0.11255 -1.86161
   0.34843  0.11314 -1.86666
   0.33383  0.11352 -1.93434
   0.31963  0.11370 -2.09404
   0.30590  0.11346 -2.18841
   0.29194  0.11270 -2.13373
   0.27738  0.11161 -2.10578
   0.26302  0.11041 -2.24907
   0.24938  0.10890 -2.35449
   0.23581  0.10685 -2.24740
   0.22173  0.10445 -2.16288
   0.20778  0.10204 -2.32230
   0.19454  0.09941 -2.44155
   0.18143  0.09622 -2.26936
   0.16795  0.09278 -2.19468
   0.15483  0.08948 -2.46466
   0.14241  0.08586 -2.53844
   0.12997  0.08161 -2.25504
   0.11735  0.07736 -2.35202
   0.10546  0.07326 -2.73532
   0.09413  0.06852 -2.49033
   0.08260  0.06341 -2.30108
   0.07155  0.05873 -2.89396
   0.06133  0.05355 -2.85147
   0.05094  0.04752 -2.46843
   0.04094  0.04184 -3.13286
   0.03205  0.03574 -2.87840
   0.02347  0.02939 -2.84107
   0.01628  0.02392 -3.74886
   0.01083  0.01881 -3.96437
   0.00709  0.01459 -4.35810
   0.00465  0.01121 -4.69917
   0.00298  0.00825 -4.46908
   0.00175  0.00564 -4.25567
   0.00079  0.00348 -5.06942
   0.00015  0.00171 -7.62787
  -0.00002  0.00015 -9.24473
   0.00043 -0.00139 -5.30919
   0.00139 -0.00311 -2.62833
   0.00272 -0.00504 -1.57985
   0.00451 -0.00710 -0.73672
   0.00694 -0.00922 -0.04882
   0.01035 -0.01135  0.49330
   0.01536 -0.01342  0.84800
   0.02257 -0.01591  0.97163
   0.03175 -0.01853  0.99990
   0.04295 -0.02118  0.97836
   0.05454 -0.02362  0.93530
   0.06624 -0.02548  0.90574
   0.07806 -0.02778  0.85100
   0.08986 -0.02970  0.80162
   0.10215 -0.03112  0.78911
   0.11478 -0.03295  0.73705
   0.12743 -0.03465  0.68213
   0.14044 -0.03582  0.67561
   0.15387 -0.03712  0.64767
   0.16734 -0.03857  0.59006
   0.18091 -0.03966  0.56677
   0.19484 -0.04053  0.55993
   0.20891 -0.04156  0.51955
   0.22283 -0.04248  0.47516
   0.23687 -0.04306  0.46424
   0.25127 -0.04349  0.45519
   0.26571 -0.04398  0.41980
   0.27994 -0.04433  0.38589
   0.29426 -0.04437  0.37585
   0.30894 -0.04425  0.36885
   0.32367 -0.04409  0.34265
   0.33811 -0.04379  0.31475
   0.35241 -0.04322  0.30308
   0.36685 -0.04239  0.29796
   0.38137 -0.04138  0.28906
   0.39573 -0.04016  0.27960
   0.40997 -0.03868  0.28317
   0.42434 -0.03693  0.29752
   0.43894 -0.03500  0.31163
   0.45363 -0.03297  0.31933
   0.46826 -0.03086  0.32958
   0.48282 -0.02868  0.34549
   0.49739 -0.02647  0.35976
   0.51203 -0.02433  0.36719
   0.52677 -0.02222  0.37019
   0.54152 -0.02012  0.37720
   0.55618 -0.01804  0.38780
   0.57079 -0.01605  0.39522
   0.58547 -0.01415  0.39635
   0.60022 -0.01230  0.40000
   0.61495 -0.01051  0.40539
   0.62959 -0.00882  0.41076
   0.64424 -0.00724  0.41069
   0.65900 -0.00573  0.41067
   0.67374 -0.00429  0.41462
   0.68838 -0.00295  0.41917
   0.70301 -0.00175  0.41666
   0.71779 -0.00065  0.41203
   0.73260  0.00040  0.41519
   0.74727  0.00136  0.41767
   0.76192  0.00217  0.41454
   0.77671  0.00288  0.40903
   0.79150  0.00354  0.40978
   0.80617  0.00408  0.41068
   0.82090  0.00449  0.40305
   0.83575  0.00482  0.40031
   0.85047  0.00509  0.40248
   0.86511  0.00521  0.39817
   0.87986  0.00520  0.39151
   0.89459  0.00510  0.38951
   0.90926  0.00487  0.38440
   0.92396  0.00452  0.37841
   0.93859  0.00404  0.37387
   0.95314  0.00341  0.37024
   0.96742  0.00261  0.36309
   0.98112  0.00160  0.35045
   0.99322  0.00045  0.26799
   1.00000  0.00000  0.39242
