                                                
 Alfa =  10.00000 Re =  4000000.000 Xflap,Yflap =     0.000000    0.000000
#    x        y        Cp  
   1.00000  0.00700  0.50797
   0.99521  0.00821  0.29193
   0.98725  0.01016  0.18825
   0.97813  0.01233  0.11058
   0.96755  0.01474  0.04889
   0.95525  0.01741 -0.01262
   0.94151  0.02021 -0.05600
   0.92795  0.02284 -0.08661
   0.91438  0.02537 -0.11577
   0.90043  0.02792 -0.13820
   0.88641  0.03047 -0.17411
   0.87264  0.03295 -0.20320
   0.85898  0.03537 -0.24550
   0.84533  0.03774 -0.27651
   0.83160  0.04005 -0.31169
   0.81774  0.04229 -0.34406
   0.80373  0.04445 -0.37974
   0.78958  0.04649 -0.40093
   0.77533  0.04843 -0.42020
   0.76101  0.05026 -0.43499
   0.74666  0.05200 -0.45188
   0.73231  0.05366 -0.45986
   0.71795  0.05526 -0.47499
   0.70359  0.05682 -0.48740
   0.68925  0.05834 -0.50600
   0.67492  0.05983 -0.52509
   0.66059  0.06129 -0.54765
   0.64627  0.06272 -0.56895
   0.63195  0.06409 -0.59173
   0.61762  0.06543 -0.61675
   0.60330  0.06671 -0.64053
   0.58897  0.06794 -0.66728
   0.57464  0.06911 -0.69195
   0.56032  0.07021 -0.71651
   0.54599  0.07124 -0.74516
   0.53167  0.07219 -0.76756
   0.51736  0.07306 -0.79449
   0.50304  0.07384 -0.81805
   0.48873  0.07454 -0.83952
   0.47441  0.07514 -0.85903
   0.46009  0.07566 -0.87765
   0.44576  0.07610 -0.89850
   0.43142  0.07646 -0.91607
   0.41707  0.07675 -0.93291
   0.40271  0.07697 -0.95562
   0.38834  0.07712 -0.97344
   0.37394  0.07722 -0.99576
   0.35953  0.07726 -1.01727
   0.34510  0.07726 -1.04208
   0.33066  0.07721 -1.07244
   0.31622  0.07713 -1.10412
   0.30178  0.07702 -1.14411
   0.28736  0.07687 -1.19499
   0.27298  0.07668 -1.25677
   0.25864  0.07642 -1.32216
   0.24434  0.07605 -1.39262
   0.23010  0.07557 -1.46605
   0.21590  0.07493 -1.54341
   0.20173  0.07411 -1.62009
   0.18759  0.07310 -1.69074
   0.17346  0.07190 -1.76271
   0.15933  0.07051 -1.84584
   0.14518  0.06895 -1.95900
   0.13103  0.06718 -2.11733
   0.11698  0.06510 -2.29161
   0.10319  0.06264 -2.46362
   0.08987  0.05977 -2.58980
   0.07684  0.05650 -2.72238
   0.06352  0.05267 -2.99615
   0.05057  0.04822 -3.27860
   0.04024  0.04394 -3.43039
   0.03232  0.04016 -3.58276
   0.02406  0.03565 -3.73193
   0.01637  0.03092 -3.66751
   0.00875  0.02615 -4.90385
   0.00528  0.02381 -6.65295
   0.00314  0.02215 -8.70032
   0.00169  0.02080-11.52316
   0.00072  0.01963-15.56386
   0.00014  0.01858-20.98928
  -0.00007  0.01762-25.60556
   0.00010  0.01671-20.98532
   0.00068  0.01584-11.18898
   0.00169  0.01497 -5.27411
   0.00323  0.01406 -2.19390
   0.00551  0.01303 -0.54010
   0.00928  0.01163  0.40807
   0.01774  0.00845  0.87028
   0.02712  0.00477  0.98612
   0.03498  0.00265  0.99635
   0.04368  0.00115  0.96075
   0.05576  0.00019  0.89464
   0.06963  0.00027  0.83998
   0.08350  0.00096  0.80473
   0.09739  0.00183  0.77807
   0.11169  0.00271  0.75439
   0.12590  0.00349  0.73337
   0.14024  0.00414  0.71391
   0.15449  0.00464  0.69412
   0.16865  0.00499  0.67348
   0.18285  0.00524  0.65122
   0.19718  0.00546  0.63148
   0.21160  0.00569  0.61339
   0.22600  0.00593  0.59962
   0.24037  0.00619  0.58604
   0.25475  0.00643  0.57521
   0.26917  0.00666  0.56404
   0.28361  0.00684  0.55335
   0.29800  0.00698  0.54414
   0.31237  0.00707  0.53136
   0.32671  0.00710  0.52008
   0.34106  0.00709  0.50708
   0.35542  0.00707  0.49543
   0.36979  0.00703  0.48331
   0.38418  0.00701  0.47229
   0.39859  0.00700  0.46249
   0.41300  0.00702  0.45472
   0.42740  0.00707  0.44906
   0.44180  0.00712  0.44517
   0.45619  0.00715  0.43870
   0.47056  0.00716  0.43604
   0.48492  0.00711  0.42957
   0.49927  0.00701  0.42509
   0.51361  0.00683  0.41434
   0.52796  0.00658  0.40442
   0.54232  0.00629  0.39259
   0.55669  0.00596  0.38058
   0.57108  0.00563  0.37062
   0.58547  0.00530  0.35782
   0.59986  0.00500  0.35101
   0.61425  0.00474  0.34108
   0.62864  0.00450  0.33751
   0.64300  0.00427  0.33370
   0.65736  0.00402  0.32970
   0.67169  0.00374  0.32400
   0.68602  0.00340  0.31817
   0.70035  0.00299  0.30932
   0.71468  0.00249  0.29104
   0.72903  0.00195  0.27655
   0.74339  0.00140  0.25162
   0.75775  0.00088  0.23251
   0.77209  0.00045  0.21365
   0.78640  0.00014  0.19464
   0.80062 -0.00000  0.18646
   0.81472  0.00005  0.18128
   0.82868  0.00024  0.18971
   0.84252  0.00055  0.19531
   0.85627  0.00091  0.20258
   0.87000  0.00129  0.20890
   0.88382  0.00166  0.21577
   0.89787  0.00196  0.21253
   0.91218  0.00218  0.19971
   0.92618  0.00237  0.17687
   0.94013  0.00267  0.16308
   0.95415  0.00318  0.15345
   0.96672  0.00390  0.17158
   0.97756  0.00472  0.20363
   0.98692  0.00557  0.24625
   0.99509  0.00643  0.32409
   1.00000  0.00700  0.50797
