                                                
 Alfa =  10.00000 Re =  4000000.000 Xflap,Yflap =     0.000000    0.000000
#    x        y        Cp  
   1.00000  0.00000  0.32276
   0.99462  0.00155  0.20677
   0.98470  0.00462  0.06348
   0.97314  0.00812 -0.07122
   0.96090  0.01150 -0.15278
   0.94789  0.01472 -0.20181
   0.93413  0.01782 -0.22981
   0.91982  0.02084 -0.25760
   0.90524  0.02377 -0.28543
   0.89051  0.02661 -0.31274
   0.87567  0.02936 -0.33971
   0.86075  0.03202 -0.36538
   0.84578  0.03460 -0.39103
   0.83077  0.03710 -0.41579
   0.81572  0.03952 -0.44004
   0.80064  0.04187 -0.46482
   0.78553  0.04414 -0.48773
   0.77040  0.04635 -0.51174
   0.75527  0.04847 -0.53633
   0.74012  0.05053 -0.55965
   0.72496  0.05251 -0.58325
   0.70978  0.05443 -0.60647
   0.69458  0.05627 -0.63019
   0.67938  0.05804 -0.65451
   0.66417  0.05975 -0.67735
   0.64896  0.06138 -0.70310
   0.63375  0.06294 -0.72819
   0.61855  0.06442 -0.75276
   0.60334  0.06583 -0.77784
   0.58813  0.06716 -0.80218
   0.57290  0.06842 -0.82776
   0.55767  0.06960 -0.85465
   0.54245  0.07070 -0.88087
   0.52724  0.07173 -0.90873
   0.51204  0.07267 -0.93753
   0.49684  0.07352 -0.96566
   0.48166  0.07429 -0.99471
   0.46647  0.07497 -1.02478
   0.45130  0.07557 -1.05541
   0.43614  0.07606 -1.08742
   0.42100  0.07647 -1.12028
   0.40587  0.07677 -1.15324
   0.39076  0.07697 -1.18777
   0.37567  0.07707 -1.22344
   0.36059  0.07706 -1.26138
   0.34555  0.07694 -1.30060
   0.33055  0.07671 -1.34134
   0.31558  0.07634 -1.38354
   0.30065  0.07586 -1.42653
   0.28575  0.07524 -1.47262
   0.27090  0.07448 -1.52044
   0.25609  0.07359 -1.57187
   0.24134  0.07254 -1.62694
   0.22667  0.07134 -1.68434
   0.21208  0.06998 -1.74763
   0.19759  0.06844 -1.81291
   0.18321  0.06672 -1.88495
   0.16894  0.06480 -1.95993
   0.15480  0.06268 -2.04391
   0.14080  0.06035 -2.13642
   0.12701  0.05779 -2.23810
   0.11347  0.05500 -2.35368
   0.10024  0.05196 -2.48282
   0.08734  0.04867 -2.63123
   0.07485  0.04511 -2.80130
   0.06304  0.04135 -3.00209
   0.05224  0.03747 -3.23607
   0.04244  0.03350 -3.49111
   0.03363  0.02946 -3.77531
   0.02634  0.02569 -4.10732
   0.02070  0.02241 -4.52301
   0.01626  0.01948 -4.90022
   0.01259  0.01672 -5.17973
   0.00947  0.01406 -5.38944
   0.00687  0.01160 -5.67461
   0.00476  0.00943 -6.27352
   0.00310  0.00754 -7.59180
   0.00185  0.00584 -8.94549
   0.00096  0.00422-10.02290
   0.00040  0.00261-10.33025
   0.00016  0.00097 -9.43594
   0.00021 -0.00070 -8.12537
   0.00056 -0.00237 -6.84590
   0.00122 -0.00397 -5.42128
   0.00224 -0.00547 -3.56748
   0.00367 -0.00688 -1.88781
   0.00556 -0.00826 -0.67957
   0.00798 -0.00969  0.06180
   0.01095 -0.01128  0.45426
   0.01455 -0.01305  0.69884
   0.01882 -0.01491  0.85690
   0.02385 -0.01679  0.95032
   0.03000 -0.01872  0.99351
   0.03784 -0.02079  0.99745
   0.04767 -0.02297  0.97139
   0.05884 -0.02503  0.92832
   0.07082 -0.02684  0.87963
   0.08366 -0.02840  0.83037
   0.09722 -0.02973  0.78319
   0.11116 -0.03080  0.74004
   0.12532 -0.03163  0.70120
   0.13967 -0.03225  0.66655
   0.15420 -0.03268  0.63581
   0.16888 -0.03292  0.60850
   0.18368 -0.03301  0.58426
   0.19859 -0.03295  0.56234
   0.21357 -0.03277  0.54314
   0.22863 -0.03246  0.52557
   0.24374 -0.03205  0.51014
   0.25889 -0.03154  0.49579
   0.27409 -0.03094  0.48366
   0.28932 -0.03025  0.47241
   0.30460 -0.02948  0.46267
   0.31993 -0.02864  0.45374
   0.33528 -0.02774  0.44573
   0.35067 -0.02679  0.43885
   0.36608 -0.02578  0.43245
   0.38152 -0.02473  0.42667
   0.39698 -0.02364  0.42196
   0.41246 -0.02251  0.41701
   0.42796 -0.02134  0.41349
   0.44348 -0.02015  0.40982
   0.45903 -0.01893  0.40745
   0.47460 -0.01769  0.40477
   0.49019 -0.01644  0.40237
   0.50581 -0.01517  0.40083
   0.52144 -0.01390  0.39923
   0.53709 -0.01262  0.39821
   0.55273 -0.01135  0.39735
   0.56837 -0.01007  0.39638
   0.58398 -0.00881  0.39588
   0.59958 -0.00756  0.39607
   0.61515 -0.00632  0.39632
   0.63070 -0.00510  0.39653
   0.64623 -0.00390  0.39678
   0.66173 -0.00274  0.39786
   0.67722 -0.00160  0.39848
   0.69269 -0.00051  0.39968
   0.70813  0.00055  0.40064
   0.72356  0.00157  0.40170
   0.73896  0.00254  0.40391
   0.75434  0.00345  0.40480
   0.76968  0.00431  0.40750
   0.78498  0.00510  0.40953
   0.80024  0.00581  0.41128
   0.81543  0.00644  0.41437
   0.83057  0.00698  0.41639
   0.84565  0.00742  0.41916
   0.86067  0.00774  0.42097
   0.87560  0.00793  0.42354
   0.89042  0.00799  0.42683
   0.90509  0.00789  0.42910
   0.91953  0.00760  0.43169
   0.93366  0.00711  0.43361
   0.94739  0.00637  0.43204
   0.96058  0.00536  0.42701
   0.97307  0.00407  0.41458
   0.98454  0.00255  0.39477
   0.99448  0.00097  0.36677
   1.00000  0.00000  0.32276
