                                                
 Alfa =  10.00000 Re =  4000000.000 Xflap,Yflap =     0.000000    0.000000
#    x        y        Cp  
   1.00000  0.00000  0.33006
   0.99396 -0.00017  0.28329
   0.98333 -0.00020  0.29314
   0.97105  0.00013  0.27680
   0.95735  0.00076  0.25501
   0.94312  0.00159  0.25520
   0.92904  0.00265  0.25031
   0.91492  0.00401  0.23199
   0.90047  0.00563  0.20910
   0.88567  0.00747  0.19030
   0.87077  0.00948  0.17418
   0.85594  0.01164  0.15735
   0.84122  0.01394  0.13987
   0.82653  0.01639  0.12183
   0.81184  0.01900  0.10240
   0.79714  0.02176  0.08004
   0.78244  0.02468  0.05659
   0.76775  0.02774  0.03118
   0.75306  0.03094  0.00146
   0.73835  0.03429 -0.03056
   0.72356  0.03778 -0.06630
   0.70869  0.04139 -0.10593
   0.69374  0.04510 -0.14596
   0.67874  0.04888 -0.18899
   0.66372  0.05273 -0.23155
   0.64872  0.05663 -0.27883
   0.63372  0.06058 -0.32915
   0.61872  0.06457 -0.38708
   0.60368  0.06861 -0.45060
   0.58862  0.07266 -0.52337
   0.57358  0.07668 -0.60111
   0.55866  0.08063 -0.69095
   0.54396  0.08443 -0.79223
   0.52953  0.08802 -0.89727
   0.51537  0.09133 -1.00238
   0.50145  0.09433 -1.10353
   0.48768  0.09699 -1.18918
   0.47402  0.09932 -1.26564
   0.46039  0.10134 -1.33385
   0.44673  0.10304 -1.39141
   0.43298  0.10442 -1.43628
   0.41906  0.10548 -1.46149
   0.40492  0.10625 -1.47577
   0.39054  0.10675 -1.48550
   0.37596  0.10701 -1.49518
   0.36127  0.10708 -1.51838
   0.34659  0.10694 -1.55086
   0.33201  0.10659 -1.58655
   0.31755  0.10601 -1.62163
   0.30318  0.10519 -1.65108
   0.28883  0.10412 -1.67316
   0.27447  0.10281 -1.69405
   0.26008  0.10125 -1.71275
   0.24571  0.09946 -1.73419
   0.23141  0.09744 -1.75788
   0.21722  0.09520 -1.78229
   0.20313  0.09272 -1.80499
   0.18908  0.08998 -1.82282
   0.17497  0.08697 -1.83501
   0.16080  0.08369 -1.85255
   0.14667  0.08019 -1.88301
   0.13282  0.07652 -1.94653
   0.11943  0.07269 -2.01906
   0.10650  0.06863 -2.08451
   0.09388  0.06425 -2.11181
   0.08144  0.05954 -2.12845
   0.06911  0.05452 -2.16930
   0.05705  0.04928 -2.31783
   0.04592  0.04398 -2.50644
   0.03661  0.03901 -2.68176
   0.02924  0.03457 -2.84749
   0.02332  0.03056 -2.98885
   0.01838  0.02678 -3.10064
   0.01412  0.02309 -3.19713
   0.01047  0.01947 -3.24035
   0.00752  0.01611 -3.23397
   0.00523  0.01317 -3.24508
   0.00344  0.01062 -3.43781
   0.00207  0.00840 -3.78593
   0.00107  0.00642 -4.09890
   0.00039  0.00460 -4.33996
  -0.00000  0.00290 -4.37085
  -0.00012  0.00127 -4.11558
   0.00006 -0.00033 -3.37246
   0.00056 -0.00192 -2.31510
   0.00136 -0.00351 -1.37424
   0.00249 -0.00508 -0.61061
   0.00396 -0.00661 -0.01871
   0.00583 -0.00800  0.44163
   0.00818 -0.00919  0.75750
   0.01114 -0.01019  0.92749
   0.01493 -0.01101  0.99143
   0.01977 -0.01182  0.99858
   0.02591 -0.01279  0.97777
   0.03342 -0.01384  0.93711
   0.04201 -0.01472  0.88805
   0.05187 -0.01533  0.84293
   0.06363 -0.01577  0.80331
   0.07753 -0.01626  0.75977
   0.09236 -0.01683  0.71275
   0.10698 -0.01729  0.67232
   0.12156 -0.01756  0.64273
   0.13653 -0.01771  0.61859
   0.15204 -0.01783  0.59626
   0.16773 -0.01796  0.57366
   0.18343 -0.01808  0.55229
   0.19912 -0.01819  0.53317
   0.21471 -0.01830  0.51628
   0.23025 -0.01842  0.50054
   0.24574 -0.01856  0.48479
   0.26118 -0.01876  0.46631
   0.27653 -0.01897  0.44602
   0.29178 -0.01917  0.42639
   0.30697 -0.01929  0.40883
   0.32216 -0.01931  0.39814
   0.33740 -0.01925  0.39014
   0.35275 -0.01915  0.38411
   0.36819 -0.01904  0.37732
   0.38371 -0.01897  0.36701
   0.39925 -0.01893  0.35393
   0.41479 -0.01889  0.34093
   0.43030 -0.01883  0.32801
   0.44580 -0.01872  0.31738
   0.46130 -0.01856  0.30834
   0.47681 -0.01836  0.30062
   0.49235 -0.01812  0.29361
   0.50791 -0.01783  0.28774
   0.52350 -0.01751  0.28318
   0.53912 -0.01717  0.27868
   0.55476 -0.01683  0.27423
   0.57043 -0.01649  0.26927
   0.58613 -0.01616  0.26227
   0.60184 -0.01585  0.25515
   0.61757 -0.01554  0.24737
   0.63329 -0.01522  0.23979
   0.64900 -0.01490  0.23230
   0.66467 -0.01457  0.22494
   0.68033 -0.01422  0.21816
   0.69597 -0.01385  0.21122
   0.71163 -0.01346  0.20643
   0.72731 -0.01306  0.20126
   0.74300 -0.01266  0.19581
   0.75865 -0.01228  0.18659
   0.77421 -0.01190  0.17677
   0.78968 -0.01150  0.16586
   0.80510 -0.01106  0.15715
   0.82058 -0.01055  0.15182
   0.83618 -0.00999  0.14794
   0.85184 -0.00940  0.14364
   0.86744 -0.00879  0.13556
   0.88285 -0.00815  0.12698
   0.89815 -0.00746  0.12084
   0.91356 -0.00669  0.12071
   0.92905 -0.00588  0.11959
   0.94398 -0.00512  0.10019
   0.95802 -0.00431  0.07881
   0.97168 -0.00331  0.09108
   0.98437 -0.00226  0.07498
   0.99435 -0.00115  0.01240
   1.00000  0.00000  0.33006
