                                                
 Alfa =  10.00000 Re =  4000000.000 Xflap,Yflap =     0.000000    0.000000
#    x        y        Cp  
   1.00002  0.00452  0.07034
   0.99462  0.00472  0.06209
   0.98454  0.00521  0.05605
   0.97185  0.00605  0.01740
   0.95827  0.00708 -0.03276
   0.94476  0.00807 -0.05135
   0.93112  0.00907 -0.07600
   0.91753  0.01006 -0.10883
   0.90396  0.01097 -0.11628
   0.89031  0.01186 -0.12614
   0.87662  0.01277 -0.14205
   0.86292  0.01369 -0.16536
   0.84923  0.01458 -0.17956
   0.83554  0.01544 -0.19121
   0.82183  0.01628 -0.20633
   0.80810  0.01710 -0.21231
   0.79436  0.01792 -0.22598
   0.78061  0.01874 -0.23971
   0.76686  0.01957 -0.25427
   0.75310  0.02040 -0.27137
   0.73935  0.02122 -0.28677
   0.72565  0.02202 -0.31027
   0.71200  0.02278 -0.32481
   0.69840  0.02348 -0.33063
   0.68479  0.02414 -0.33340
   0.67116  0.02485 -0.34973
   0.65754  0.02558 -0.37631
   0.64393  0.02629 -0.40472
   0.63035  0.02691 -0.42151
   0.61685  0.02741 -0.42911
   0.60344  0.02781 -0.40600
   0.59011  0.02824 -0.38819
   0.57675  0.02883 -0.41688
   0.56327  0.02952 -0.46112
   0.54962  0.03017 -0.48790
   0.53589  0.03078 -0.50453
   0.52217  0.03138 -0.53259
   0.50849  0.03193 -0.55577
   0.49482  0.03244 -0.57973
   0.48114  0.03290 -0.60160
   0.46751  0.03331 -0.62577
   0.45392  0.03363 -0.64275
   0.44026  0.03388 -0.64932
   0.42651  0.03410 -0.65363
   0.41282  0.03435 -0.67024
   0.39935  0.03467 -0.73043
   0.38615  0.03494 -0.80494
   0.37300  0.03495 -0.80909
   0.35959  0.03480 -0.77912
   0.34593  0.03465 -0.79072
   0.33225  0.03451 -0.82175
   0.31860  0.03432 -0.84467
   0.30493  0.03409 -0.86644
   0.29121  0.03381 -0.88619
   0.27746  0.03351 -0.91416
   0.26373  0.03319 -0.95156
   0.25004  0.03284 -0.99211
   0.23640  0.03243 -1.03644
   0.22279  0.03196 -1.08037
   0.20917  0.03140 -1.12334
   0.19557  0.03077 -1.17268
   0.18199  0.03006 -1.22284
   0.16842  0.02926 -1.27415
   0.15481  0.02837 -1.33253
   0.14123  0.02741 -1.41179
   0.12776  0.02637 -1.50527
   0.11431  0.02518 -1.59192
   0.10083  0.02387 -1.68493
   0.08735  0.02247 -1.85771
   0.07425  0.02091 -1.98197
   0.06093  0.01925 -2.24635
   0.04829  0.01751 -2.62531
   0.03658  0.01562 -3.10562
   0.02578  0.01357 -3.95945
   0.01630  0.01122 -5.48235
   0.00950  0.00874 -7.62133
   0.00531  0.00648 -9.37474
   0.00267  0.00455-12.57214
   0.00104  0.00281-16.77778
   0.00021  0.00123-19.97236
   0.00001 -0.00023-19.37976
   0.00039 -0.00170-12.39859
   0.00143 -0.00322 -6.95036
   0.00327 -0.00454 -2.50399
   0.00620 -0.00548  0.00128
   0.01072 -0.00637  0.70152
   0.01832 -0.00691  0.97556
   0.02968 -0.00722  0.99376
   0.04272 -0.00721  0.95282
   0.05623 -0.00727  0.90458
   0.06991 -0.00739  0.85678
   0.08355 -0.00747  0.81406
   0.09724 -0.00750  0.77645
   0.11092 -0.00748  0.74249
   0.12450 -0.00740  0.71572
   0.13804 -0.00732  0.69255
   0.15156 -0.00730  0.66350
   0.16508 -0.00723  0.64331
   0.17863 -0.00715  0.62711
   0.19226 -0.00712  0.60488
   0.20598 -0.00711  0.58550
   0.21973 -0.00708  0.56841
   0.23346 -0.00706  0.55039
   0.24717 -0.00702  0.53622
   0.26077 -0.00702  0.51726
   0.27405 -0.00701  0.48958
   0.28719 -0.00677  0.48847
   0.30049 -0.00647  0.49251
   0.31395 -0.00630  0.47365
   0.32745 -0.00613  0.45728
   0.34098 -0.00588  0.45109
   0.35457 -0.00558  0.44776
   0.36821 -0.00533  0.43970
   0.38191 -0.00512  0.42486
   0.39561 -0.00488  0.41550
   0.40929 -0.00461  0.40592
   0.42296 -0.00429  0.40009
   0.43665 -0.00392  0.39665
   0.45038 -0.00354  0.39332
   0.46415 -0.00317  0.38802
   0.47792 -0.00281  0.38203
   0.49169 -0.00244  0.37761
   0.50545 -0.00207  0.37244
   0.51917 -0.00169  0.37144
   0.53283 -0.00133  0.37059
   0.54647 -0.00102  0.36533
   0.56014 -0.00075  0.35684
   0.57386 -0.00048  0.34915
   0.58758 -0.00020  0.34887
   0.60130  0.00007  0.34525
   0.61502  0.00030  0.34045
   0.62876  0.00052  0.33548
   0.64250  0.00071  0.33047
   0.65624  0.00089  0.32832
   0.66998  0.00104  0.32224
   0.68373  0.00117  0.31865
   0.69748  0.00129  0.31368
   0.71119  0.00139  0.31322
   0.72487  0.00144  0.30770
   0.73856  0.00144  0.29867
   0.75230  0.00141  0.29450
   0.76607  0.00137  0.28837
   0.77983  0.00132  0.28196
   0.79356  0.00125  0.28057
   0.80725  0.00114  0.27727
   0.82092  0.00099  0.26729
   0.83463  0.00080  0.26195
   0.84838  0.00058  0.25306
   0.86216  0.00035  0.24706
   0.87589  0.00011  0.24599
   0.88946 -0.00019  0.24545
   0.90292 -0.00059  0.23459
   0.91645 -0.00112  0.20963
   0.93016 -0.00165  0.19520
   0.94390 -0.00217  0.18355
   0.95745 -0.00269  0.17272
   0.97108 -0.00326  0.15436
   0.98420 -0.00384  0.13035
   0.99456 -0.00429  0.10790
   0.99998 -0.00452  0.07034
