                                                
 Alfa =  10.00000 Re =  4000000.000 Xflap,Yflap =     0.000000    0.000000
#    x        y        Cp  
   1.00000  0.00000  0.45484
   0.99240  0.00182  0.23692
   0.97999  0.00465  0.13064
   0.96633  0.00753  0.06944
   0.95143  0.01045  0.03317
   0.93533  0.01347  0.00713
   0.91823  0.01663 -0.01984
   0.90039  0.01992 -0.05020
   0.88207  0.02331 -0.08110
   0.86346  0.02675 -0.11207
   0.84467  0.03022 -0.14228
   0.82578  0.03368 -0.17157
   0.80684  0.03714 -0.20108
   0.78786  0.04059 -0.22723
   0.76884  0.04403 -0.25371
   0.74983  0.04747 -0.28023
   0.73087  0.05092 -0.30763
   0.71196  0.05439 -0.33812
   0.69307  0.05790 -0.37297
   0.67418  0.06144 -0.41326
   0.65528  0.06499 -0.45648
   0.63643  0.06853 -0.50183
   0.61768  0.07202 -0.55095
   0.59907  0.07544 -0.60233
   0.58061  0.07876 -0.65423
   0.56226  0.08197 -0.70556
   0.54400  0.08505 -0.75713
   0.52581  0.08799 -0.80801
   0.50766  0.09080 -0.85729
   0.48951  0.09347 -0.90539
   0.47132  0.09601 -0.95171
   0.45309  0.09843 -1.00001
   0.43482  0.10075 -1.05158
   0.41654  0.10298 -1.10988
   0.39833  0.10510 -1.17811
   0.38030  0.10712 -1.26141
   0.36253  0.10897 -1.35319
   0.34505  0.11063 -1.45198
   0.32785  0.11205 -1.55330
   0.31094  0.11321 -1.65598
   0.29427  0.11407 -1.75554
   0.27782  0.11465 -1.85358
   0.26158  0.11492 -1.94864
   0.24557  0.11492 -2.05591
   0.22989  0.11464 -2.17961
   0.21466  0.11406 -2.32441
   0.19995  0.11316 -2.48176
   0.18575  0.11186 -2.61962
   0.17201  0.11015 -2.73563
   0.15867  0.10802 -2.82454
   0.14573  0.10550 -2.89369
   0.13320  0.10261 -2.94570
   0.12115  0.09943 -3.00548
   0.10967  0.09602 -3.08307
   0.09887  0.09244 -3.17425
   0.08879  0.08871 -3.27476
   0.07948  0.08486 -3.36522
   0.07093  0.08092 -3.43944
   0.06310  0.07690 -3.48250
   0.05596  0.07285 -3.49803
   0.04946  0.06880 -3.51902
   0.04358  0.06480 -3.54770
   0.03829  0.06084 -3.55342
   0.03355  0.05694 -3.52062
   0.02929  0.05310 -3.45887
   0.02548  0.04933 -3.38214
   0.02208  0.04566 -3.28776
   0.01905  0.04208 -3.18455
   0.01635  0.03860 -3.06684
   0.01395  0.03523 -2.94177
   0.01182  0.03196 -2.80806
   0.00995  0.02880 -2.66484
   0.00830  0.02575 -2.50322
   0.00684  0.02282 -2.34339
   0.00555  0.02000 -2.19866
   0.00440  0.01728 -2.08075
   0.00337  0.01466 -2.00955
   0.00246  0.01213 -1.96317
   0.00169  0.00969 -1.91556
   0.00104  0.00734 -1.88623
   0.00053  0.00510 -1.90100
   0.00018  0.00295 -1.88168
   0.00001  0.00087 -1.79624
   0.00005 -0.00119 -1.59264
   0.00030 -0.00327 -1.29003
   0.00079 -0.00537 -0.94789
   0.00156 -0.00747 -0.53199
   0.00260 -0.00955 -0.12901
   0.00387 -0.01161  0.19508
   0.00531 -0.01364  0.42366
   0.00693 -0.01565  0.59738
   0.00875 -0.01762  0.73709
   0.01080 -0.01951  0.84748
   0.01309 -0.02131  0.92691
   0.01564 -0.02300  0.97574
   0.01845 -0.02453  0.99766
   0.02153 -0.02592  0.99766
   0.02490 -0.02715  0.98224
   0.02857 -0.02826  0.95717
   0.03254 -0.02923  0.92581
   0.03687 -0.03006  0.89193
   0.04158 -0.03076  0.85747
   0.04674 -0.03131  0.82389
   0.05243 -0.03172  0.79280
   0.05871 -0.03199  0.76227
   0.06570 -0.03209  0.73474
   0.07353 -0.03201  0.71150
   0.08238 -0.03173  0.69238
   0.09245 -0.03130  0.67382
   0.10386 -0.03072  0.65551
   0.11672 -0.03001  0.63867
   0.13101 -0.02924  0.62031
   0.14661 -0.02844  0.59898
   0.16326 -0.02762  0.57667
   0.18066 -0.02673  0.55748
   0.19856 -0.02580  0.53995
   0.21669 -0.02486  0.51905
   0.23489 -0.02383  0.50236
   0.25317 -0.02266  0.49167
   0.27160 -0.02135  0.48698
   0.29016 -0.01998  0.48526
   0.30866 -0.01864  0.48458
   0.32703 -0.01741  0.48238
   0.34533 -0.01634  0.47668
   0.36372 -0.01543  0.46573
   0.38234 -0.01465  0.45269
   0.40123 -0.01393  0.43895
   0.42032 -0.01320  0.42840
   0.43949 -0.01247  0.42034
   0.45867 -0.01173  0.41412
   0.47781 -0.01102  0.40817
   0.49689 -0.01036  0.40246
   0.51593 -0.00974  0.39639
   0.53494 -0.00918  0.38978
   0.55394 -0.00868  0.38305
   0.57293 -0.00824  0.37548
   0.59197 -0.00787  0.36686
   0.61107 -0.00755  0.35764
   0.63024 -0.00727  0.34787
   0.64950 -0.00702  0.33836
   0.66882 -0.00678  0.32822
   0.68818 -0.00655  0.31968
   0.70754 -0.00631  0.31037
   0.72686 -0.00606  0.30187
   0.74616 -0.00580  0.29428
   0.76543 -0.00550  0.28750
   0.78469 -0.00518  0.28144
   0.80395 -0.00484  0.27667
   0.82318 -0.00448  0.27205
   0.84236 -0.00410  0.26883
   0.86142 -0.00373  0.26527
   0.88027 -0.00337  0.26145
   0.89881 -0.00303  0.25751
   0.91681 -0.00272  0.25376
   0.93410 -0.00246  0.24300
   0.95042 -0.00218  0.23270
   0.96558 -0.00179  0.22845
   0.97950 -0.00124  0.24520
   0.99221 -0.00053  0.29889
   1.00000  0.00000  0.45484
