                                                
 Alfa =  10.00000 Re =  4000000.000 Xflap,Yflap =     0.000000    0.000000
#    x        y        Cp  
   1.00000  0.00000  0.36900
   0.99455  0.00144  0.27806
   0.98465  0.00435  0.14912
   0.97278  0.00791  0.03979
   0.95981  0.01168 -0.05228
   0.94633  0.01535 -0.11859
   0.93235  0.01889 -0.16015
   0.91785  0.02237 -0.19328
   0.90302  0.02581 -0.22855
   0.88804  0.02919 -0.26402
   0.87295  0.03249 -0.29688
   0.85778  0.03574 -0.33025
   0.84256  0.03893 -0.36526
   0.82735  0.04205 -0.40272
   0.81216  0.04508 -0.43661
   0.79694  0.04804 -0.47078
   0.78172  0.05092 -0.50884
   0.76655  0.05371 -0.54739
   0.75145  0.05638 -0.58570
   0.73643  0.05893 -0.62225
   0.72144  0.06135 -0.65742
   0.70640  0.06365 -0.68514
   0.69130  0.06584 -0.71347
   0.67616  0.06792 -0.74308
   0.66102  0.06988 -0.77195
   0.64587  0.07174 -0.79980
   0.63072  0.07347 -0.82848
   0.61555  0.07510 -0.85320
   0.60034  0.07661 -0.87793
   0.58509  0.07802 -0.90376
   0.56982  0.07933 -0.93061
   0.55455  0.08053 -0.95630
   0.53930  0.08162 -0.98370
   0.52404  0.08260 -1.00990
   0.50878  0.08347 -1.03597
   0.49350  0.08423 -1.06199
   0.47819  0.08488 -1.08754
   0.46289  0.08543 -1.11715
   0.44763  0.08587 -1.14612
   0.43239  0.08619 -1.17450
   0.41712  0.08640 -1.20133
   0.40184  0.08649 -1.23012
   0.38656  0.08648 -1.26195
   0.37132  0.08635 -1.29580
   0.35612  0.08610 -1.32962
   0.34094  0.08573 -1.36372
   0.32578  0.08523 -1.39936
   0.31062  0.08461 -1.43585
   0.29549  0.08386 -1.47579
   0.28040  0.08297 -1.51890
   0.26537  0.08196 -1.56669
   0.25042  0.08080 -1.61509
   0.23554  0.07949 -1.66761
   0.22072  0.07802 -1.72200
   0.20596  0.07638 -1.78025
   0.19130  0.07458 -1.84866
   0.17680  0.07261 -1.92243
   0.16243  0.07045 -1.99808
   0.14819  0.06808 -2.08584
   0.13417  0.06552 -2.18804
   0.12043  0.06275 -2.30204
   0.10702  0.05975 -2.42668
   0.09398  0.05651 -2.56802
   0.08141  0.05305 -2.73360
   0.06954  0.04941 -2.93633
   0.05854  0.04561 -3.15413
   0.04853  0.04170 -3.38052
   0.03965  0.03779 -3.64275
   0.03202  0.03399 -3.92864
   0.02565  0.03039 -4.23554
   0.02039  0.02700 -4.50950
   0.01605  0.02383 -4.74666
   0.01248  0.02087 -4.98280
   0.00955  0.01814 -5.26414
   0.00716  0.01560 -5.51113
   0.00519  0.01320 -5.79626
   0.00361  0.01093 -6.06677
   0.00237  0.00879 -6.24383
   0.00145  0.00676 -6.17833
   0.00078  0.00482 -5.94149
   0.00032  0.00297 -5.67104
   0.00001  0.00115 -5.69677
  -0.00011 -0.00061 -6.06203
   0.00003 -0.00228 -6.30297
   0.00054 -0.00385 -5.33989
   0.00150 -0.00530 -3.27694
   0.00286 -0.00665 -1.68085
   0.00457 -0.00786 -0.64049
   0.00662 -0.00893  0.05145
   0.00905 -0.00988  0.49414
   0.01191 -0.01080  0.73924
   0.01526 -0.01178  0.87131
   0.01920 -0.01278  0.95028
   0.02389 -0.01374  0.99041
   0.02962 -0.01465  0.99973
   0.03680 -0.01550  0.98585
   0.04574 -0.01630  0.95545
   0.05647 -0.01698  0.91573
   0.06893 -0.01751  0.87292
   0.08274 -0.01789  0.83030
   0.09730 -0.01813  0.79128
   0.11234 -0.01825  0.75644
   0.12770 -0.01827  0.72507
   0.14319 -0.01821  0.69670
   0.15878 -0.01809  0.67164
   0.17447 -0.01791  0.64907
   0.19023 -0.01769  0.62836
   0.20602 -0.01743  0.60921
   0.22182 -0.01715  0.59170
   0.23765 -0.01683  0.57541
   0.25351 -0.01650  0.56062
   0.26938 -0.01614  0.54629
   0.28526 -0.01576  0.53338
   0.30115 -0.01536  0.52071
   0.31704 -0.01495  0.50933
   0.33294 -0.01452  0.49815
   0.34885 -0.01408  0.48768
   0.36477 -0.01363  0.47765
   0.38068 -0.01316  0.46784
   0.39657 -0.01268  0.45862
   0.41245 -0.01219  0.44938
   0.42831 -0.01168  0.44127
   0.44415 -0.01114  0.43278
   0.45997 -0.01058  0.42525
   0.47578 -0.00999  0.41887
   0.49157 -0.00938  0.41236
   0.50737 -0.00873  0.40732
   0.52317 -0.00805  0.40228
   0.53899 -0.00734  0.39783
   0.55482 -0.00661  0.39482
   0.57068 -0.00586  0.39196
   0.58654 -0.00508  0.38906
   0.60244 -0.00429  0.38819
   0.61835 -0.00349  0.38634
   0.63428 -0.00269  0.38559
   0.65020 -0.00189  0.38504
   0.66608 -0.00111  0.38504
   0.68193 -0.00034  0.38469
   0.69773  0.00040  0.38452
   0.71349  0.00110  0.38524
   0.72924  0.00177  0.38388
   0.74496  0.00240  0.38450
   0.76065  0.00298  0.38455
   0.77629  0.00350  0.38463
   0.79188  0.00397  0.38527
   0.80744  0.00437  0.38358
   0.82298  0.00470  0.38510
   0.83849  0.00495  0.38365
   0.85394  0.00513  0.38320
   0.86932  0.00521  0.38374
   0.88461  0.00519  0.38267
   0.89986  0.00506  0.38073
   0.91501  0.00482  0.37971
   0.92998  0.00445  0.37870
   0.94468  0.00393  0.37538
   0.95897  0.00328  0.37245
   0.97238  0.00250  0.37164
   0.98430  0.00161  0.37306
   0.99440  0.00066  0.38513
   1.00000  0.00000  0.36900
