                                                
 Alfa =  10.00000 Re =  4000000.000 Xflap,Yflap =     0.000000    0.000000
#    x        y        Cp  
   1.00000  0.01633  0.35519
   0.99399  0.01794  0.23333
   0.98439  0.02049  0.16185
   0.97399  0.02324  0.10854
   0.96268  0.02622  0.05970
   0.95034  0.02945  0.01598
   0.93688  0.03296 -0.02806
   0.92228  0.03675 -0.07235
   0.90666  0.04078 -0.11611
   0.89032  0.04496 -0.16283
   0.87368  0.04919 -0.20896
   0.85708  0.05336 -0.25488
   0.84064  0.05743 -0.30130
   0.82431  0.06142 -0.34663
   0.80802  0.06532 -0.39302
   0.79173  0.06915 -0.43946
   0.77545  0.07287 -0.48731
   0.75922  0.07649 -0.53429
   0.74305  0.07997 -0.58296
   0.72692  0.08332 -0.62907
   0.71083  0.08652 -0.67549
   0.69476  0.08956 -0.71724
   0.67868  0.09244 -0.76016
   0.66259  0.09516 -0.79779
   0.64647  0.09773 -0.83468
   0.63033  0.10014 -0.87056
   0.61417  0.10239 -0.90454
   0.59797  0.10449 -0.93559
   0.58174  0.10644 -0.96661
   0.56546  0.10824 -0.99515
   0.54914  0.10989 -1.02235
   0.53277  0.11141 -1.05061
   0.51635  0.11280 -1.07767
   0.49989  0.11406 -1.10621
   0.48340  0.11520 -1.13568
   0.46690  0.11621 -1.16548
   0.45037  0.11711 -1.19806
   0.43382  0.11789 -1.23109
   0.41727  0.11856 -1.26702
   0.40071  0.11911 -1.30611
   0.38416  0.11954 -1.34770
   0.36765  0.11985 -1.39506
   0.35117  0.12003 -1.44340
   0.33474  0.12008 -1.49612
   0.31834  0.11998 -1.55196
   0.30199  0.11974 -1.61154
   0.28571  0.11934 -1.67848
   0.26950  0.11877 -1.75049
   0.25338  0.11803 -1.82891
   0.23736  0.11711 -1.91461
   0.22144  0.11598 -2.00988
   0.20570  0.11465 -2.12436
   0.19025  0.11311 -2.25946
   0.17517  0.11131 -2.41225
   0.16056  0.10922 -2.57712
   0.14640  0.10678 -2.74286
   0.13272  0.10397 -2.90506
   0.11952  0.10076 -3.06021
   0.10683  0.09712 -3.20566
   0.09469  0.09305 -3.34059
   0.08316  0.08857 -3.46769
   0.07235  0.08372 -3.59837
   0.06233  0.07848 -3.69595
   0.05305  0.07278 -3.64879
   0.04443  0.06662 -3.48699
   0.03650  0.06016 -3.30997
   0.02943  0.05369 -3.12322
   0.02334  0.04751 -2.90682
   0.01825  0.04196 -2.79684
   0.01408  0.03714 -2.77623
   0.01073  0.03306 -2.84427
   0.00805  0.02960 -2.96917
   0.00587  0.02661 -3.13410
   0.00408  0.02399 -3.47716
   0.00264  0.02163 -3.95685
   0.00152  0.01945 -4.42378
   0.00072  0.01739 -4.80044
   0.00025  0.01543 -4.94667
   0.00009  0.01357 -4.67195
   0.00023  0.01173 -3.93043
   0.00068  0.00986 -3.07114
   0.00145  0.00800 -2.21191
   0.00255  0.00619 -1.43090
   0.00401  0.00448 -0.72700
   0.00587  0.00299 -0.08480
   0.00819  0.00182  0.45039
   0.01095  0.00100  0.76840
   0.01421  0.00049  0.92238
   0.01810  0.00021  0.98368
   0.02289  0.00005  0.99986
   0.02900  0.00000  0.99274
   0.03705 -0.00000  0.97076
   0.04783 -0.00000  0.93690
   0.06178  0.00000  0.89485
   0.07830  0.00000  0.85060
   0.09539  0.00000  0.81095
   0.11200 -0.00000  0.77701
   0.12835 -0.00000  0.74724
   0.14466 -0.00000  0.72066
   0.16110 -0.00000  0.69631
   0.17779 -0.00000  0.67385
   0.19480 -0.00000  0.65267
   0.21186  0.00000  0.63330
   0.22863  0.00000  0.61561
   0.24515  0.00000  0.59914
   0.26145  0.00000  0.58419
   0.27757  0.00000  0.57014
   0.29354  0.00000  0.55692
   0.30939  0.00000  0.54443
   0.32516  0.00000  0.53284
   0.34085  0.00000  0.52162
   0.35651  0.00000  0.51099
   0.37214  0.00000  0.50082
   0.38778  0.00000  0.49115
   0.40344  0.00000  0.48159
   0.41914  0.00000  0.47250
   0.43490  0.00000  0.46374
   0.45075  0.00000  0.45531
   0.46671  0.00000  0.44692
   0.48281  0.00000  0.43862
   0.49905  0.00000  0.43095
   0.51548  0.00000  0.42302
   0.53212  0.00000  0.41544
   0.54900  0.00000  0.40804
   0.56612 -0.00000  0.40068
   0.58310 -0.00000  0.39331
   0.59978 -0.00000  0.38680
   0.61614 -0.00000  0.38009
   0.63219 -0.00000  0.37400
   0.64792 -0.00000  0.36785
   0.66334 -0.00000  0.36245
   0.67845 -0.00000  0.35689
   0.69326 -0.00000  0.35176
   0.70777 -0.00000  0.34714
   0.72199 -0.00000  0.34128
   0.73593 -0.00000  0.33798
   0.74958 -0.00000  0.33290
   0.76297 -0.00000  0.32877
   0.77609 -0.00000  0.32481
   0.78895 -0.00000  0.32141
   0.80156 -0.00000  0.31739
   0.81394 -0.00000  0.31370
   0.82608 -0.00000  0.31102
   0.83799 -0.00000  0.30784
   0.84969 -0.00000  0.30446
   0.86117 -0.00000  0.30280
   0.87244 -0.00000  0.29882
   0.88352 -0.00000  0.29762
   0.89441 -0.00000  0.29556
   0.90510 -0.00000  0.29336
   0.91562 -0.00000  0.29322
   0.92596 -0.00000  0.29223
   0.93613 -0.00000  0.29091
   0.94614 -0.00000  0.29191
   0.95599 -0.00000  0.29341
   0.96569 -0.00000  0.29655
   0.97523 -0.00000  0.30130
   0.98464 -0.00000  0.31125
   0.99390 -0.00000  0.33064
   1.00000  0.00000  0.35519
