                                                
 Alfa =  10.00000 Re =  4000000.000 Xflap,Yflap =     0.000000    0.000000
#    x        y        Cp  
   1.00000  0.00000  0.42996
   0.99339  0.00213  0.26653
   0.98252  0.00575  0.09575
   0.97049  0.00939  0.00239
   0.95726  0.01294 -0.03154
   0.94273  0.01657 -0.05457
   0.92730  0.02033 -0.08370
   0.91142  0.02414 -0.11614
   0.89528  0.02798 -0.14956
   0.87900  0.03184 -0.18261
   0.86265  0.03568 -0.21685
   0.84626  0.03951 -0.25214
   0.82988  0.04331 -0.28826
   0.81352  0.04708 -0.32411
   0.79717  0.05080 -0.36195
   0.78083  0.05449 -0.39907
   0.76452  0.05812 -0.43788
   0.74823  0.06170 -0.47835
   0.73196  0.06521 -0.51789
   0.71572  0.06866 -0.56010
   0.69950  0.07203 -0.60116
   0.68330  0.07531 -0.64439
   0.66712  0.07852 -0.68791
   0.65096  0.08162 -0.73253
   0.63483  0.08463 -0.77807
   0.61872  0.08753 -0.82427
   0.60262  0.09032 -0.87069
   0.58654  0.09299 -0.91921
   0.57048  0.09554 -0.96764
   0.55445  0.09796 -1.01749
   0.53843  0.10024 -1.06778
   0.52244  0.10238 -1.12022
   0.50647  0.10436 -1.17195
   0.49054  0.10620 -1.22585
   0.47463  0.10786 -1.28007
   0.45876  0.10936 -1.33589
   0.44293  0.11068 -1.39179
   0.42713  0.11181 -1.44829
   0.41137  0.11275 -1.50596
   0.39566  0.11348 -1.56494
   0.38002  0.11401 -1.62542
   0.36446  0.11431 -1.68547
   0.34897  0.11438 -1.74493
   0.33354  0.11420 -1.79982
   0.31816  0.11377 -1.85444
   0.30283  0.11309 -1.90821
   0.28759  0.11214 -1.96275
   0.27244  0.11093 -2.01372
   0.25736  0.10944 -2.06056
   0.24232  0.10767 -2.10165
   0.22732  0.10561 -2.14488
   0.21241  0.10328 -2.19298
   0.19763  0.10067 -2.24357
   0.18300  0.09777 -2.29293
   0.16852  0.09458 -2.34347
   0.15422  0.09110 -2.39668
   0.14014  0.08733 -2.45785
   0.12637  0.08328 -2.52449
   0.11295  0.07895 -2.59363
   0.09997  0.07435 -2.66687
   0.08753  0.06953 -2.75002
   0.07578  0.06453 -2.84137
   0.06488  0.05943 -2.93814
   0.05497  0.05434 -3.04165
   0.04615  0.04937 -3.14524
   0.03845  0.04460 -3.25681
   0.03185  0.04011 -3.36364
   0.02624  0.03594 -3.47590
   0.02151  0.03209 -3.58985
   0.01751  0.02853 -3.69776
   0.01414  0.02523 -3.80102
   0.01128  0.02218 -3.93807
   0.00887  0.01933 -4.05940
   0.00683  0.01665 -4.16214
   0.00512  0.01414 -4.27120
   0.00368  0.01176 -4.42934
   0.00251  0.00950 -4.56907
   0.00157  0.00735 -4.68169
   0.00086  0.00530 -4.81370
   0.00036  0.00333 -4.92607
   0.00008  0.00145 -4.98038
   0.00002 -0.00036 -5.39627
   0.00032 -0.00216 -5.13850
   0.00112 -0.00392 -2.99253
   0.00226 -0.00564 -1.76203
   0.00368 -0.00735 -0.91228
   0.00534 -0.00908 -0.35202
   0.00728 -0.01084  0.05366
   0.00950 -0.01265  0.35190
   0.01207 -0.01454  0.56958
   0.01503 -0.01650  0.73013
   0.01847 -0.01857  0.84625
   0.02246 -0.02076  0.92445
   0.02711 -0.02310  0.97217
   0.03258 -0.02562  0.99584
   0.03902 -0.02833  0.99898
   0.04660 -0.03125  0.98486
   0.05549 -0.03434  0.95660
   0.06571 -0.03756  0.91783
   0.07720 -0.04083  0.87200
   0.08980 -0.04407  0.82272
   0.10326 -0.04720  0.77234
   0.11735 -0.05016  0.72284
   0.13189 -0.05292  0.67516
   0.14675 -0.05546  0.62965
   0.16183 -0.05778  0.58647
   0.17706 -0.05988  0.54501
   0.19237 -0.06174  0.50607
   0.20774 -0.06337  0.46867
   0.22314 -0.06477  0.43348
   0.23854 -0.06593  0.39969
   0.25388 -0.06684  0.36760
   0.26915 -0.06749  0.33807
   0.28437 -0.06785  0.31269
   0.29959 -0.06793  0.29174
   0.31482 -0.06774  0.27410
   0.33009 -0.06726  0.26009
   0.34540 -0.06652  0.25015
   0.36075 -0.06551  0.24375
   0.37617 -0.06425  0.24113
   0.39167 -0.06274  0.24161
   0.40726 -0.06100  0.24523
   0.42299 -0.05904  0.25178
   0.43889 -0.05688  0.26121
   0.45496 -0.05456  0.27093
   0.47119 -0.05210  0.28130
   0.48755 -0.04955  0.29084
   0.50403 -0.04691  0.30065
   0.52058 -0.04422  0.30991
   0.53720 -0.04150  0.31929
   0.55386 -0.03875  0.32765
   0.57053 -0.03600  0.33664
   0.58718 -0.03327  0.34469
   0.60378 -0.03057  0.35305
   0.62032 -0.02792  0.36067
   0.63681 -0.02532  0.36797
   0.65326 -0.02278  0.37458
   0.66969 -0.02031  0.38146
   0.68608 -0.01791  0.38790
   0.70244 -0.01559  0.39382
   0.71875 -0.01337  0.40007
   0.73503 -0.01124  0.40582
   0.75127 -0.00922  0.41087
   0.76748 -0.00732  0.41617
   0.78364 -0.00554  0.42079
   0.79976 -0.00388  0.42538
   0.81584 -0.00237  0.42960
   0.83187 -0.00100  0.43321
   0.84784  0.00021  0.43669
   0.86374  0.00125  0.44004
   0.87954  0.00211  0.44279
   0.89521  0.00278  0.44526
   0.91073  0.00323  0.44651
   0.92603  0.00347  0.44772
   0.94098  0.00346  0.44850
   0.95543  0.00322  0.44802
   0.96910  0.00271  0.44713
   0.98174  0.00193  0.44508
   0.99313  0.00088  0.45366
   1.00000  0.00000  0.42996
