                                                
 Alfa =  10.00000 Re =  4000000.000 Xflap,Yflap =     0.000000    0.000000
#    x        y        Cp  
   1.00000  0.00018  0.40136
   0.99450  0.00083  0.20744
   0.98535  0.00192  0.15551
   0.97486  0.00316  0.11307
   0.96271  0.00460  0.07782
   0.94875  0.00625  0.04460
   0.93332  0.00807  0.01267
   0.91745  0.00995 -0.01504
   0.90156  0.01184 -0.04185
   0.88581  0.01371 -0.06767
   0.87013  0.01557 -0.09436
   0.85438  0.01743 -0.11896
   0.83854  0.01928 -0.14162
   0.82264  0.02111 -0.16385
   0.80672  0.02293 -0.18458
   0.79082  0.02473 -0.20777
   0.77496  0.02652 -0.23122
   0.75915  0.02828 -0.25457
   0.74335  0.03002 -0.27670
   0.72752  0.03173 -0.29918
   0.71165  0.03341 -0.32166
   0.69579  0.03508 -0.34625
   0.68001  0.03672 -0.37352
   0.66435  0.03830 -0.40174
   0.64880  0.03981 -0.42904
   0.63328  0.04124 -0.45106
   0.61773  0.04260 -0.47146
   0.60211  0.04391 -0.49231
   0.58645  0.04516 -0.51320
   0.57079  0.04636 -0.53496
   0.55512  0.04750 -0.55600
   0.53946  0.04859 -0.57828
   0.52379  0.04961 -0.59907
   0.50809  0.05059 -0.62069
   0.49235  0.05152 -0.64354
   0.47657  0.05240 -0.66592
   0.46076  0.05325 -0.69230
   0.44493  0.05407 -0.72131
   0.42913  0.05485 -0.75572
   0.41340  0.05558 -0.79368
   0.39779  0.05624 -0.83385
   0.38235  0.05682 -0.87702
   0.36709  0.05729 -0.92140
   0.35195  0.05764 -0.96186
   0.33683  0.05784 -0.99493
   0.32165  0.05791 -1.02325
   0.30637  0.05786 -1.05269
   0.29100  0.05770 -1.08743
   0.27563  0.05745 -1.12575
   0.26030  0.05708 -1.16807
   0.24503  0.05661 -1.21367
   0.22982  0.05601 -1.26278
   0.21465  0.05530 -1.31617
   0.19954  0.05446 -1.37608
   0.18452  0.05349 -1.44363
   0.16964  0.05238 -1.51808
   0.15491  0.05111 -1.60144
   0.14034  0.04967 -1.69554
   0.12597  0.04805 -1.80159
   0.11185  0.04623 -1.92029
   0.09809  0.04421 -2.05967
   0.08484  0.04201 -2.22735
   0.07238  0.03966 -2.42915
   0.06104  0.03722 -2.67345
   0.05092  0.03472 -2.94496
   0.04199  0.03219 -3.27403
   0.03430  0.02965 -3.62272
   0.02787  0.02720 -3.96648
   0.02258  0.02490 -4.38892
   0.01821  0.02271 -4.84196
   0.01459  0.02060 -5.23948
   0.01156  0.01854 -5.53456
   0.00900  0.01654 -5.77268
   0.00684  0.01460 -6.15027
   0.00501  0.01268 -6.55594
   0.00349  0.01075 -6.63907
   0.00228  0.00884 -6.64346
   0.00134  0.00698 -6.55064
   0.00066  0.00517 -6.36042
   0.00021  0.00340 -6.05596
  -0.00001  0.00166 -5.56360
   0.00000 -0.00006 -4.85587
   0.00026 -0.00177 -3.89732
   0.00076 -0.00347 -2.96014
   0.00150 -0.00516 -2.10397
   0.00249 -0.00681 -1.34105
   0.00378 -0.00837 -0.67585
   0.00537 -0.00979 -0.07456
   0.00729 -0.01102  0.41299
   0.00953 -0.01210  0.69815
   0.01212 -0.01304  0.86740
   0.01512 -0.01384  0.95653
   0.01865 -0.01450  0.99433
   0.02294 -0.01502  0.99878
   0.02830 -0.01549  0.98369
   0.03519 -0.01595  0.95540
   0.04389 -0.01642  0.91939
   0.05427 -0.01692  0.88026
   0.06632 -0.01755  0.83692
   0.08014 -0.01827  0.79214
   0.09513 -0.01900  0.74976
   0.11055 -0.01970  0.71182
   0.12622 -0.02037  0.67800
   0.14207 -0.02102  0.64752
   0.15802 -0.02168  0.61888
   0.17399 -0.02234  0.59152
   0.18992 -0.02298  0.56571
   0.20582 -0.02361  0.54162
   0.22170 -0.02420  0.51947
   0.23757 -0.02477  0.49846
   0.25346 -0.02531  0.47819
   0.26933 -0.02582  0.45902
   0.28518 -0.02630  0.44031
   0.30099 -0.02673  0.42246
   0.31677 -0.02712  0.40583
   0.33251 -0.02747  0.38954
   0.34823 -0.02777  0.37432
   0.36396 -0.02801  0.36035
   0.37969 -0.02819  0.34700
   0.39546 -0.02833  0.33475
   0.41123 -0.02843  0.32241
   0.42700 -0.02847  0.31022
   0.44276 -0.02847  0.29887
   0.45850 -0.02842  0.28767
   0.47421 -0.02832  0.27721
   0.48990 -0.02816  0.26699
   0.50558 -0.02794  0.25757
   0.52128 -0.02767  0.24946
   0.53700 -0.02733  0.24125
   0.55272 -0.02695  0.23388
   0.56841 -0.02651  0.22553
   0.58406 -0.02601  0.21869
   0.59966 -0.02545  0.21183
   0.61528 -0.02482  0.20815
   0.63095 -0.02412  0.20401
   0.64667 -0.02337  0.20163
   0.66241 -0.02256  0.19786
   0.67812 -0.02171  0.19506
   0.69379 -0.02081  0.19239
   0.70948 -0.01984  0.19251
   0.72524 -0.01882  0.19342
   0.74113 -0.01777  0.19616
   0.75712 -0.01668  0.19631
   0.77316 -0.01560  0.19691
   0.78920 -0.01451  0.19616
   0.80524 -0.01342  0.19605
   0.82128 -0.01232  0.19544
   0.83732 -0.01123  0.19475
   0.85335 -0.01014  0.19443
   0.86931 -0.00906  0.19377
   0.88517 -0.00798  0.19347
   0.90105 -0.00691  0.19424
   0.91702 -0.00582  0.19430
   0.93296 -0.00474  0.19648
   0.94847 -0.00369  0.20028
   0.96251 -0.00273  0.20645
   0.97472 -0.00190  0.21378
   0.98527 -0.00118  0.22985
   0.99447 -0.00056  0.25097
   1.00000 -0.00018  0.40136
