                                                
 Alfa =  10.00000 Re =  4000000.000 Xflap,Yflap =     0.000000    0.000000
#    x        y        Cp  
   1.00000  0.00090  0.43035
   0.99441  0.00171  0.26706
   0.98505  0.00309  0.20599
   0.97421  0.00471  0.15627
   0.96161  0.00663  0.11115
   0.94737  0.00884  0.06543
   0.93325  0.01106  0.02210
   0.91931  0.01326 -0.01827
   0.90506  0.01546 -0.05842
   0.89042  0.01767 -0.09541
   0.87606  0.01973 -0.12442
   0.86177  0.02169 -0.14635
   0.84734  0.02359 -0.16679
   0.83270  0.02546 -0.18507
   0.81793  0.02730 -0.20610
   0.80316  0.02911 -0.22559
   0.78842  0.03087 -0.24434
   0.77369  0.03259 -0.26304
   0.75895  0.03427 -0.28119
   0.74417  0.03594 -0.29809
   0.72935  0.03758 -0.31831
   0.71453  0.03922 -0.34064
   0.69973  0.04082 -0.36347
   0.68499  0.04239 -0.38779
   0.67030  0.04390 -0.41088
   0.65563  0.04535 -0.43242
   0.64096  0.04675 -0.45169
   0.62628  0.04810 -0.47052
   0.61156  0.04941 -0.48912
   0.59681  0.05067 -0.50878
   0.58203  0.05189 -0.52803
   0.56724  0.05307 -0.54839
   0.55244  0.05422 -0.56842
   0.53765  0.05533 -0.59172
   0.52287  0.05640 -0.61395
   0.50810  0.05742 -0.63953
   0.49334  0.05841 -0.66476
   0.47860  0.05934 -0.69053
   0.46387  0.06022 -0.71630
   0.44915  0.06104 -0.74314
   0.43442  0.06181 -0.76904
   0.41969  0.06253 -0.79685
   0.40495  0.06319 -0.82548
   0.39020  0.06380 -0.85502
   0.37544  0.06435 -0.88652
   0.36068  0.06486 -0.92135
   0.34591  0.06531 -0.95829
   0.33114  0.06572 -1.00128
   0.31639  0.06607 -1.04879
   0.30166  0.06635 -1.10173
   0.28699  0.06655 -1.15829
   0.27241  0.06666 -1.22398
   0.25797  0.06667 -1.29633
   0.24366  0.06654 -1.37167
   0.22947  0.06625 -1.44969
   0.21537  0.06577 -1.52276
   0.20130  0.06508 -1.59677
   0.18725  0.06420 -1.67406
   0.17324  0.06310 -1.75865
   0.15936  0.06179 -1.86607
   0.14567  0.06024 -1.98267
   0.13227  0.05840 -2.10142
   0.11921  0.05625 -2.21669
   0.10653  0.05378 -2.32418
   0.09415  0.05095 -2.42609
   0.08189  0.04770 -2.52331
   0.06953  0.04394 -2.61591
   0.05735  0.03972 -2.72723
   0.04618  0.03537 -2.90816
   0.03635  0.03105 -3.14660
   0.02733  0.02648 -3.40143
   0.01979  0.02207 -3.67185
   0.01431  0.01842 -4.04085
   0.01036  0.01543 -4.48682
   0.00736  0.01281 -4.94197
   0.00501  0.01041 -5.30131
   0.00318  0.00822 -5.81439
   0.00183  0.00627 -6.50838
   0.00088  0.00450 -7.15638
   0.00027  0.00286 -7.61053
  -0.00001  0.00129 -7.60119
   0.00003 -0.00024 -6.68701
   0.00041 -0.00177 -4.90585
   0.00113 -0.00332 -3.26164
   0.00221 -0.00488 -1.91970
   0.00372 -0.00643 -0.88852
   0.00573 -0.00785 -0.03635
   0.00835 -0.00911  0.54419
   0.01171 -0.01038  0.81390
   0.01608 -0.01185  0.94090
   0.02199 -0.01357  0.99504
   0.02991 -0.01546  0.99286
   0.03953 -0.01729  0.95651
   0.05077 -0.01903  0.90680
   0.06411 -0.02079  0.85004
   0.07830 -0.02241  0.79530
   0.09226 -0.02378  0.74818
   0.10620 -0.02498  0.70722
   0.12043 -0.02606  0.67068
   0.13499 -0.02705  0.63644
   0.14970 -0.02797  0.60476
   0.16440 -0.02880  0.57548
   0.17902 -0.02954  0.54826
   0.19359 -0.03020  0.52326
   0.20813 -0.03077  0.49982
   0.22268 -0.03125  0.47857
   0.23726 -0.03163  0.46003
   0.25190 -0.03192  0.44385
   0.26659 -0.03214  0.42901
   0.28133 -0.03230  0.41530
   0.29611 -0.03240  0.40168
   0.31090 -0.03245  0.38906
   0.32568 -0.03246  0.37677
   0.34047 -0.03241  0.36606
   0.35526 -0.03232  0.35554
   0.37007 -0.03218  0.34668
   0.38490 -0.03201  0.33739
   0.39976 -0.03181  0.32955
   0.41465 -0.03158  0.32068
   0.42954 -0.03133  0.31291
   0.44443 -0.03105  0.30467
   0.45932 -0.03075  0.29685
   0.47421 -0.03043  0.28937
   0.48910 -0.03008  0.28211
   0.50398 -0.02972  0.27469
   0.51887 -0.02933  0.26793
   0.53377 -0.02892  0.26120
   0.54865 -0.02849  0.25451
   0.56353 -0.02804  0.24777
   0.57840 -0.02756  0.24188
   0.59326 -0.02706  0.23563
   0.60812 -0.02653  0.23033
   0.62299 -0.02598  0.22482
   0.63787 -0.02540  0.22007
   0.65277 -0.02480  0.21606
   0.66767 -0.02418  0.21163
   0.68258 -0.02355  0.20568
   0.69749 -0.02290  0.20062
   0.71238 -0.02224  0.19602
   0.72726 -0.02155  0.19091
   0.74211 -0.02084  0.18593
   0.75694 -0.02010  0.18126
   0.77177 -0.01934  0.17752
   0.78660 -0.01855  0.17314
   0.80147 -0.01772  0.17024
   0.81638 -0.01687  0.16669
   0.83129 -0.01600  0.16282
   0.84613 -0.01510  0.15957
   0.86081 -0.01418  0.15377
   0.87540 -0.01323  0.14992
   0.89006 -0.01223  0.14662
   0.90485 -0.01114  0.14334
   0.91926 -0.01000  0.14215
   0.93349 -0.00878  0.14566
   0.94801 -0.00741  0.15325
   0.96204 -0.00596  0.16907
   0.97439 -0.00456  0.19346
   0.98510 -0.00325  0.22729
   0.99442 -0.00205  0.28117
   1.00000 -0.00130  0.43035
