                                                
 Alfa =  10.00000 Re =  4000000.000 Xflap,Yflap =     0.000000    0.000000
#    x        y        Cp  
   1.00003  0.00491  0.14936
   0.99393  0.00571  0.07079
   0.98189  0.00727  0.03386
   0.96771  0.00913  0.00591
   0.95300  0.01113 -0.03333
   0.93779  0.01318 -0.05658
   0.92258  0.01524 -0.07705
   0.90753  0.01735 -0.11450
   0.89253  0.01942 -0.14599
   0.87750  0.02140 -0.15784
   0.86243  0.02335 -0.16505
   0.84731  0.02534 -0.17665
   0.83215  0.02743 -0.20126
   0.81694  0.02957 -0.23223
   0.80168  0.03172 -0.26452
   0.78635  0.03383 -0.28538
   0.77096  0.03592 -0.30515
   0.75551  0.03799 -0.32159
   0.74004  0.04007 -0.34031
   0.72458  0.04218 -0.36232
   0.70915  0.04431 -0.38751
   0.69377  0.04647 -0.41745
   0.67845  0.04866 -0.45658
   0.66318  0.05083 -0.49800
   0.64793  0.05296 -0.53822
   0.63269  0.05501 -0.57298
   0.61742  0.05700 -0.60703
   0.60212  0.05892 -0.63863
   0.58678  0.06079 -0.67283
   0.57142  0.06259 -0.70887
   0.55607  0.06433 -0.74640
   0.54076  0.06599 -0.78777
   0.52554  0.06756 -0.83181
   0.51043  0.06901 -0.87604
   0.49538  0.07033 -0.91559
   0.48032  0.07150 -0.94758
   0.46520  0.07255 -0.97573
   0.44998  0.07349 -1.00309
   0.43466  0.07435 -1.03872
   0.41930  0.07512 -1.07670
   0.40394  0.07578 -1.12007
   0.38870  0.07634 -1.16815
   0.37367  0.07678 -1.22187
   0.35881  0.07706 -1.27519
   0.34399  0.07716 -1.32038
   0.32896  0.07707 -1.34685
   0.31357  0.07683 -1.37457
   0.29797  0.07648 -1.42029
   0.28274  0.07609 -1.52442
   0.26829  0.07555 -1.64481
   0.25460  0.07472 -1.74062
   0.24136  0.07348 -1.71843
   0.22823  0.07196 -1.56849
   0.21565  0.07073 -1.72853
   0.20418  0.06953 -2.02811
   0.19325  0.06775 -1.86712
   0.18223  0.06565 -1.75207
   0.17234  0.06368 -1.46264
   0.16387  0.06245 -1.52362
   0.15562  0.06171 -2.41402
   0.14730  0.06010 -2.40570
   0.13909  0.05773 -1.60284
   0.13023  0.05573 -1.63954
   0.11954  0.05385 -2.25757
   0.10806  0.05117 -2.21252
   0.09495  0.04764 -2.21061
   0.08152  0.04373 -2.25959
   0.06781  0.03950 -2.37263
   0.05465  0.03521 -2.64566
   0.04268  0.03091 -2.91388
   0.03220  0.02675 -3.40965
   0.02370  0.02282 -3.75472
   0.01716  0.01946 -4.43116
   0.01228  0.01657 -5.41941
   0.00876  0.01402 -6.53880
   0.00611  0.01147 -6.46038
   0.00400  0.00896 -6.32187
   0.00236  0.00672 -7.03294
   0.00120  0.00475 -7.95833
   0.00045  0.00297 -8.67286
   0.00006  0.00130 -8.83637
   0.00002 -0.00035 -7.89924
   0.00035 -0.00200 -6.07673
   0.00103 -0.00366 -4.35439
   0.00211 -0.00528 -2.86352
   0.00366 -0.00677 -1.42127
   0.00579 -0.00799 -0.13252
   0.00854 -0.00905  0.51991
   0.01191 -0.01013  0.78481
   0.01612 -0.01112  0.93705
   0.02166 -0.01201  0.99517
   0.02890 -0.01284  0.99308
   0.03844 -0.01343  0.95616
   0.04998 -0.01387  0.90133
   0.06314 -0.01399  0.84318
   0.07664 -0.01380  0.78753
   0.08987 -0.01317  0.74229
   0.10285 -0.01211  0.73252
   0.11543 -0.01124  0.68689
   0.12878 -0.00997  0.67712
   0.14347 -0.00852  0.65724
   0.15873 -0.00696  0.64156
   0.17419 -0.00536  0.62676
   0.18964 -0.00373  0.61397
   0.20511 -0.00205  0.60632
   0.22053 -0.00039  0.60121
   0.23576  0.00118  0.59570
   0.25096  0.00264  0.58737
   0.26632  0.00403  0.57820
   0.28181  0.00539  0.57055
   0.29732  0.00673  0.56585
   0.31261  0.00802  0.56800
   0.32731  0.00914  0.57100
   0.34157  0.00994  0.56280
   0.35608  0.01045  0.53294
   0.36971  0.01095  0.49102
   0.38195  0.01191  0.51013
   0.39373  0.01307  0.56635
   0.40586  0.01376  0.56229
   0.41884  0.01399  0.52464
   0.43281  0.01423  0.50054
   0.44733  0.01467  0.50530
   0.46199  0.01507  0.50376
   0.47673  0.01532  0.48799
   0.49149  0.01560  0.47500
   0.50605  0.01602  0.48121
   0.52025  0.01644  0.49837
   0.53433  0.01661  0.49465
   0.54876  0.01650  0.47146
   0.56374  0.01635  0.45505
   0.57896  0.01628  0.45399
   0.59417  0.01621  0.45382
   0.60938  0.01605  0.44882
   0.62472  0.01578  0.44131
   0.64012  0.01544  0.43543
   0.65541  0.01503  0.42903
   0.67068  0.01451  0.41908
   0.68609  0.01391  0.40619
   0.70162  0.01328  0.39720
   0.71704  0.01266  0.39273
   0.73229  0.01196  0.38636
   0.74757  0.01117  0.37114
   0.76302  0.01034  0.35799
   0.77858  0.00953  0.35088
   0.79409  0.00871  0.34499
   0.80953  0.00785  0.33708
   0.82490  0.00693  0.32835
   0.84031  0.00594  0.31575
   0.85570  0.00492  0.29691
   0.87078  0.00395  0.28328
   0.88546  0.00310  0.29183
   0.89974  0.00214  0.28925
   0.91368  0.00100  0.23946
   0.92751  0.00005  0.23218
   0.94153 -0.00078  0.24863
   0.95571 -0.00180  0.21778
   0.96974 -0.00272  0.21707
   0.98287 -0.00362  0.20353
   0.99399 -0.00441  0.20459
   0.99997 -0.00491  0.14936
