                                                
 Alfa =  10.00000 Re =  4000000.000 Xflap,Yflap =     0.000000    0.000000
#    x        y        Cp  
   1.00000  0.00085  0.34958
   0.99464  0.00224  0.14647
   0.98578  0.00446  0.06734
   0.97575  0.00688 -0.00291
   0.96431  0.00949 -0.05943
   0.95136  0.01228 -0.10801
   0.93709  0.01515 -0.14080
   0.92239  0.01793 -0.16480
   0.90770  0.02060 -0.17859
   0.89288  0.02326 -0.19901
   0.87818  0.02590 -0.22269
   0.86356  0.02852 -0.24898
   0.84895  0.03113 -0.27691
   0.83430  0.03373 -0.30563
   0.81959  0.03633 -0.33381
   0.80481  0.03891 -0.36723
   0.79000  0.04147 -0.39735
   0.77518  0.04399 -0.43355
   0.76039  0.04646 -0.46739
   0.74565  0.04886 -0.50249
   0.73096  0.05116 -0.53717
   0.71632  0.05337 -0.56967
   0.70170  0.05548 -0.60057
   0.68709  0.05746 -0.62558
   0.67244  0.05935 -0.64571
   0.65775  0.06115 -0.66715
   0.64300  0.06286 -0.68522
   0.62818  0.06452 -0.70378
   0.61330  0.06611 -0.72414
   0.59838  0.06767 -0.74610
   0.58345  0.06918 -0.77522
   0.56853  0.07065 -0.80651
   0.55363  0.07205 -0.83882
   0.53877  0.07337 -0.87401
   0.52396  0.07461 -0.90742
   0.50919  0.07575 -0.94175
   0.49445  0.07679 -0.97306
   0.47973  0.07771 -1.00115
   0.46502  0.07853 -1.02784
   0.45031  0.07925 -1.05343
   0.43557  0.07988 -1.08144
   0.42080  0.08041 -1.10684
   0.40599  0.08087 -1.13801
   0.39112  0.08124 -1.16971
   0.37618  0.08153 -1.20623
   0.36118  0.08174 -1.24574
   0.34613  0.08185 -1.28761
   0.33108  0.08186 -1.33200
   0.31607  0.08177 -1.38144
   0.30119  0.08157 -1.43391
   0.28651  0.08125 -1.49203
   0.27209  0.08082 -1.55502
   0.25794  0.08025 -1.62059
   0.24401  0.07953 -1.68658
   0.23022  0.07865 -1.75309
   0.21643  0.07757 -1.81917
   0.20249  0.07627 -1.88145
   0.18815  0.07468 -1.92228
   0.17333  0.07285 -1.96440
   0.15862  0.07091 -2.03737
   0.14390  0.06895 -2.23011
   0.13036  0.06702 -2.56229
   0.11816  0.06488 -2.88395
   0.10688  0.06230 -3.13979
   0.09594  0.05898 -3.15365
   0.08462  0.05471 -2.84139
   0.07223  0.04963 -2.64979
   0.05899  0.04416 -2.92833
   0.04718  0.03882 -3.25908
   0.03805  0.03404 -3.49291
   0.03062  0.02954 -3.67764
   0.02375  0.02463 -3.63481
   0.01620  0.01834 -3.10212
   0.01059  0.01375 -3.52355
   0.00715  0.01094 -4.50453
   0.00479  0.00882 -5.50814
   0.00307  0.00705 -6.61980
   0.00180  0.00547 -7.86249
   0.00089  0.00402 -9.10999
   0.00030  0.00266-10.20015
  -0.00000  0.00134-10.52188
  -0.00001  0.00005 -9.58525
   0.00030 -0.00124 -7.17695
   0.00091 -0.00255 -4.81781
   0.00183 -0.00388 -2.94801
   0.00308 -0.00524 -1.58796
   0.00471 -0.00664 -0.61475
   0.00682 -0.00809  0.05876
   0.00957 -0.00957  0.52356
   0.01326 -0.01096  0.82928
   0.01831 -0.01184  0.98415
   0.02525 -0.01171  0.99127
   0.03443 -0.01066  0.94726
   0.04622 -0.00872  0.89929
   0.05996 -0.00633  0.85740
   0.07437 -0.00388  0.82078
   0.08865 -0.00139  0.79771
   0.10276  0.00095  0.78059
   0.11691  0.00306  0.76123
   0.13131  0.00501  0.74225
   0.14605  0.00689  0.72438
   0.16098  0.00874  0.71147
   0.17585  0.01052  0.70214
   0.19052  0.01216  0.69465
   0.20498  0.01363  0.68660
   0.21933  0.01490  0.67721
   0.23364  0.01600  0.66730
   0.24799  0.01695  0.65687
   0.26242  0.01776  0.64627
   0.27698  0.01846  0.63567
   0.29167  0.01905  0.62415
   0.30650  0.01956  0.61316
   0.32143  0.01998  0.60188
   0.33645  0.02033  0.59080
   0.35153  0.02062  0.57973
   0.36664  0.02087  0.56922
   0.38176  0.02110  0.55897
   0.39688  0.02130  0.54962
   0.41199  0.02150  0.54215
   0.42708  0.02170  0.53599
   0.44213  0.02187  0.52981
   0.45715  0.02202  0.52522
   0.47213  0.02212  0.52034
   0.48707  0.02217  0.51556
   0.50198  0.02216  0.51053
   0.51687  0.02209  0.50461
   0.53175  0.02194  0.49857
   0.54662  0.02173  0.49233
   0.56149  0.02144  0.48544
   0.57636  0.02109  0.47834
   0.59125  0.02066  0.47102
   0.60615  0.02017  0.46185
   0.62106  0.01962  0.45338
   0.63600  0.01901  0.44308
   0.65096  0.01836  0.43290
   0.66594  0.01768  0.42330
   0.68096  0.01698  0.41355
   0.69600  0.01628  0.40388
   0.71109  0.01558  0.39634
   0.72619  0.01489  0.39046
   0.74127  0.01419  0.38336
   0.75635  0.01347  0.37854
   0.77145  0.01273  0.37194
   0.78651  0.01195  0.36618
   0.80149  0.01113  0.35824
   0.81633  0.01027  0.34914
   0.83101  0.00937  0.33896
   0.84557  0.00846  0.32857
   0.86004  0.00754  0.31804
   0.87452  0.00662  0.30581
   0.88912  0.00570  0.29674
   0.90400  0.00478  0.28736
   0.91882  0.00390  0.27966
   0.93337  0.00305  0.27355
   0.94813  0.00220  0.26844
   0.96221  0.00138  0.26409
   0.97454  0.00066  0.26177
   0.98519  0.00003  0.26170
   0.99445 -0.00052  0.27220
   1.00000 -0.00085  0.34958
