                                                
 Alfa =  10.00000 Re =  4000000.000 Xflap,Yflap =     0.000000    0.000000
#    x        y        Cp  
   1.00000  0.00000  0.54678
   0.99366  0.00364 -0.04436
   0.98263  0.00773  0.05558
   0.97022  0.01197 -0.00020
   0.95655  0.01638 -0.01042
   0.94178  0.02115 -0.05461
   0.92608  0.02618 -0.07873
   0.90963  0.03154 -0.13890
   0.89262  0.03700 -0.15238
   0.87518  0.04281 -0.24015
   0.85734  0.04860 -0.25042
   0.83928  0.05465 -0.32795
   0.82087  0.06081 -0.39738
   0.80223  0.06698 -0.43187
   0.78350  0.07338 -0.55110
   0.76438  0.07975 -0.63609
   0.74485  0.08609 -0.72036
   0.72577  0.09221 -0.86324
   0.70704  0.09782 -0.96009
   0.68811  0.10309 -1.04078
   0.66933  0.10798 -1.14905
   0.65071  0.11236 -1.21942
   0.63164  0.11641 -1.25790
   0.61242  0.12019 -1.34524
   0.59350  0.12352 -1.42073
   0.57423  0.12643 -1.43366
   0.55448  0.12912 -1.48715
   0.53504  0.13147 -1.57174
   0.51548  0.13336 -1.57455
   0.49514  0.13503 -1.59103
   0.47505  0.13651 -1.69647
   0.45538  0.13756 -1.73705
   0.43516  0.13826 -1.74014
   0.41499  0.13878 -1.84224
   0.39542  0.13891 -1.90712
   0.37542  0.13860 -1.89178
   0.35524  0.13812 -1.99096
   0.33591  0.13733 -2.09630
   0.31641  0.13603 -2.07394
   0.29661  0.13449 -2.16638
   0.27777  0.13270 -2.30845
   0.25902  0.13035 -2.28202
   0.23995  0.12767 -2.36942
   0.22191  0.12481 -2.54040
   0.20419  0.12136 -2.51046
   0.18634  0.11754 -2.61232
   0.16967  0.11358 -2.81005
   0.15350  0.10901 -2.75638
   0.13747  0.10407 -2.86348
   0.12267  0.09903 -3.04914
   0.10857  0.09347 -2.96214
   0.09503  0.08771 -3.08067
   0.08288  0.08204 -3.25617
   0.07175  0.07614 -3.15559
   0.06154  0.07033 -3.26530
   0.05267  0.06486 -3.48901
   0.04495  0.05943 -3.39072
   0.03805  0.05414 -3.28826
   0.03198  0.04924 -3.47148
   0.02681  0.04468 -3.62716
   0.02239  0.04029 -3.52599
   0.01853  0.03609 -3.39334
   0.01512  0.03215 -3.42447
   0.01216  0.02847 -3.55439
   0.00962  0.02499 -3.63608
   0.00746  0.02166 -3.58309
   0.00563  0.01848 -3.50738
   0.00405  0.01543 -3.49312
   0.00271  0.01251 -3.60876
   0.00163  0.00971 -3.70070
   0.00082  0.00702 -3.70916
   0.00028  0.00443 -3.62016
   0.00002  0.00193 -3.44420
   0.00002 -0.00051 -3.15873
   0.00032 -0.00295 -2.76422
   0.00097 -0.00539 -2.23212
   0.00202 -0.00778 -1.44562
   0.00345 -0.01011 -0.72198
   0.00514 -0.01242 -0.26678
   0.00707 -0.01466  0.04206
   0.00931 -0.01673  0.32804
   0.01192 -0.01855  0.60916
   0.01492 -0.02019  0.79980
   0.01823 -0.02182  0.89837
   0.02174 -0.02350  0.95071
   0.02548 -0.02507  0.98435
   0.02955 -0.02634  0.99914
   0.03404 -0.02737  0.99768
   0.03897 -0.02838  0.98785
   0.04427 -0.02956  0.97017
   0.04992 -0.03071  0.94292
   0.05602 -0.03157  0.91608
   0.06274 -0.03215  0.89745
   0.07013 -0.03279  0.87511
   0.07811 -0.03360  0.83444
   0.08664 -0.03422  0.79530
   0.09590 -0.03439  0.78273
   0.10606 -0.03449  0.76773
   0.11693 -0.03476  0.72413
   0.12827 -0.03476  0.69235
   0.14023 -0.03430  0.69726
   0.15290 -0.03394  0.68097
   0.16602 -0.03375  0.63547
   0.17946 -0.03315  0.62488
   0.19338 -0.03226  0.63777
   0.20778 -0.03167  0.61052
   0.22245 -0.03110  0.57390
   0.23739 -0.03008  0.58321
   0.25267 -0.02904  0.58906
   0.26822 -0.02833  0.55367
   0.28393 -0.02745  0.53338
   0.29981 -0.02621  0.55272
   0.31593 -0.02515  0.54867
   0.33226 -0.02436  0.51257
   0.34873 -0.02329  0.50667
   0.36534 -0.02200  0.52638
   0.38210 -0.02100  0.51234
   0.39900 -0.02015  0.47945
   0.41598 -0.01898  0.48504
   0.43302 -0.01772  0.50209
   0.45012 -0.01679  0.47899
   0.46724 -0.01589  0.45157
   0.48436 -0.01464  0.46729
   0.50152 -0.01341  0.47999
   0.51871 -0.01251  0.45135
   0.53592 -0.01154  0.43097
   0.55320 -0.01021  0.45230
   0.57057 -0.00899  0.45734
   0.58793 -0.00802  0.42617
   0.60524 -0.00684  0.41967
   0.62265 -0.00536  0.44584
   0.64011 -0.00408  0.43892
   0.65737 -0.00289  0.41281
   0.67446 -0.00134  0.43139
   0.69156  0.00031  0.45696
   0.70855  0.00168  0.43946
   0.72519  0.00316  0.43730
   0.74142  0.00490  0.47927
   0.75742  0.00636  0.48949
   0.77335  0.00752  0.46848
   0.78889  0.00887  0.49526
   0.80376  0.01008  0.52978
   0.81834  0.01073  0.50837
   0.83278  0.01131  0.49936
   0.84661  0.01203  0.54229
   0.85982  0.01228  0.54426
   0.87282  0.01212  0.50806
   0.88540  0.01214  0.53322
   0.89723  0.01200  0.56170
   0.90857  0.01131  0.51934
   0.91956  0.01067  0.51123
   0.92993  0.01016  0.56030
   0.93975  0.00916  0.53018
   0.94927  0.00800  0.48701
   0.95841  0.00709  0.54510
   0.96714  0.00573  0.50029
   0.97577  0.00424  0.46231
   0.98440  0.00282  0.49058
   0.99333  0.00087  0.33004
   1.00000  0.00000  0.54678
