                                                
 Alfa =  10.00000 Re =  4000000.000 Xflap,Yflap =     0.000000    0.000000
#    x        y        Cp  
   1.00000  0.00028  0.21212
   0.99413  0.00099  0.11928
   0.98202  0.00251  0.06372
   0.96866  0.00421  0.01998
   0.95495  0.00598 -0.02009
   0.94122  0.00771 -0.04979
   0.92744  0.00941 -0.07178
   0.91365  0.01110 -0.09653
   0.89983  0.01278 -0.11700
   0.88598  0.01445 -0.13911
   0.87216  0.01610 -0.16157
   0.85832  0.01774 -0.17935
   0.84449  0.01936 -0.20000
   0.83066  0.02096 -0.22014
   0.81682  0.02255 -0.23886
   0.80300  0.02411 -0.25929
   0.78916  0.02565 -0.27424
   0.77533  0.02717 -0.29869
   0.76151  0.02867 -0.31285
   0.74767  0.03014 -0.33414
   0.73384  0.03159 -0.35176
   0.71999  0.03302 -0.37226
   0.70617  0.03441 -0.38957
   0.69233  0.03579 -0.40985
   0.67850  0.03713 -0.43023
   0.66467  0.03844 -0.44904
   0.65084  0.03973 -0.46884
   0.63700  0.04098 -0.49016
   0.62318  0.04219 -0.50940
   0.60935  0.04337 -0.53129
   0.59552  0.04452 -0.55110
   0.58169  0.04562 -0.57204
   0.56786  0.04669 -0.59332
   0.55403  0.04771 -0.61478
   0.54019  0.04870 -0.63840
   0.52636  0.04964 -0.65971
   0.51253  0.05055 -0.68548
   0.49872  0.05140 -0.71000
   0.48490  0.05220 -0.73290
   0.47108  0.05296 -0.75923
   0.45727  0.05365 -0.78323
   0.44345  0.05429 -0.81076
   0.42965  0.05488 -0.83601
   0.41584  0.05540 -0.86353
   0.40203  0.05587 -0.89162
   0.38823  0.05627 -0.92159
   0.37443  0.05661 -0.95012
   0.36063  0.05688 -0.98195
   0.34685  0.05708 -1.01499
   0.33307  0.05721 -1.04774
   0.31929  0.05726 -1.08370
   0.30553  0.05723 -1.12001
   0.29177  0.05713 -1.15994
   0.27803  0.05694 -1.20184
   0.26430  0.05666 -1.24640
   0.25058  0.05628 -1.29354
   0.23689  0.05581 -1.34476
   0.22323  0.05522 -1.40016
   0.20959  0.05452 -1.45947
   0.19600  0.05370 -1.52363
   0.18244  0.05273 -1.59369
   0.16893  0.05162 -1.67143
   0.15548  0.05035 -1.75476
   0.14211  0.04889 -1.84961
   0.12883  0.04724 -1.95269
   0.11564  0.04537 -2.06569
   0.10257  0.04325 -2.19385
   0.08963  0.04087 -2.34398
   0.07689  0.03820 -2.52408
   0.06442  0.03521 -2.74821
   0.05235  0.03185 -3.02794
   0.04083  0.02810 -3.37924
   0.03014  0.02393 -3.82313
   0.02074  0.01947 -4.38630
   0.01330  0.01510 -5.09868
   0.00812  0.01130 -5.92608
   0.00477  0.00825 -6.83339
   0.00262  0.00577 -7.88357
   0.00123  0.00372 -9.20085
   0.00039  0.00192-10.94487
   0.00002  0.00033-12.94024
   0.00016 -0.00117-11.84144
   0.00094 -0.00266 -6.74898
   0.00242 -0.00402 -2.61965
   0.00459 -0.00533 -0.65323
   0.00772 -0.00669  0.29690
   0.01241 -0.00821  0.77391
   0.01956 -0.00989  0.96851
   0.02954 -0.01155  0.99768
   0.04139 -0.01292  0.95856
   0.05412 -0.01393  0.90364
   0.06724 -0.01463  0.85018
   0.08059 -0.01508  0.80261
   0.09409 -0.01534  0.76121
   0.10772 -0.01545  0.72519
   0.12142 -0.01545  0.69342
   0.13517 -0.01535  0.66527
   0.14894 -0.01517  0.64011
   0.16274 -0.01492  0.61759
   0.17655 -0.01460  0.59730
   0.19038 -0.01423  0.57934
   0.20423 -0.01381  0.56289
   0.21808 -0.01334  0.54794
   0.23195 -0.01283  0.53485
   0.24583 -0.01229  0.52244
   0.25972 -0.01172  0.51152
   0.27362 -0.01112  0.50143
   0.28754 -0.01051  0.49219
   0.30146 -0.00987  0.48334
   0.31539 -0.00923  0.47598
   0.32934 -0.00857  0.46824
   0.34329 -0.00792  0.46124
   0.35724 -0.00726  0.45471
   0.37118 -0.00660  0.44888
   0.38512 -0.00595  0.44257
   0.39906 -0.00530  0.43714
   0.41299 -0.00466  0.43211
   0.42692 -0.00403  0.42697
   0.44086 -0.00341  0.42197
   0.45478 -0.00280  0.41814
   0.46869 -0.00221  0.41341
   0.48260 -0.00164  0.40877
   0.49652 -0.00109  0.40485
   0.51042 -0.00056  0.40043
   0.52433 -0.00005  0.39639
   0.53823  0.00044  0.39215
   0.55214  0.00091  0.38791
   0.56604  0.00135  0.38402
   0.57994  0.00177  0.38122
   0.59384  0.00215  0.37504
   0.60774  0.00252  0.37302
   0.62163  0.00285  0.36779
   0.63553  0.00316  0.36397
   0.64943  0.00344  0.35910
   0.66332  0.00369  0.35616
   0.67721  0.00391  0.35105
   0.69111  0.00410  0.34729
   0.70501  0.00426  0.34161
   0.71890  0.00439  0.33865
   0.73280  0.00449  0.33285
   0.74669  0.00457  0.32865
   0.76059  0.00461  0.32540
   0.77447  0.00462  0.31933
   0.78837  0.00460  0.31357
   0.80225  0.00454  0.31139
   0.81613  0.00445  0.30491
   0.83001  0.00433  0.29895
   0.84388  0.00417  0.29472
   0.85775  0.00396  0.28942
   0.87161  0.00372  0.28175
   0.88547  0.00344  0.27519
   0.89932  0.00311  0.26885
   0.91317  0.00273  0.26205
   0.92701  0.00231  0.25202
   0.94084  0.00183  0.24240
   0.95466  0.00131  0.23242
   0.96846  0.00074  0.21843
   0.98187  0.00014  0.20655
   0.99407 -0.00044  0.19167
   1.00000 -0.00072  0.21212
