                                                
 Alfa =  10.00000 Re =  4000000.000 Xflap,Yflap =     0.000000    0.000000
#    x        y        Cp  
   1.00000  0.00520  0.64490
   0.99069  0.00788  0.43187
   0.97554  0.01218  0.32253
   0.95881  0.01685  0.23561
   0.94045  0.02187  0.16179
   0.92060  0.02717  0.09457
   0.89955  0.03266  0.03199
   0.87758  0.03824 -0.02710
   0.85493  0.04384 -0.08349
   0.83181  0.04939 -0.13766
   0.80842  0.05485 -0.19008
   0.78485  0.06020 -0.24118
   0.76115  0.06541 -0.29170
   0.73735  0.07048 -0.34199
   0.71347  0.07541 -0.39203
   0.68954  0.08019 -0.44272
   0.66558  0.08480 -0.49476
   0.64167  0.08924 -0.54725
   0.61784  0.09349 -0.60164
   0.59419  0.09754 -0.65823
   0.57081  0.10136 -0.71815
   0.54775  0.10493 -0.77948
   0.52502  0.10823 -0.84220
   0.50261  0.11126 -0.90518
   0.48047  0.11402 -0.96860
   0.45856  0.11650 -1.03261
   0.43689  0.11870 -1.09789
   0.41549  0.12061 -1.16600
   0.39446  0.12224 -1.23660
   0.37387  0.12358 -1.31349
   0.35379  0.12460 -1.39109
   0.33427  0.12531 -1.47152
   0.31531  0.12570 -1.55125
   0.29691  0.12577 -1.63391
   0.27905  0.12553 -1.71776
   0.26175  0.12499 -1.80262
   0.24505  0.12413 -1.88662
   0.22901  0.12298 -1.96948
   0.21366  0.12157 -2.05038
   0.19905  0.11990 -2.13140
   0.18520  0.11802 -2.21433
   0.17211  0.11594 -2.29411
   0.15977  0.11369 -2.37220
   0.14812  0.11128 -2.44689
   0.13714  0.10874 -2.52140
   0.12680  0.10607 -2.59293
   0.11708  0.10330 -2.65918
   0.10797  0.10046 -2.72371
   0.09946  0.09757 -2.78949
   0.09151  0.09464 -2.86089
   0.08409  0.09168 -2.92869
   0.07717  0.08868 -2.98944
   0.07070  0.08565 -3.03505
   0.06465  0.08259 -3.06879
   0.05897  0.07950 -3.09790
   0.05365  0.07639 -3.11549
   0.04866  0.07327 -3.13509
   0.04398  0.07015 -3.16226
   0.03962  0.06702 -3.17667
   0.03555  0.06390 -3.18831
   0.03175  0.06077 -3.18745
   0.02822  0.05764 -3.17260
   0.02493  0.05450 -3.15472
   0.02187  0.05135 -3.13065
   0.01904  0.04818 -3.08873
   0.01644  0.04500 -3.02593
   0.01405  0.04180 -2.93906
   0.01188  0.03858 -2.82253
   0.00993  0.03535 -2.67314
   0.00817  0.03214 -2.51961
   0.00662  0.02894 -2.34871
   0.00525  0.02578 -2.18125
   0.00405  0.02263 -2.01033
   0.00302  0.01953 -1.83416
   0.00215  0.01645 -1.66197
   0.00143  0.01339 -1.48374
   0.00086  0.01036 -1.30962
   0.00044  0.00735 -1.13437
   0.00016  0.00436 -0.95350
   0.00001  0.00137 -0.77885
   0.00002 -0.00161 -0.59761
   0.00017 -0.00459 -0.41565
   0.00047 -0.00759 -0.24173
   0.00090 -0.01060 -0.07813
   0.00149 -0.01362  0.07855
   0.00222 -0.01668  0.22170
   0.00310 -0.01975  0.35311
   0.00414 -0.02286  0.47392
   0.00535 -0.02599  0.58177
   0.00673 -0.02916  0.67759
   0.00830 -0.03234  0.76033
   0.01006 -0.03554  0.83127
   0.01203 -0.03875  0.88929
   0.01421 -0.04196  0.93466
   0.01661 -0.04514  0.96785
   0.01923 -0.04831  0.98871
   0.02208 -0.05145  0.99872
   0.02514 -0.05458  0.99904
   0.02844 -0.05770  0.99095
   0.03199 -0.06081  0.97562
   0.03579 -0.06391  0.95391
   0.03988 -0.06701  0.92706
   0.04425 -0.07010  0.89547
   0.04893 -0.07319  0.86004
   0.05393 -0.07628  0.82137
   0.05926 -0.07936  0.77937
   0.06494 -0.08241  0.73530
   0.07100 -0.08543  0.68975
   0.07746 -0.08842  0.64377
   0.08439 -0.09137  0.59817
   0.09180 -0.09428  0.55271
   0.09976 -0.09716  0.50827
   0.10828 -0.10000  0.46241
   0.11739 -0.10278  0.41685
   0.12711 -0.10549  0.37186
   0.13745 -0.10809  0.32892
   0.14843 -0.11058  0.28743
   0.16007 -0.11292  0.24814
   0.17241 -0.11510  0.21092
   0.18550 -0.11710  0.17631
   0.19934 -0.11890  0.14441
   0.21395 -0.12048  0.11442
   0.22930 -0.12182  0.08683
   0.24536 -0.12287  0.06290
   0.26207 -0.12364  0.04190
   0.27937 -0.12409  0.02476
   0.29723 -0.12423  0.01059
   0.31564 -0.12405 -0.00128
   0.33460 -0.12356 -0.01066
   0.35412 -0.12275 -0.01743
   0.37420 -0.12161 -0.02201
   0.39479 -0.12017 -0.02458
   0.41583 -0.11842 -0.02691
   0.43722 -0.11639 -0.02839
   0.45890 -0.11407 -0.02837
   0.48081 -0.11148 -0.02663
   0.50295 -0.10860 -0.02329
   0.52535 -0.10545 -0.01735
   0.54807 -0.10203 -0.01046
   0.57113 -0.09833 -0.00186
   0.59451 -0.09439  0.00728
   0.61815 -0.09023  0.01616
   0.64196 -0.08585  0.02529
   0.66587 -0.08129  0.03511
   0.68980 -0.07655  0.04567
   0.71372 -0.07165  0.05691
   0.73759 -0.06660  0.06938
   0.76137 -0.06140  0.08278
   0.78506 -0.05607  0.09785
   0.80861 -0.05060  0.11455
   0.83198 -0.04502  0.13333
   0.85508 -0.03935  0.15459
   0.87771 -0.03364  0.17882
   0.89966 -0.02795  0.20680
   0.92070 -0.02236  0.23901
   0.94052 -0.01695  0.27714
   0.95887 -0.01185  0.32270
   0.97558 -0.00710  0.38168
   0.99071 -0.00273  0.46489
   1.00000  0.00000  0.64490
