                                                
 Alfa =  10.00000 Re =  4000000.000 Xflap,Yflap =     0.000000    0.000000
#    x        y        Cp  
   1.00000  0.00000  0.46345
   0.99349  0.00177  0.32418
   0.98255  0.00493  0.17090
   0.97029  0.00823  0.07577
   0.95682  0.01149  0.03896
   0.94207  0.01484  0.01857
   0.92648  0.01834 -0.01283
   0.91056  0.02191 -0.04506
   0.89446  0.02552 -0.07897
   0.87825  0.02916 -0.11367
   0.86199  0.03281 -0.14778
   0.84573  0.03646 -0.18259
   0.82948  0.04011 -0.21856
   0.81327  0.04374 -0.25653
   0.79709  0.04734 -0.29314
   0.78095  0.05091 -0.33338
   0.76484  0.05443 -0.37245
   0.74877  0.05790 -0.41294
   0.73273  0.06132 -0.45411
   0.71672  0.06468 -0.49644
   0.70073  0.06796 -0.53939
   0.68478  0.07117 -0.58400
   0.66886  0.07429 -0.62916
   0.65297  0.07732 -0.67567
   0.63711  0.08024 -0.72335
   0.62128  0.08306 -0.77132
   0.60549  0.08575 -0.82122
   0.58972  0.08832 -0.87148
   0.57399  0.09076 -0.92305
   0.55829  0.09305 -0.97573
   0.54264  0.09519 -1.02959
   0.52705  0.09716 -1.08538
   0.51154  0.09895 -1.14120
   0.49611  0.10054 -1.19657
   0.48074  0.10192 -1.24676
   0.46541  0.10307 -1.29315
   0.45009  0.10401 -1.33477
   0.43475  0.10472 -1.37412
   0.41940  0.10521 -1.40750
   0.40401  0.10548 -1.43927
   0.38860  0.10554 -1.46905
   0.37315  0.10539 -1.49647
   0.35768  0.10503 -1.52485
   0.34219  0.10448 -1.55229
   0.32669  0.10373 -1.58224
   0.31120  0.10279 -1.61391
   0.29574  0.10165 -1.64738
   0.28032  0.10032 -1.68509
   0.26498  0.09879 -1.72339
   0.24970  0.09705 -1.76378
   0.23448  0.09510 -1.80429
   0.21935  0.09294 -1.85000
   0.20432  0.09056 -1.89750
   0.18943  0.08795 -1.95147
   0.17468  0.08511 -2.00613
   0.16011  0.08203 -2.06671
   0.14573  0.07869 -2.13061
   0.13161  0.07511 -2.20317
   0.11779  0.07127 -2.28213
   0.10437  0.06719 -2.37020
   0.09144  0.06288 -2.46568
   0.07914  0.05837 -2.57244
   0.06763  0.05372 -2.68759
   0.05710  0.04904 -2.81488
   0.04770  0.04444 -2.95805
   0.03952  0.04003 -3.09971
   0.03253  0.03587 -3.25264
   0.02663  0.03200 -3.39966
   0.02169  0.02845 -3.55976
   0.01755  0.02518 -3.73200
   0.01407  0.02215 -3.89388
   0.01114  0.01935 -4.05920
   0.00867  0.01674 -4.27267
   0.00659  0.01429 -4.47402
   0.00486  0.01197 -4.66257
   0.00343  0.00977 -4.83470
   0.00225  0.00768 -5.06914
   0.00132  0.00567 -5.34303
   0.00063  0.00374 -5.58911
   0.00018  0.00187 -6.00564
   0.00001  0.00008 -6.48002
   0.00023 -0.00169 -6.87166
   0.00110 -0.00336 -3.40652
   0.00235 -0.00495 -1.81337
   0.00388 -0.00649 -0.82705
   0.00569 -0.00804 -0.21069
   0.00778 -0.00961  0.19688
   0.01018 -0.01123  0.47987
   0.01297 -0.01291  0.67977
   0.01620 -0.01468  0.81671
   0.01997 -0.01656  0.90851
   0.02441 -0.01857  0.96547
   0.02968 -0.02073  0.99391
   0.03595 -0.02308  0.99951
   0.04345 -0.02563  0.98663
   0.05236 -0.02838  0.95907
   0.06275 -0.03128  0.92077
   0.07452 -0.03426  0.87590
   0.08744 -0.03722  0.82878
   0.10126 -0.04010  0.78192
   0.11573 -0.04285  0.73665
   0.13064 -0.04547  0.69402
   0.14584 -0.04793  0.65394
   0.16125 -0.05025  0.61643
   0.17681 -0.05242  0.58101
   0.19247 -0.05446  0.54776
   0.20820 -0.05636  0.51645
   0.22399 -0.05813  0.48684
   0.23983 -0.05976  0.45877
   0.25573 -0.06128  0.43245
   0.27166 -0.06268  0.40671
   0.28761 -0.06396  0.38209
   0.30357 -0.06513  0.35849
   0.31954 -0.06617  0.33575
   0.33551 -0.06710  0.31370
   0.35148 -0.06791  0.29244
   0.36745 -0.06859  0.27198
   0.38341 -0.06915  0.25166
   0.39935 -0.06959  0.23260
   0.41527 -0.06989  0.21390
   0.43117 -0.07007  0.19470
   0.44704 -0.07011  0.17658
   0.46286 -0.07000  0.15857
   0.47861 -0.06975  0.14025
   0.49426 -0.06933  0.12272
   0.50978 -0.06873  0.10452
   0.52512 -0.06794  0.08893
   0.54029 -0.06692  0.07528
   0.55533 -0.06565  0.06849
   0.57031 -0.06412  0.06668
   0.58527 -0.06233  0.06890
   0.60024 -0.06026  0.07748
   0.61525 -0.05793  0.09162
   0.63034 -0.05535  0.10976
   0.64557 -0.05252  0.13103
   0.66102 -0.04946  0.15711
   0.67671 -0.04620  0.18529
   0.69263 -0.04282  0.21138
   0.70867 -0.03937  0.23591
   0.72472 -0.03593  0.25897
   0.74072 -0.03252  0.27975
   0.75664 -0.02920  0.29860
   0.77248 -0.02597  0.31557
   0.78828 -0.02284  0.33115
   0.80406 -0.01983  0.34568
   0.81980 -0.01694  0.36018
   0.83538 -0.01422  0.37323
   0.85071 -0.01170  0.38727
   0.86591 -0.00938  0.39694
   0.88124 -0.00727  0.40301
   0.89676 -0.00529  0.40846
   0.91183 -0.00348  0.42710
   0.92566 -0.00203  0.45382
   0.93836 -0.00115  0.45752
   0.95044 -0.00078  0.41327
   0.96212 -0.00045  0.37687
   0.97314  0.00020  0.43114
   0.98345  0.00066  0.49177
   0.99346  0.00043  0.48517
   1.00000  0.00000  0.46345
