                                                
 Alfa =  10.00000 Re =  4000000.000 Xflap,Yflap =     0.000000    0.000000
#    x        y        Cp  
   1.00000  0.00000  0.30811
   0.99396  0.00056  0.27624
   0.98276  0.00186  0.22070
   0.96998  0.00365  0.16832
   0.95644  0.00575  0.12262
   0.94261  0.00804  0.07877
   0.92863  0.01043  0.03542
   0.91454  0.01289 -0.00449
   0.90039  0.01537 -0.04441
   0.88625  0.01785 -0.08126
   0.87213  0.02030 -0.11802
   0.85805  0.02272 -0.15330
   0.84400  0.02508 -0.18550
   0.82997  0.02739 -0.21792
   0.81595  0.02962 -0.24806
   0.80193  0.03178 -0.27442
   0.78790  0.03388 -0.30068
   0.77385  0.03590 -0.32513
   0.75978  0.03786 -0.34680
   0.74570  0.03976 -0.36934
   0.73160  0.04160 -0.39017
   0.71747  0.04337 -0.41070
   0.70333  0.04510 -0.43058
   0.68918  0.04677 -0.45110
   0.67500  0.04840 -0.47165
   0.66083  0.04998 -0.49281
   0.64665  0.05151 -0.51498
   0.63247  0.05299 -0.53645
   0.61829  0.05442 -0.55816
   0.60411  0.05579 -0.57963
   0.58992  0.05712 -0.60305
   0.57573  0.05839 -0.62475
   0.56154  0.05962 -0.64809
   0.54733  0.06078 -0.67104
   0.53313  0.06190 -0.69509
   0.51893  0.06296 -0.72056
   0.50473  0.06396 -0.74590
   0.49054  0.06491 -0.77197
   0.47636  0.06579 -0.79877
   0.46217  0.06661 -0.82606
   0.44797  0.06736 -0.85303
   0.43378  0.06805 -0.88226
   0.41960  0.06867 -0.91368
   0.40542  0.06923 -0.94441
   0.39126  0.06970 -0.97804
   0.37710  0.07010 -1.01159
   0.36296  0.07042 -1.04668
   0.34882  0.07065 -1.08248
   0.33469  0.07079 -1.12155
   0.32058  0.07084 -1.16188
   0.30649  0.07079 -1.20413
   0.29242  0.07064 -1.24822
   0.27837  0.07038 -1.29511
   0.26434  0.07000 -1.34413
   0.25033  0.06951 -1.39738
   0.23636  0.06888 -1.45487
   0.22243  0.06812 -1.51813
   0.20857  0.06721 -1.58514
   0.19477  0.06613 -1.65849
   0.18105  0.06487 -1.73630
   0.16743  0.06342 -1.81989
   0.15391  0.06174 -1.90968
   0.14052  0.05983 -2.00446
   0.12726  0.05766 -2.10662
   0.11415  0.05520 -2.21408
   0.10123  0.05244 -2.33231
   0.08858  0.04936 -2.46175
   0.07620  0.04591 -2.60238
   0.06410  0.04207 -2.75857
   0.05249  0.03785 -2.93501
   0.04170  0.03333 -3.13637
   0.03164  0.02847 -3.39229
   0.02269  0.02341 -3.69301
   0.01605  0.01902 -4.04188
   0.01126  0.01534 -4.40624
   0.00752  0.01198 -4.86476
   0.00465  0.00890 -5.29036
   0.00267  0.00637 -5.78621
   0.00133  0.00433 -7.02457
   0.00049  0.00261 -8.36903
   0.00006  0.00108 -9.35769
   0.00002 -0.00039 -8.71748
   0.00039 -0.00185 -6.10225
   0.00117 -0.00337 -3.73764
   0.00244 -0.00500 -1.96505
   0.00431 -0.00669 -0.70680
   0.00704 -0.00839  0.20970
   0.01091 -0.01003  0.72439
   0.01602 -0.01176  0.92401
   0.02280 -0.01368  0.99452
   0.03185 -0.01569  0.99021
   0.04313 -0.01757  0.94565
   0.05566 -0.01923  0.88990
   0.06881 -0.02064  0.83466
   0.08229 -0.02181  0.78481
   0.09601 -0.02278  0.74073
   0.10989 -0.02358  0.70161
   0.12384 -0.02424  0.66683
   0.13786 -0.02477  0.63600
   0.15193 -0.02519  0.60870
   0.16607 -0.02552  0.58422
   0.18024 -0.02577  0.56165
   0.19444 -0.02594  0.54107
   0.20866 -0.02605  0.52229
   0.22289 -0.02610  0.50488
   0.23714 -0.02610  0.48920
   0.25140 -0.02604  0.47463
   0.26569 -0.02594  0.46093
   0.27997 -0.02580  0.44776
   0.29427 -0.02562  0.43589
   0.30856 -0.02541  0.42480
   0.32287 -0.02515  0.41421
   0.33718 -0.02486  0.40470
   0.35151 -0.02455  0.39549
   0.36585 -0.02421  0.38683
   0.38018 -0.02385  0.37826
   0.39452 -0.02346  0.37027
   0.40885 -0.02305  0.36250
   0.42319 -0.02261  0.35586
   0.43754 -0.02215  0.34937
   0.45189 -0.02168  0.34313
   0.46626 -0.02119  0.33690
   0.48062 -0.02069  0.33124
   0.49499 -0.02017  0.32535
   0.50935 -0.01964  0.31989
   0.52371 -0.01910  0.31446
   0.53807 -0.01854  0.30970
   0.55244 -0.01798  0.30524
   0.56681 -0.01740  0.30012
   0.58118 -0.01681  0.29668
   0.59556 -0.01621  0.29237
   0.60995 -0.01560  0.28867
   0.62434 -0.01499  0.28446
   0.63873 -0.01438  0.28128
   0.65312 -0.01376  0.27713
   0.66750 -0.01314  0.27330
   0.68188 -0.01251  0.27073
   0.69626 -0.01188  0.26720
   0.71065 -0.01125  0.26487
   0.72504 -0.01062  0.26144
   0.73943 -0.00999  0.25978
   0.75382 -0.00936  0.25509
   0.76821 -0.00874  0.25349
   0.78260 -0.00813  0.25044
   0.79698 -0.00752  0.24866
   0.81134 -0.00692  0.24596
   0.82570 -0.00633  0.24348
   0.84006 -0.00576  0.23972
   0.85443 -0.00520  0.23789
   0.86880 -0.00464  0.23455
   0.88316 -0.00411  0.23251
   0.89751 -0.00359  0.22897
   0.91185 -0.00308  0.22663
   0.92621 -0.00259  0.22279
   0.94058 -0.00212  0.21997
   0.95488 -0.00164  0.21600
   0.96886 -0.00113  0.21768
   0.98224 -0.00057  0.24222
   0.99390 -0.00013  0.28634
   1.00001  0.00000  0.30811
