                                                
 Alfa =  10.00000 Re =  4000000.000 Xflap,Yflap =     0.000000    0.000000
#    x        y        Cp  
   1.00000  0.00000  0.45410
   0.99424  0.00137  0.26710
   0.98513  0.00351  0.18360
   0.97540  0.00577  0.12215
   0.96498  0.00816  0.07212
   0.95379  0.01069  0.02651
   0.94175  0.01337 -0.01617
   0.92882  0.01621 -0.05786
   0.91497  0.01919 -0.09779
   0.90028  0.02229 -0.13842
   0.88493  0.02547 -0.17845
   0.86955  0.02858 -0.21701
   0.85429  0.03159 -0.25423
   0.83896  0.03455 -0.29076
   0.82346  0.03746 -0.32692
   0.80794  0.04028 -0.36231
   0.79264  0.04299 -0.39860
   0.77752  0.04558 -0.43374
   0.76251  0.04805 -0.46959
   0.74756  0.05040 -0.50292
   0.73262  0.05263 -0.53514
   0.71766  0.05474 -0.56620
   0.70263  0.05672 -0.59138
   0.68751  0.05856 -0.61052
   0.67225  0.06028 -0.62350
   0.65684  0.06191 -0.63491
   0.64130  0.06347 -0.64610
   0.62564  0.06498 -0.65758
   0.60990  0.06647 -0.67381
   0.59414  0.06795 -0.69779
   0.57844  0.06943 -0.73401
   0.56285  0.07087 -0.77490
   0.54739  0.07224 -0.81830
   0.53208  0.07350 -0.86330
   0.51688  0.07465 -0.90629
   0.50176  0.07564 -0.94570
   0.48667  0.07648 -0.97481
   0.47154  0.07715 -0.99867
   0.45633  0.07768 -1.01857
   0.44103  0.07808 -1.03754
   0.42563  0.07836 -1.05535
   0.41015  0.07854 -1.07552
   0.39463  0.07862 -1.09827
   0.37914  0.07861 -1.12719
   0.36372  0.07851 -1.15890
   0.34838  0.07831 -1.19289
   0.33312  0.07801 -1.22728
   0.31789  0.07759 -1.26456
   0.30266  0.07706 -1.30142
   0.28732  0.07639 -1.33886
   0.27179  0.07559 -1.37823
   0.25606  0.07464 -1.42006
   0.24024  0.07357 -1.46868
   0.22446  0.07238 -1.52492
   0.20868  0.07107 -1.59280
   0.19331  0.06968 -1.68627
   0.17857  0.06822 -1.80464
   0.16455  0.06663 -1.93046
   0.15116  0.06486 -2.05842
   0.13828  0.06287 -2.18358
   0.12574  0.06060 -2.30257
   0.11332  0.05796 -2.41095
   0.10076  0.05486 -2.49453
   0.08774  0.05112 -2.49554
   0.07436  0.04690 -2.56159
   0.06190  0.04272 -2.87664
   0.05107  0.03853 -3.16367
   0.04154  0.03413 -3.21730
   0.03303  0.02966 -3.23858
   0.02550  0.02534 -3.36586
   0.01899  0.02132 -3.76516
   0.01386  0.01778 -4.13082
   0.01009  0.01489 -4.60425
   0.00730  0.01249 -5.16428
   0.00518  0.01041 -5.74666
   0.00353  0.00855 -6.35589
   0.00226  0.00682 -6.94508
   0.00130  0.00520 -7.48682
   0.00061  0.00364 -7.85999
   0.00018  0.00213 -7.91554
  -0.00000  0.00064 -7.50481
   0.00008 -0.00084 -6.36052
   0.00041 -0.00233 -4.88241
   0.00100 -0.00384 -3.47494
   0.00185 -0.00538 -2.29531
   0.00297 -0.00697 -1.34804
   0.00440 -0.00862 -0.61645
   0.00619 -0.01034 -0.06187
   0.00843 -0.01214  0.35254
   0.01124 -0.01402  0.65179
   0.01478 -0.01586  0.85583
   0.01921 -0.01751  0.96846
   0.02469 -0.01890  0.99994
   0.03141 -0.02010  0.98403
   0.03974 -0.02114  0.94276
   0.04990 -0.02192  0.88957
   0.06161 -0.02238  0.83337
   0.07425 -0.02240  0.78387
   0.08772 -0.02196  0.75037
   0.10243 -0.02123  0.72607
   0.11797 -0.02049  0.69896
   0.13298 -0.01984  0.67405
   0.14778 -0.01925  0.65147
   0.16268 -0.01867  0.63019
   0.17791 -0.01808  0.61012
   0.19357 -0.01746  0.59149
   0.20923 -0.01681  0.57598
   0.22462 -0.01615  0.56356
   0.23989 -0.01547  0.55276
   0.25513 -0.01481  0.54321
   0.27042 -0.01416  0.53475
   0.28581 -0.01355  0.52645
   0.30131 -0.01301  0.51796
   0.31691 -0.01253  0.50775
   0.33259 -0.01212  0.49735
   0.34833 -0.01177  0.48656
   0.36410 -0.01146  0.47570
   0.37990 -0.01120  0.46463
   0.39572 -0.01096  0.45397
   0.41156 -0.01074  0.44389
   0.42741 -0.01054  0.43400
   0.44328 -0.01035  0.42511
   0.45915 -0.01017  0.41567
   0.47505 -0.01001  0.40724
   0.49094 -0.00984  0.39900
   0.50683 -0.00968  0.39098
   0.52271 -0.00953  0.38439
   0.53857 -0.00939  0.37744
   0.55440 -0.00927  0.37051
   0.57020 -0.00918  0.36358
   0.58596 -0.00912  0.35548
   0.60167 -0.00910  0.34652
   0.61734 -0.00912  0.33506
   0.63297 -0.00916  0.32234
   0.64855 -0.00919  0.30921
   0.66408 -0.00920  0.29713
   0.67957 -0.00914  0.28562
   0.69501 -0.00901  0.27545
   0.71042 -0.00878  0.27062
   0.72579 -0.00846  0.26838
   0.74115 -0.00807  0.26858
   0.75652 -0.00763  0.26936
   0.77194 -0.00715  0.27021
   0.78745 -0.00667  0.27176
   0.80312 -0.00621  0.27033
   0.81894 -0.00577  0.26748
   0.83461 -0.00536  0.26304
   0.85008 -0.00497  0.25802
   0.86548 -0.00458  0.25356
   0.88097 -0.00418  0.24946
   0.89670 -0.00375  0.24632
   0.91199 -0.00329  0.24451
   0.92640 -0.00283  0.24597
   0.93985 -0.00238  0.24849
   0.95234 -0.00193  0.25383
   0.96393 -0.00149  0.26070
   0.97469 -0.00107  0.27289
   0.98471 -0.00066  0.29217
   0.99408 -0.00026  0.33037
   1.00000  0.00000  0.45410
