                                                
 Alfa =  10.00000 Re =  4000000.000 Xflap,Yflap =     0.000000    0.000000
#    x        y        Cp  
   1.00000  0.00000  0.40172
   0.99415  0.00070  0.34359
   0.98396  0.00227  0.23939
   0.97196  0.00427  0.14859
   0.95869  0.00639  0.08692
   0.94450  0.00846  0.04997
   0.92950  0.01049  0.03265
   0.91382  0.01253  0.01642
   0.89783  0.01461 -0.00000
   0.88182  0.01671 -0.01956
   0.86584  0.01883 -0.03782
   0.84983  0.02099 -0.05754
   0.83381  0.02318 -0.07737
   0.81780  0.02540 -0.09779
   0.80179  0.02764 -0.11794
   0.78578  0.02993 -0.14047
   0.76973  0.03224 -0.16313
   0.75366  0.03458 -0.18592
   0.73758  0.03694 -0.21076
   0.72149  0.03931 -0.23407
   0.70538  0.04170 -0.26052
   0.68925  0.04411 -0.28765
   0.67309  0.04653 -0.31473
   0.65693  0.04894 -0.34419
   0.64078  0.05135 -0.37281
   0.62464  0.05375 -0.40447
   0.60854  0.05614 -0.43645
   0.59248  0.05850 -0.47031
   0.57645  0.06083 -0.50441
   0.56047  0.06313 -0.54180
   0.54452  0.06538 -0.57904
   0.52861  0.06759 -0.61818
   0.51273  0.06974 -0.65957
   0.49689  0.07184 -0.70107
   0.48109  0.07387 -0.74566
   0.46532  0.07582 -0.79249
   0.44961  0.07770 -0.84021
   0.43395  0.07948 -0.89130
   0.41836  0.08117 -0.94487
   0.40282  0.08274 -0.99967
   0.38734  0.08420 -1.05851
   0.37193  0.08552 -1.11822
   0.35660  0.08671 -1.18305
   0.34136  0.08775 -1.25045
   0.32623  0.08861 -1.32202
   0.31124  0.08929 -1.39468
   0.29638  0.08978 -1.47150
   0.28167  0.09004 -1.54836
   0.26711  0.09007 -1.62450
   0.25268  0.08985 -1.69948
   0.23837  0.08937 -1.77261
   0.22418  0.08862 -1.84489
   0.21012  0.08759 -1.91452
   0.19618  0.08626 -1.98289
   0.18238  0.08465 -2.04912
   0.16873  0.08273 -2.11516
   0.15525  0.08050 -2.17967
   0.14196  0.07796 -2.24423
   0.12888  0.07511 -2.30900
   0.11607  0.07194 -2.37706
   0.10358  0.06847 -2.44659
   0.09149  0.06471 -2.52164
   0.07992  0.06069 -2.60281
   0.06897  0.05645 -2.68674
   0.05879  0.05206 -2.77668
   0.04950  0.04761 -2.86825
   0.04122  0.04319 -2.96719
   0.03400  0.03892 -3.06110
   0.02782  0.03486 -3.16342
   0.02260  0.03106 -3.25377
   0.01823  0.02753 -3.33992
   0.01457  0.02427 -3.43130
   0.01150  0.02124 -3.50771
   0.00894  0.01842 -3.57402
   0.00680  0.01579 -3.67458
   0.00501  0.01332 -3.78179
   0.00356  0.01099 -3.83754
   0.00238  0.00879 -3.87504
   0.00145  0.00670 -3.92461
   0.00076  0.00471 -3.94870
   0.00029  0.00281 -3.95460
   0.00004  0.00099 -3.93006
   0.00002 -0.00076 -3.89775
   0.00030 -0.00249 -4.19135
   0.00115 -0.00410 -2.68531
   0.00257 -0.00543 -0.74312
   0.00431 -0.00662  0.03544
   0.00631 -0.00776  0.45339
   0.00861 -0.00888  0.69756
   0.01125 -0.01001  0.84335
   0.01429 -0.01116  0.93082
   0.01785 -0.01235  0.97900
   0.02206 -0.01359  0.99846
   0.02708 -0.01489  0.99673
   0.03312 -0.01627  0.97911
   0.04046 -0.01776  0.94909
   0.04933 -0.01935  0.91023
   0.05986 -0.02100  0.86582
   0.07198 -0.02268  0.81963
   0.08541 -0.02433  0.77486
   0.09984 -0.02592  0.73297
   0.11493 -0.02746  0.69436
   0.13042 -0.02895  0.65824
   0.14610 -0.03037  0.62502
   0.16190 -0.03173  0.59422
   0.17779 -0.03304  0.56559
   0.19373 -0.03430  0.53874
   0.20969 -0.03551  0.51282
   0.22564 -0.03666  0.48879
   0.24159 -0.03776  0.46534
   0.25752 -0.03880  0.44362
   0.27346 -0.03978  0.42275
   0.28940 -0.04070  0.40282
   0.30534 -0.04156  0.38392
   0.32128 -0.04236  0.36582
   0.33722 -0.04310  0.34820
   0.35316 -0.04377  0.33157
   0.36910 -0.04439  0.31549
   0.38504 -0.04495  0.29966
   0.40099 -0.04545  0.28478
   0.41693 -0.04588  0.27026
   0.43286 -0.04625  0.25612
   0.44880 -0.04656  0.24230
   0.46474 -0.04680  0.22875
   0.48066 -0.04698  0.21618
   0.49658 -0.04710  0.20290
   0.51247 -0.04715  0.19053
   0.52835 -0.04712  0.17805
   0.54422 -0.04703  0.16644
   0.56007 -0.04686  0.15414
   0.57591 -0.04661  0.14388
   0.59172 -0.04629  0.13049
   0.60749 -0.04588  0.12062
   0.62322 -0.04539  0.10864
   0.63889 -0.04481  0.09821
   0.65452 -0.04412  0.08606
   0.67007 -0.04333  0.07571
   0.68550 -0.04243  0.06424
   0.70073 -0.04140  0.05279
   0.71576 -0.04021  0.04390
   0.73063 -0.03885  0.04041
   0.74541 -0.03728  0.04261
   0.76017 -0.03551  0.04966
   0.77503 -0.03352  0.06270
   0.79006 -0.03131  0.08253
   0.80534 -0.02892  0.10289
   0.82087 -0.02639  0.12552
   0.83660 -0.02375  0.14707
   0.85246 -0.02104  0.16923
   0.86835 -0.01831  0.19045
   0.88417 -0.01561  0.21114
   0.89984 -0.01298  0.23219
   0.91530 -0.01046  0.25187
   0.93048 -0.00808  0.27098
   0.94525 -0.00589  0.29053
   0.95939 -0.00393  0.31057
   0.97249 -0.00228  0.33570
   0.98411 -0.00103  0.36732
   0.99413 -0.00025  0.40409
   1.00000  0.00000  0.40172
