                                                
 Alfa =  10.00000 Re =  4000000.000 Xflap,Yflap =     0.000000    0.000000
#    x        y        Cp  
   1.00000  0.00109  0.49271
   0.99418  0.00244  0.29671
   0.98400  0.00480  0.21013
   0.97207  0.00756  0.13733
   0.95872  0.01067  0.07146
   0.94456  0.01396 -0.00822
   0.92982  0.01723 -0.06317
   0.91431  0.02050 -0.10369
   0.89853  0.02375 -0.16032
   0.88294  0.02682 -0.20874
   0.86725  0.02971 -0.24050
   0.85117  0.03253 -0.26714
   0.83478  0.03531 -0.30019
   0.81835  0.03800 -0.33339
   0.80202  0.04059 -0.37061
   0.78582  0.04304 -0.40573
   0.76968  0.04536 -0.43711
   0.75350  0.04754 -0.46433
   0.73722  0.04960 -0.48813
   0.72084  0.05157 -0.51356
   0.70442  0.05343 -0.53778
   0.68797  0.05518 -0.56239
   0.67150  0.05683 -0.58701
   0.65502  0.05838 -0.61088
   0.63853  0.05982 -0.63480
   0.62204  0.06115 -0.65868
   0.60555  0.06237 -0.68196
   0.58904  0.06349 -0.70464
   0.57252  0.06450 -0.72630
   0.55595  0.06541 -0.74824
   0.53938  0.06622 -0.77074
   0.52283  0.06693 -0.79443
   0.50629  0.06753 -0.81800
   0.48977  0.06802 -0.84063
   0.47324  0.06840 -0.86267
   0.45670  0.06867 -0.88478
   0.44015  0.06884 -0.90866
   0.42362  0.06890 -0.93138
   0.40712  0.06885 -0.95594
   0.39061  0.06868 -0.97805
   0.37406  0.06841 -1.00010
   0.35747  0.06803 -1.02408
   0.34085  0.06755 -1.04949
   0.32423  0.06698 -1.07879
   0.30763  0.06631 -1.11005
   0.29109  0.06554 -1.14558
   0.27462  0.06466 -1.18377
   0.25822  0.06368 -1.22386
   0.24187  0.06258 -1.26564
   0.22556  0.06136 -1.31131
   0.20930  0.06002 -1.36420
   0.19313  0.05857 -1.42390
   0.17715  0.05701 -1.49643
   0.16147  0.05533 -1.58337
   0.14619  0.05353 -1.67860
   0.13135  0.05158 -1.78011
   0.11701  0.04948 -1.88947
   0.10324  0.04725 -2.01212
   0.09024  0.04493 -2.15160
   0.07830  0.04262 -2.33576
   0.06766  0.04036 -2.56086
   0.05837  0.03816 -2.80352
   0.05033  0.03604 -3.07502
   0.04337  0.03398 -3.34357
   0.03732  0.03195 -3.60676
   0.03202  0.02996 -3.86205
   0.02737  0.02801 -4.12374
   0.02327  0.02609 -4.37494
   0.01964  0.02423 -4.67245
   0.01642  0.02239 -4.99556
   0.01355  0.02057 -5.31073
   0.01101  0.01876 -5.61026
   0.00873  0.01695 -5.99779
   0.00672  0.01514 -6.46149
   0.00498  0.01331 -6.88543
   0.00353  0.01145 -7.13760
   0.00235  0.00957 -7.15115
   0.00144  0.00766 -6.75993
   0.00077  0.00574 -6.25029
   0.00032  0.00382 -5.66468
   0.00007  0.00191 -5.04874
  -0.00000  0.00001 -4.42589
   0.00012 -0.00189 -3.83072
   0.00044 -0.00378 -3.23219
   0.00098 -0.00564 -2.62707
   0.00176 -0.00744 -2.00317
   0.00284 -0.00915 -1.27603
   0.00423 -0.01075 -0.54387
   0.00594 -0.01226  0.02096
   0.00795 -0.01369  0.40882
   0.01023 -0.01507  0.65400
   0.01273 -0.01641  0.80309
   0.01550 -0.01772  0.89954
   0.01855 -0.01898  0.95861
   0.02195 -0.02019  0.98965
   0.02576 -0.02137  0.99990
   0.03008 -0.02252  0.99473
   0.03503 -0.02366  0.97835
   0.04074 -0.02480  0.95375
   0.04732 -0.02597  0.92208
   0.05486 -0.02711  0.88591
   0.06350 -0.02817  0.84839
   0.07353 -0.02917  0.81288
   0.08529 -0.03019  0.77754
   0.09854 -0.03132  0.73491
   0.11252 -0.03242  0.69147
   0.12709 -0.03335  0.65722
   0.14269 -0.03415  0.62881
   0.15916 -0.03493  0.59841
   0.17580 -0.03567  0.56729
   0.19233 -0.03630  0.54081
   0.20899 -0.03684  0.51784
   0.22590 -0.03732  0.49655
   0.24294 -0.03774  0.47532
   0.25996 -0.03811  0.45492
   0.27695 -0.03841  0.43658
   0.29396 -0.03865  0.41936
   0.31101 -0.03884  0.40317
   0.32810 -0.03897  0.38715
   0.34517 -0.03904  0.37220
   0.36221 -0.03906  0.35764
   0.37921 -0.03901  0.34378
   0.39618 -0.03890  0.33095
   0.41314 -0.03873  0.31914
   0.43011 -0.03848  0.30851
   0.44710 -0.03817  0.29821
   0.46413 -0.03780  0.28938
   0.48120 -0.03737  0.27976
   0.49826 -0.03688  0.27144
   0.51529 -0.03634  0.26243
   0.53222 -0.03574  0.25367
   0.54909 -0.03507  0.24635
   0.56599 -0.03432  0.24164
   0.58300 -0.03349  0.23856
   0.60012 -0.03261  0.23460
   0.61727 -0.03168  0.23003
   0.63437 -0.03071  0.22531
   0.65143 -0.02968  0.22221
   0.66852 -0.02860  0.22025
   0.68568 -0.02746  0.21910
   0.70292 -0.02628  0.21814
   0.72022 -0.02506  0.21677
   0.73757 -0.02382  0.21649
   0.75498 -0.02255  0.21533
   0.77242 -0.02127  0.21418
   0.78980 -0.01999  0.21092
   0.80705 -0.01870  0.20717
   0.82415 -0.01737  0.20539
   0.84118 -0.01599  0.20503
   0.85821 -0.01455  0.20786
   0.87523 -0.01306  0.21070
   0.89222 -0.01153  0.21646
   0.90912 -0.00996  0.22372
   0.92583 -0.00837  0.23284
   0.94208 -0.00681  0.24414
   0.95741 -0.00531  0.25768
   0.97137 -0.00390  0.28270
   0.98363 -0.00268  0.31297
   0.99405 -0.00166  0.35521
   1.00000 -0.00109  0.49271
