                                                
 Alfa =  10.00000 Re =  4000000.000 Xflap,Yflap =     0.000000    0.000000
#    x        y        Cp  
   1.00000  0.00000  0.36527
   0.99470  0.00057  0.30252
   0.98340  0.00236  0.11484
   0.97081  0.00427 -0.00463
   0.95800  0.00581 -0.03369
   0.94472  0.00713 -0.04640
   0.93126  0.00835 -0.05482
   0.91766  0.00952 -0.07121
   0.90405  0.01065 -0.08346
   0.89041  0.01174 -0.09719
   0.87673  0.01283 -0.10717
   0.86306  0.01390 -0.12045
   0.84938  0.01496 -0.13558
   0.83568  0.01602 -0.14602
   0.82198  0.01708 -0.15857
   0.80830  0.01814 -0.17373
   0.79462  0.01918 -0.18579
   0.78094  0.02022 -0.19598
   0.76726  0.02127 -0.21271
   0.75358  0.02231 -0.22630
   0.73989  0.02336 -0.23947
   0.72619  0.02440 -0.25543
   0.71249  0.02543 -0.27014
   0.69880  0.02647 -0.28183
   0.68510  0.02750 -0.30057
   0.67141  0.02852 -0.31574
   0.65771  0.02954 -0.33048
   0.64402  0.03056 -0.34570
   0.63033  0.03156 -0.36567
   0.61664  0.03256 -0.38053
   0.60295  0.03356 -0.39926
   0.58926  0.03454 -0.41980
   0.57559  0.03551 -0.43931
   0.56192  0.03647 -0.45881
   0.54824  0.03741 -0.47821
   0.53456  0.03833 -0.49888
   0.52088  0.03924 -0.52245
   0.50722  0.04013 -0.54480
   0.49356  0.04099 -0.57046
   0.47990  0.04183 -0.59256
   0.46624  0.04264 -0.62168
   0.45259  0.04342 -0.64749
   0.43895  0.04417 -0.67544
   0.42532  0.04488 -0.70673
   0.41168  0.04555 -0.73630
   0.39806  0.04617 -0.77022
   0.38444  0.04675 -0.80621
   0.37084  0.04727 -0.84108
   0.35725  0.04773 -0.88069
   0.34368  0.04812 -0.92192
   0.33012  0.04843 -0.96447
   0.31658  0.04866 -1.01311
   0.30310  0.04878 -1.06535
   0.28969  0.04878 -1.11562
   0.27633  0.04862 -1.16058
   0.26298  0.04830 -1.19673
   0.24962  0.04781 -1.22923
   0.23623  0.04716 -1.25691
   0.22280  0.04638 -1.28725
   0.20938  0.04547 -1.32493
   0.19599  0.04442 -1.36465
   0.18261  0.04325 -1.40784
   0.16925  0.04194 -1.45525
   0.15592  0.04049 -1.51074
   0.14263  0.03889 -1.57041
   0.12937  0.03714 -1.63720
   0.11616  0.03523 -1.72052
   0.10303  0.03314 -1.81594
   0.08998  0.03087 -1.92738
   0.07703  0.02838 -2.07049
   0.06424  0.02567 -2.25259
   0.05167  0.02268 -2.49448
   0.03943  0.01939 -2.82895
   0.02774  0.01575 -3.33273
   0.01733  0.01190 -4.21172
   0.00962  0.00836 -5.55987
   0.00521  0.00581 -7.74313
   0.00258  0.00381 -9.50953
   0.00096  0.00226-15.87642
   0.00017  0.00091-23.33296
   0.00010 -0.00052-18.94032
   0.00071 -0.00190-10.02601
   0.00213 -0.00334 -3.11171
   0.00448 -0.00519 -1.02771
   0.00830 -0.00745  0.24176
   0.01512 -0.01057  0.82763
   0.02484 -0.01404  0.99047
   0.03625 -0.01731  0.98743
   0.04828 -0.02013  0.93502
   0.06070 -0.02253  0.87133
   0.07328 -0.02453  0.80719
   0.08588 -0.02612  0.74992
   0.09876 -0.02733  0.70453
   0.11193 -0.02828  0.66391
   0.12520 -0.02904  0.62911
   0.13858 -0.02962  0.59839
   0.15204 -0.03008  0.57122
   0.16553 -0.03042  0.54659
   0.17906 -0.03067  0.52468
   0.19263 -0.03082  0.50500
   0.20620 -0.03091  0.48711
   0.21980 -0.03092  0.47099
   0.23343 -0.03088  0.45612
   0.24707 -0.03079  0.44221
   0.26071 -0.03065  0.42918
   0.27436 -0.03047  0.41732
   0.28802 -0.03026  0.40657
   0.30170 -0.03001  0.39585
   0.31538 -0.02973  0.38617
   0.32906 -0.02943  0.37652
   0.34274 -0.02910  0.36770
   0.35643 -0.02874  0.36005
   0.37012 -0.02836  0.35229
   0.38383 -0.02797  0.34470
   0.39753 -0.02757  0.33742
   0.41124 -0.02714  0.33087
   0.42496 -0.02671  0.32409
   0.43866 -0.02627  0.31694
   0.45235 -0.02581  0.31079
   0.46606 -0.02533  0.30527
   0.47978 -0.02485  0.30014
   0.49350 -0.02437  0.29565
   0.50721 -0.02387  0.28578
   0.52091 -0.02337  0.28469
   0.53463 -0.02286  0.27745
   0.54836 -0.02234  0.27393
   0.56209 -0.02182  0.26909
   0.57580 -0.02131  0.26204
   0.58950 -0.02078  0.25868
   0.60321 -0.02024  0.25430
   0.61692 -0.01971  0.24872
   0.63062 -0.01918  0.24446
   0.64430 -0.01863  0.24208
   0.65794 -0.01810  0.23782
   0.67153 -0.01760  0.22908
   0.68507 -0.01709  0.21872
   0.69861 -0.01652  0.21986
   0.71220 -0.01594  0.22196
   0.72584 -0.01539  0.21421
   0.73954 -0.01484  0.20770
   0.75327 -0.01429  0.20377
   0.76700 -0.01373  0.19900
   0.78072 -0.01317  0.19435
   0.79443 -0.01261  0.18793
   0.80815 -0.01204  0.18492
   0.82187 -0.01146  0.17967
   0.83559 -0.01088  0.17327
   0.84929 -0.01029  0.16788
   0.86301 -0.00969  0.16240
   0.87670 -0.00909  0.15641
   0.89037 -0.00846  0.14886
   0.90402 -0.00780  0.14296
   0.91765 -0.00710  0.13694
   0.93126 -0.00636  0.12810
   0.94472 -0.00556  0.11833
   0.95802 -0.00463  0.10586
   0.97081 -0.00347  0.10524
   0.98345 -0.00190  0.18943
   0.99473 -0.00043  0.34054
   1.00000  0.00000  0.36527
