                                                
 Alfa =  10.00000 Re =  4000000.000 Xflap,Yflap =     0.000000    0.000000
#    x        y        Cp  
   1.00000  0.00570  0.60606
   0.99381  0.00800  0.36328
   0.98372  0.01165  0.23947
   0.97255  0.01556  0.14462
   0.96018  0.01971  0.06738
   0.94661  0.02407  0.00182
   0.93204  0.02853 -0.05433
   0.91680  0.03298 -0.09965
   0.90121  0.03737 -0.13861
   0.88540  0.04168 -0.17414
   0.86938  0.04593 -0.20754
   0.85315  0.05016 -0.23863
   0.83673  0.05437 -0.26884
   0.82017  0.05858 -0.30018
   0.80355  0.06280 -0.33440
   0.78696  0.06702 -0.37810
   0.77048  0.07121 -0.42799
   0.75416  0.07531 -0.47953
   0.73802  0.07930 -0.53384
   0.72204  0.08314 -0.58614
   0.70617  0.08681 -0.63679
   0.69036  0.09031 -0.67979
   0.67453  0.09364 -0.71560
   0.65862  0.09683 -0.74824
   0.64259  0.09991 -0.77841
   0.62642  0.10288 -0.80852
   0.61008  0.10577 -0.83768
   0.59359  0.10858 -0.86962
   0.57697  0.11133 -0.90349
   0.56024  0.11401 -0.94084
   0.54343  0.11661 -0.97946
   0.52661  0.11915 -1.02256
   0.50980  0.12160 -1.06872
   0.49307  0.12398 -1.12360
   0.47648  0.12625 -1.18604
   0.46005  0.12841 -1.25430
   0.44379  0.13041 -1.32468
   0.42769  0.13225 -1.39750
   0.41172  0.13391 -1.47078
   0.39584  0.13536 -1.54236
   0.37999  0.13661 -1.60901
   0.36414  0.13765 -1.67689
   0.34826  0.13848 -1.74437
   0.33237  0.13910 -1.81436
   0.31649  0.13951 -1.88810
   0.30068  0.13970 -1.96968
   0.28501  0.13966 -2.06426
   0.26956  0.13938 -2.16757
   0.25437  0.13883 -2.27400
   0.23946  0.13798 -2.37844
   0.22483  0.13682 -2.48381
   0.21046  0.13533 -2.58269
   0.19632  0.13348 -2.67406
   0.18237  0.13126 -2.75273
   0.16861  0.12867 -2.82606
   0.15503  0.12571 -2.89351
   0.14167  0.12237 -2.96579
   0.12859  0.11866 -3.03517
   0.11587  0.11459 -3.10141
   0.10359  0.11019 -3.15911
   0.09183  0.10547 -3.20582
   0.08066  0.10051 -3.24939
   0.07017  0.09537 -3.30692
   0.06043  0.09011 -3.37438
   0.05163  0.08484 -3.41533
   0.04389  0.07971 -3.42973
   0.03720  0.07486 -3.42835
   0.03142  0.07028 -3.42181
   0.02637  0.06595 -3.40267
   0.02192  0.06180 -3.32002
   0.01794  0.05785 -3.23490
   0.01442  0.05422 -3.22501
   0.01138  0.05101 -3.41757
   0.00880  0.04822 -3.78301
   0.00667  0.04574 -4.17845
   0.00492  0.04349 -4.58483
   0.00349  0.04142 -4.95961
   0.00233  0.03946 -5.31926
   0.00143  0.03760 -5.59296
   0.00075  0.03580 -5.77409
   0.00028  0.03404 -5.75390
   0.00004  0.03230 -5.52902
   0.00001  0.03058 -5.00954
   0.00020  0.02884 -4.22225
   0.00061  0.02709 -3.38409
   0.00123  0.02533 -2.59557
   0.00206  0.02355 -1.90173
   0.00310  0.02175 -1.29073
   0.00437  0.01993 -0.77352
   0.00588  0.01811 -0.33950
   0.00768  0.01630  0.02492
   0.00979  0.01452  0.32191
   0.01226  0.01285  0.56666
   0.01513  0.01135  0.76223
   0.01847  0.01006  0.89390
   0.02239  0.00894  0.96496
   0.02697  0.00783  0.99400
   0.03229  0.00661  0.99977
   0.03839  0.00530  0.98987
   0.04527  0.00403  0.96704
   0.05294  0.00292  0.93558
   0.06169  0.00207  0.90146
   0.07200  0.00144  0.86772
   0.08423  0.00093  0.83126
   0.09790  0.00054  0.79330
   0.11240  0.00037  0.76009
   0.12768  0.00040  0.73191
   0.14373  0.00060  0.70785
   0.16041  0.00089  0.68597
   0.17747  0.00122  0.66568
   0.19471  0.00159  0.64755
   0.21200  0.00196  0.63082
   0.22930  0.00233  0.61551
   0.24662  0.00269  0.60174
   0.26392  0.00304  0.58870
   0.28119  0.00337  0.57725
   0.29841  0.00367  0.56631
   0.31555  0.00395  0.55663
   0.33261  0.00419  0.54779
   0.34956  0.00437  0.53893
   0.36643  0.00449  0.53056
   0.38324  0.00454  0.52194
   0.40000  0.00450  0.51266
   0.41676  0.00437  0.50129
   0.43357  0.00416  0.48911
   0.45044  0.00390  0.47638
   0.46740  0.00360  0.46338
   0.48446  0.00328  0.45058
   0.50161  0.00297  0.43838
   0.51884  0.00268  0.42809
   0.53613  0.00241  0.41845
   0.55345  0.00215  0.40949
   0.57080  0.00191  0.40102
   0.58815  0.00166  0.39197
   0.60548  0.00142  0.38354
   0.62279  0.00118  0.37401
   0.64007  0.00094  0.36429
   0.65731  0.00072  0.35505
   0.67449  0.00053  0.34599
   0.69163  0.00037  0.33702
   0.70873  0.00024  0.32952
   0.72578  0.00016  0.32291
   0.74281  0.00013  0.31633
   0.75981  0.00013  0.31113
   0.77683  0.00018  0.30582
   0.79387  0.00026  0.30210
   0.81099  0.00038  0.29852
   0.82820  0.00054  0.29650
   0.84550  0.00071  0.29427
   0.86282  0.00088  0.29165
   0.88005  0.00105  0.28839
   0.89704  0.00118  0.28246
   0.91361  0.00129  0.26913
   0.92954  0.00147  0.25486
   0.94457  0.00181  0.24979
   0.95849  0.00238  0.26005
   0.97124  0.00314  0.28633
   0.98285  0.00403  0.33286
   0.99344  0.00501  0.41102
   1.00000  0.00570  0.60606
