                                                
 Alfa =  10.00000 Re =  4000000.000 Xflap,Yflap =     0.000000    0.000000
#    x        y        Cp  
   1.00000  0.00000  0.18893
   0.99487  0.00029  0.18039
   0.98394  0.00105  0.13423
   0.97098  0.00209  0.08696
   0.95738  0.00329  0.06439
   0.94361  0.00459  0.03348
   0.92976  0.00597  0.00663
   0.91585  0.00738 -0.01943
   0.90190  0.00883 -0.04089
   0.88794  0.01031 -0.06701
   0.87396  0.01180 -0.08714
   0.85995  0.01330 -0.11283
   0.84594  0.01479 -0.13094
   0.83192  0.01629 -0.15525
   0.81792  0.01777 -0.17536
   0.80393  0.01924 -0.19827
   0.78997  0.02069 -0.21721
   0.77602  0.02212 -0.24024
   0.76208  0.02353 -0.25757
   0.74814  0.02491 -0.28046
   0.73419  0.02626 -0.29636
   0.72025  0.02759 -0.32034
   0.70631  0.02888 -0.33703
   0.69238  0.03014 -0.35784
   0.67846  0.03137 -0.37615
   0.66454  0.03255 -0.39691
   0.65062  0.03370 -0.41486
   0.63669  0.03482 -0.43203
   0.62276  0.03589 -0.45298
   0.60883  0.03693 -0.47086
   0.59490  0.03793 -0.48847
   0.58097  0.03889 -0.51014
   0.56703  0.03982 -0.52724
   0.55309  0.04070 -0.54884
   0.53915  0.04154 -0.56670
   0.52522  0.04235 -0.58933
   0.51129  0.04311 -0.60931
   0.49736  0.04382 -0.63113
   0.48345  0.04449 -0.65426
   0.46953  0.04511 -0.67499
   0.45560  0.04569 -0.69659
   0.44168  0.04621 -0.72214
   0.42776  0.04669 -0.74366
   0.41385  0.04711 -0.77157
   0.39995  0.04748 -0.79688
   0.38607  0.04780 -0.82508
   0.37219  0.04805 -0.85032
   0.35832  0.04823 -0.88086
   0.34444  0.04836 -0.90770
   0.33058  0.04842 -0.94052
   0.31672  0.04841 -0.97256
   0.30289  0.04832 -1.00750
   0.28908  0.04817 -1.04364
   0.27528  0.04792 -1.08028
   0.26149  0.04760 -1.12069
   0.24772  0.04719 -1.16294
   0.23398  0.04668 -1.20856
   0.22027  0.04607 -1.25870
   0.20660  0.04536 -1.30951
   0.19297  0.04453 -1.36613
   0.17938  0.04358 -1.42630
   0.16583  0.04250 -1.49318
   0.15232  0.04128 -1.56929
   0.13888  0.03991 -1.65144
   0.12557  0.03837 -1.74643
   0.11242  0.03666 -1.85145
   0.09936  0.03474 -1.97371
   0.08629  0.03258 -2.11886
   0.07343  0.03017 -2.29694
   0.06132  0.02758 -2.52017
   0.04966  0.02472 -2.78487
   0.03746  0.02121 -3.12689
   0.02710  0.01775 -3.71730
   0.01969  0.01478 -4.42978
   0.01312  0.01146 -4.80535
   0.00754  0.00821 -5.54956
   0.00429  0.00620 -8.67655
   0.00237  0.00461-12.30121
   0.00120  0.00306-14.24805
   0.00054  0.00145-13.79331
   0.00030 -0.00013-13.09610
   0.00048 -0.00160-12.34069
   0.00112 -0.00286 -8.24635
   0.00231 -0.00399 -3.62532
   0.00423 -0.00509 -0.94238
   0.00749 -0.00647  0.28036
   0.01337 -0.00875  0.78687
   0.01977 -0.01072  0.95706
   0.02676 -0.01233  0.99950
   0.03725 -0.01418  0.97813
   0.05068 -0.01607  0.91953
   0.06288 -0.01740  0.86520
   0.07538 -0.01848  0.81478
   0.08883 -0.01942  0.76655
   0.10252 -0.02018  0.72402
   0.11607 -0.02077  0.68716
   0.12963 -0.02123  0.65503
   0.14334 -0.02159  0.62616
   0.15717 -0.02187  0.59993
   0.17104 -0.02206  0.57623
   0.18490 -0.02218  0.55460
   0.19878 -0.02224  0.53568
   0.21268 -0.02225  0.51789
   0.22662 -0.02220  0.50157
   0.24059 -0.02211  0.48701
   0.25458 -0.02198  0.47248
   0.26857 -0.02182  0.45991
   0.28258 -0.02163  0.44719
   0.29659 -0.02141  0.43594
   0.31060 -0.02117  0.42457
   0.32462 -0.02090  0.41446
   0.33865 -0.02061  0.40439
   0.35268 -0.02030  0.39618
   0.36672 -0.01997  0.38661
   0.38076 -0.01962  0.37803
   0.39480 -0.01925  0.37101
   0.40885 -0.01887  0.36227
   0.42290 -0.01847  0.35635
   0.43695 -0.01805  0.34887
   0.45101 -0.01763  0.34177
   0.46507 -0.01719  0.33612
   0.47913 -0.01674  0.32917
   0.49320 -0.01628  0.32370
   0.50727 -0.01581  0.31835
   0.52133 -0.01533  0.31274
   0.53540 -0.01485  0.30731
   0.54947 -0.01435  0.30199
   0.56354 -0.01385  0.29737
   0.57761 -0.01334  0.29312
   0.59169 -0.01282  0.28778
   0.60577 -0.01229  0.28488
   0.61985 -0.01176  0.27871
   0.63394 -0.01123  0.27545
   0.64803 -0.01069  0.27239
   0.66211 -0.01015  0.26807
   0.67620 -0.00961  0.26244
   0.69029 -0.00906  0.26053
   0.70437 -0.00852  0.25794
   0.71846 -0.00797  0.25312
   0.73255 -0.00742  0.25096
   0.74664 -0.00687  0.24787
   0.76073 -0.00632  0.24495
   0.77482 -0.00578  0.24138
   0.78889 -0.00525  0.24039
   0.80296 -0.00472  0.23693
   0.81701 -0.00421  0.23473
   0.83107 -0.00370  0.23175
   0.84513 -0.00321  0.23030
   0.85918 -0.00273  0.22720
   0.87321 -0.00227  0.22648
   0.88721 -0.00183  0.22218
   0.90119 -0.00142  0.22233
   0.91518 -0.00105  0.21719
   0.92916 -0.00071  0.21544
   0.94308 -0.00041  0.21254
   0.95694 -0.00017  0.21454
   0.97069  0.00000  0.20563
   0.98378  0.00009  0.21600
   0.99484  0.00006  0.22433
   1.00000  0.00000  0.18893
