                                                
 Alfa =  10.00000 Re =  4000000.000 Xflap,Yflap =     0.000000    0.000000
#    x        y        Cp  
   1.00000  0.00000  0.57899
   0.99500  0.00189  0.30340
   0.98672  0.00488  0.15389
   0.97731  0.00808  0.03402
   0.96650  0.01149 -0.06417
   0.95410  0.01505 -0.15066
   0.94016  0.01863 -0.21176
   0.92527  0.02206 -0.24776
   0.91020  0.02524 -0.27064
   0.89517  0.02825 -0.29404
   0.88033  0.03113 -0.32949
   0.86560  0.03391 -0.36647
   0.85091  0.03659 -0.40133
   0.83620  0.03917 -0.44119
   0.82143  0.04164 -0.47557
   0.80658  0.04399 -0.51156
   0.79164  0.04620 -0.54271
   0.77664  0.04829 -0.57116
   0.76159  0.05024 -0.59706
   0.74650  0.05206 -0.61959
   0.73139  0.05375 -0.64439
   0.71627  0.05531 -0.66628
   0.70114  0.05677 -0.68770
   0.68602  0.05810 -0.71032
   0.67090  0.05932 -0.73414
   0.65579  0.06042 -0.75598
   0.64069  0.06139 -0.77692
   0.62560  0.06224 -0.79603
   0.61050  0.06295 -0.81399
   0.59540  0.06352 -0.82830
   0.58029  0.06396 -0.83763
   0.56516  0.06427 -0.84588
   0.55000  0.06446 -0.85004
   0.53480  0.06456 -0.85607
   0.51957  0.06456 -0.85993
   0.50430  0.06448 -0.86519
   0.48899  0.06434 -0.87064
   0.47363  0.06413 -0.87781
   0.45824  0.06387 -0.88721
   0.44281  0.06357 -0.89732
   0.42737  0.06322 -0.91047
   0.41192  0.06285 -0.92585
   0.39650  0.06245 -0.94835
   0.38111  0.06203 -0.97454
   0.36580  0.06157 -1.00769
   0.35055  0.06107 -1.04205
   0.33536  0.06050 -1.07803
   0.32023  0.05985 -1.11673
   0.30510  0.05911 -1.15425
   0.28995  0.05825 -1.18940
   0.27473  0.05726 -1.22475
   0.25943  0.05615 -1.25938
   0.24405  0.05492 -1.29478
   0.22865  0.05356 -1.33291
   0.21328  0.05209 -1.37541
   0.19808  0.05051 -1.41998
   0.18316  0.04886 -1.47050
   0.16848  0.04712 -1.52792
   0.15380  0.04527 -1.59653
   0.13883  0.04326 -1.69085
   0.12446  0.04120 -1.79873
   0.11027  0.03896 -1.91755
   0.09560  0.03642 -2.04978
   0.08306  0.03404 -2.17689
   0.07231  0.03186 -2.32250
   0.06222  0.02970 -2.51027
   0.05129  0.02725 -2.83526
   0.04013  0.02449 -3.56323
   0.02997  0.02124 -4.13330
   0.02019  0.01716 -4.68297
   0.01497  0.01459 -5.27244
   0.01137  0.01258 -5.91005
   0.00863  0.01087 -6.63344
   0.00644  0.00934 -7.47274
   0.00468  0.00795 -8.47611
   0.00325  0.00665 -9.67359
   0.00211  0.00543-11.05347
   0.00122  0.00426-12.67136
   0.00057  0.00314-14.35146
   0.00015  0.00207-15.74700
  -0.00004  0.00102-16.15168
   0.00000 -0.00001-14.73915
   0.00029 -0.00102-11.40180
   0.00082 -0.00202 -7.93999
   0.00160 -0.00302 -5.13393
   0.00264 -0.00403 -3.10685
   0.00397 -0.00506 -1.69380
   0.00561 -0.00612 -0.72829
   0.00764 -0.00722 -0.06873
   0.01018 -0.00838  0.37893
   0.01343 -0.00965  0.68070
   0.01787 -0.01110  0.87699
   0.02509 -0.01294  0.98647
   0.03691 -0.01470  0.98628
   0.04774 -0.01520  0.94801
   0.05986 -0.01546  0.90624
   0.07048 -0.01570  0.86958
   0.08148 -0.01591  0.83357
   0.09410 -0.01606  0.79471
   0.10891 -0.01606  0.75684
   0.12334 -0.01587  0.72842
   0.13783 -0.01558  0.70546
   0.15295 -0.01527  0.68412
   0.16790 -0.01502  0.66211
   0.18286 -0.01481  0.64050
   0.19809 -0.01460  0.62021
   0.21348 -0.01439  0.60130
   0.22870 -0.01417  0.58470
   0.24386 -0.01395  0.56914
   0.25903 -0.01371  0.55509
   0.27428 -0.01347  0.54190
   0.28962 -0.01323  0.52884
   0.30505 -0.01299  0.51680
   0.32045 -0.01276  0.50513
   0.33582 -0.01252  0.49394
   0.35120 -0.01229  0.48279
   0.36658 -0.01206  0.47361
   0.38200 -0.01183  0.46255
   0.39744 -0.01160  0.45372
   0.41290 -0.01137  0.44512
   0.42834 -0.01113  0.43583
   0.44379 -0.01090  0.42724
   0.45923 -0.01067  0.41960
   0.47468 -0.01043  0.41192
   0.49014 -0.01020  0.40401
   0.50560 -0.00997  0.39683
   0.52106 -0.00973  0.38937
   0.53652 -0.00950  0.38314
   0.55198 -0.00927  0.37564
   0.56744 -0.00903  0.36960
   0.58290 -0.00880  0.36248
   0.59836 -0.00857  0.35715
   0.61382 -0.00833  0.35122
   0.62926 -0.00809  0.34516
   0.64470 -0.00786  0.33926
   0.66013 -0.00762  0.33414
   0.67555 -0.00739  0.32786
   0.69098 -0.00716  0.32350
   0.70643 -0.00694  0.31808
   0.72187 -0.00671  0.31161
   0.73727 -0.00649  0.30608
   0.75265 -0.00626  0.30111
   0.76801 -0.00603  0.29587
   0.78338 -0.00579  0.29131
   0.79881 -0.00554  0.28765
   0.81418 -0.00528  0.28331
   0.82939 -0.00501  0.28158
   0.84446 -0.00475  0.27910
   0.85942 -0.00451  0.27593
   0.87435 -0.00429  0.27396
   0.88937 -0.00411  0.26754
   0.90462 -0.00397  0.25764
   0.91988 -0.00385  0.24357
   0.93500 -0.00364  0.22791
   0.95009 -0.00326  0.22423
   0.96375 -0.00268  0.23845
   0.97559 -0.00198  0.26710
   0.98579 -0.00125  0.31015
   0.99467 -0.00050  0.38571
   1.00000  0.00000  0.57899
