                                                
 Alfa =  10.00000 Re =  4000000.000 Xflap,Yflap =     0.000000    0.000000
#    x        y        Cp  
   1.00000  0.00000  0.68719
   0.99193  0.00203  0.45682
   0.97891  0.00522  0.34460
   0.96468  0.00861  0.26807
   0.94918  0.01219  0.20967
   0.93246  0.01591  0.16621
   0.91470  0.01979  0.13206
   0.89616  0.02385  0.10034
   0.87704  0.02810  0.06460
   0.85751  0.03253  0.02726
   0.83774  0.03709 -0.01130
   0.81786  0.04175 -0.05168
   0.79796  0.04649 -0.09482
   0.77811  0.05127 -0.14192
   0.75832  0.05607 -0.19213
   0.73858  0.06084 -0.24395
   0.71887  0.06555 -0.29657
   0.69917  0.07019 -0.34958
   0.67941  0.07474 -0.39851
   0.65958  0.07920 -0.44787
   0.63967  0.08357 -0.49753
   0.61972  0.08785 -0.54956
   0.59983  0.09204 -0.60542
   0.58009  0.09610 -0.66915
   0.56060  0.10000 -0.73644
   0.54138  0.10369 -0.80684
   0.52243  0.10716 -0.87809
   0.50369  0.11039 -0.94884
   0.48508  0.11337 -1.01659
   0.46651  0.11611 -1.08234
   0.44795  0.11862 -1.14896
   0.42940  0.12088 -1.21785
   0.41093  0.12291 -1.28911
   0.39263  0.12469 -1.36888
   0.37460  0.12620 -1.45773
   0.35691  0.12740 -1.54859
   0.33960  0.12829 -1.64123
   0.32263  0.12883 -1.73353
   0.30597  0.12902 -1.82224
   0.28953  0.12885 -1.90771
   0.27326  0.12829 -1.98802
   0.25715  0.12735 -2.06470
   0.24124  0.12601 -2.13747
   0.22562  0.12428 -2.20638
   0.21041  0.12218 -2.27085
   0.19573  0.11975 -2.33544
   0.18168  0.11700 -2.40131
   0.16825  0.11394 -2.45398
   0.15534  0.11055 -2.48767
   0.14276  0.10676 -2.46807
   0.13034  0.10257 -2.41048
   0.11813  0.09810 -2.36070
   0.10642  0.09356 -2.34056
   0.09558  0.08921 -2.42986
   0.08587  0.08512 -2.61210
   0.07722  0.08111 -2.75927
   0.06943  0.07704 -2.76905
   0.06227  0.07289 -2.69836
   0.05565  0.06874 -2.62528
   0.04955  0.06470 -2.58424
   0.04400  0.06083 -2.62547
   0.03898  0.05714 -2.68023
   0.03448  0.05359 -2.72429
   0.03044  0.05015 -2.75045
   0.02680  0.04678 -2.74559
   0.02351  0.04346 -2.67952
   0.02052  0.04016 -2.55923
   0.01778  0.03690 -2.42758
   0.01524  0.03368 -2.30223
   0.01290  0.03054 -2.20347
   0.01073  0.02751 -2.18136
   0.00876  0.02461 -2.18305
   0.00701  0.02184 -2.19276
   0.00548  0.01919 -2.20105
   0.00414  0.01664 -2.19632
   0.00301  0.01419 -2.17897
   0.00206  0.01182 -2.13417
   0.00128  0.00950 -2.07162
   0.00069  0.00724 -1.96612
   0.00027  0.00501 -1.83032
   0.00004  0.00281 -1.63828
  -0.00002  0.00062 -1.40846
   0.00012 -0.00156 -1.11529
   0.00045 -0.00376 -0.79976
   0.00096 -0.00597 -0.49614
   0.00166 -0.00820 -0.21506
   0.00255 -0.01046  0.03478
   0.00362 -0.01276  0.25098
   0.00490 -0.01509  0.43898
   0.00638 -0.01746  0.59285
   0.00809 -0.01985  0.71978
   0.01003 -0.02227  0.82004
   0.01221 -0.02469  0.89539
   0.01461 -0.02708  0.94903
   0.01726 -0.02941  0.98205
   0.02014 -0.03168  0.99781
   0.02328 -0.03389  0.99885
   0.02670 -0.03604  0.98832
   0.03040 -0.03815  0.96877
   0.03443 -0.04021  0.94208
   0.03882 -0.04223  0.91057
   0.04363 -0.04420  0.87592
   0.04889 -0.04612  0.83983
   0.05466 -0.04800  0.80437
   0.06101 -0.04984  0.77134
   0.06802 -0.05171  0.74051
   0.07573 -0.05369  0.70680
   0.08415 -0.05582  0.65998
   0.09323 -0.05802  0.60342
   0.10298 -0.06010  0.54832
   0.11352 -0.06193  0.50718
   0.12503 -0.06353  0.47525
   0.13769 -0.06491  0.45023
   0.15165 -0.06613  0.42923
   0.16682 -0.06725  0.40283
   0.18299 -0.06821  0.37668
   0.19988 -0.06899  0.35260
   0.21739 -0.06957  0.33248
   0.23551 -0.06994  0.31534
   0.25423 -0.07013  0.30122
   0.27350 -0.07016  0.28849
   0.29324 -0.07006  0.27703
   0.31329 -0.06986  0.26401
   0.33351 -0.06959  0.24943
   0.35375 -0.06923  0.23528
   0.37394 -0.06876  0.22183
   0.39409 -0.06819  0.20992
   0.41424 -0.06750  0.19999
   0.43447 -0.06669  0.19239
   0.45484 -0.06578  0.18579
   0.47538 -0.06478  0.17934
   0.49605 -0.06371  0.17351
   0.51681 -0.06259  0.16592
   0.53756 -0.06141  0.15796
   0.55826 -0.06018  0.14995
   0.57889 -0.05889  0.14211
   0.59947 -0.05754  0.13509
   0.62006 -0.05610  0.12912
   0.64071 -0.05460  0.12419
   0.66144 -0.05303  0.11876
   0.68221 -0.05142  0.11294
   0.70294 -0.04976  0.10529
   0.72352 -0.04809  0.09440
   0.74383 -0.04637  0.08261
   0.76381 -0.04458  0.07064
   0.78342 -0.04270  0.05977
   0.80267 -0.04072  0.04908
   0.82155 -0.03859  0.03977
   0.84007 -0.03630  0.03295
   0.85817 -0.03382  0.02959
   0.87579 -0.03115  0.03046
   0.89285 -0.02829  0.03594
   0.90926 -0.02524  0.04544
   0.92495 -0.02201  0.06175
   0.93988 -0.01857  0.08941
   0.95405 -0.01491  0.13459
   0.96747 -0.01105  0.20050
   0.98020 -0.00701  0.29182
   0.99228 -0.00284  0.42606
   1.00000  0.00000  0.68719
