                                                
 Alfa =  10.00000 Re =  4000000.000 Xflap,Yflap =     0.000000    0.000000
#    x        y        Cp  
   1.00000  0.00000  0.45786
   0.99301  0.00107  0.30409
   0.98155  0.00284  0.23621
   0.96874  0.00486  0.18984
   0.95444  0.00717  0.15107
   0.93870  0.00977  0.11276
   0.92185  0.01260  0.07591
   0.90439  0.01555  0.04151
   0.88669  0.01853  0.01438
   0.86895  0.02151 -0.00756
   0.85127  0.02450 -0.02715
   0.83371  0.02752 -0.04562
   0.81626  0.03060 -0.06504
   0.79891  0.03378 -0.08694
   0.78155  0.03708 -0.11602
   0.76411  0.04051 -0.14845
   0.74651  0.04407 -0.18638
   0.72874  0.04774 -0.22635
   0.71081  0.05151 -0.27030
   0.69277  0.05533 -0.31710
   0.67472  0.05916 -0.36741
   0.65675  0.06296 -0.41990
   0.63893  0.06669 -0.47384
   0.62126  0.07032 -0.52929
   0.60375  0.07384 -0.58563
   0.58636  0.07722 -0.64034
   0.56905  0.08046 -0.69543
   0.55179  0.08356 -0.75088
   0.53457  0.08651 -0.80654
   0.51740  0.08931 -0.86354
   0.50029  0.09194 -0.92112
   0.48327  0.09440 -0.98022
   0.46638  0.09666 -1.04017
   0.44963  0.09871 -1.10131
   0.43301  0.10055 -1.16095
   0.41648  0.10217 -1.21952
   0.39999  0.10356 -1.27617
   0.38349  0.10471 -1.32695
   0.36690  0.10564 -1.37519
   0.35019  0.10634 -1.42261
   0.33337  0.10683 -1.47212
   0.31648  0.10712 -1.52642
   0.29961  0.10720 -1.58857
   0.28290  0.10710 -1.67141
   0.26647  0.10677 -1.76629
   0.25042  0.10618 -1.86558
   0.23479  0.10531 -1.96461
   0.21960  0.10411 -2.05999
   0.20483  0.10259 -2.14885
   0.19044  0.10072 -2.22182
   0.17640  0.09849 -2.27842
   0.16263  0.09592 -2.32663
   0.14902  0.09300 -2.36815
   0.13543  0.08969 -2.40056
   0.12185  0.08600 -2.43660
   0.10863  0.08206 -2.49272
   0.09632  0.07811 -2.60979
   0.08536  0.07430 -2.83644
   0.07571  0.07050 -3.03641
   0.06703  0.06654 -3.08854
   0.05902  0.06236 -3.03823
   0.05163  0.05808 -2.97759
   0.04492  0.05386 -2.96085
   0.03896  0.04984 -2.98725
   0.03372  0.04601 -3.00847
   0.02912  0.04236 -3.01958
   0.02505  0.03886 -3.00894
   0.02144  0.03546 -2.95149
   0.01818  0.03215 -2.85956
   0.01524  0.02895 -2.77069
   0.01258  0.02588 -2.71572
   0.01019  0.02298 -2.75011
   0.00807  0.02026 -2.84754
   0.00625  0.01773 -2.94767
   0.00470  0.01534 -3.03966
   0.00339  0.01308 -3.11260
   0.00232  0.01092 -3.15626
   0.00145  0.00884 -3.15541
   0.00079  0.00682 -3.09472
   0.00032  0.00485 -2.96040
   0.00004  0.00291 -2.74663
  -0.00004  0.00099 -2.43713
   0.00009 -0.00093 -2.01197
   0.00041 -0.00285 -1.53399
   0.00094 -0.00477 -1.07875
   0.00165 -0.00670 -0.66169
   0.00256 -0.00863 -0.29570
   0.00368 -0.01057  0.02114
   0.00500 -0.01250  0.28422
   0.00655 -0.01443  0.50312
   0.00835 -0.01632  0.67759
   0.01042 -0.01815  0.81220
   0.01278 -0.01987  0.90937
   0.01547 -0.02143  0.97025
   0.01851 -0.02281  0.99662
   0.02193 -0.02404  0.99862
   0.02578 -0.02520  0.98712
   0.03008 -0.02640  0.96776
   0.03490 -0.02768  0.94162
   0.04030 -0.02902  0.91037
   0.04635 -0.03042  0.87403
   0.05310 -0.03186  0.83244
   0.06058 -0.03331  0.78519
   0.06882 -0.03468  0.73391
   0.07791 -0.03584  0.68488
   0.08816 -0.03669  0.65050
   0.09998 -0.03731  0.62449
   0.11345 -0.03785  0.58802
   0.12788 -0.03825  0.54745
   0.14246 -0.03839  0.51042
   0.15703 -0.03818  0.48517
   0.17201 -0.03757  0.47479
   0.18796 -0.03665  0.47159
   0.20521 -0.03549  0.47051
   0.22357 -0.03422  0.46481
   0.24200 -0.03295  0.45910
   0.26043 -0.03170  0.45370
   0.27897 -0.03050  0.44806
   0.29712 -0.02939  0.44240
   0.31496 -0.02839  0.43503
   0.33268 -0.02748  0.42697
   0.35045 -0.02664  0.41802
   0.36835 -0.02586  0.40921
   0.38646 -0.02513  0.40014
   0.40476 -0.02443  0.39131
   0.42319 -0.02378  0.38299
   0.44168 -0.02316  0.37503
   0.46017 -0.02258  0.36731
   0.47861 -0.02205  0.35960
   0.49698 -0.02157  0.35194
   0.51527 -0.02114  0.34453
   0.53350 -0.02076  0.33678
   0.55167 -0.02043  0.32904
   0.56980 -0.02017  0.32023
   0.58791 -0.01998  0.31105
   0.60602 -0.01985  0.29975
   0.62416 -0.01979  0.28626
   0.64235 -0.01978  0.27148
   0.66057 -0.01979  0.25590
   0.67883 -0.01980  0.23952
   0.69708 -0.01979  0.22308
   0.71528 -0.01973  0.20640
   0.73337 -0.01961  0.19053
   0.75132 -0.01940  0.17493
   0.76909 -0.01908  0.16090
   0.78666 -0.01863  0.14798
   0.80401 -0.01805  0.13819
   0.82116 -0.01732  0.13015
   0.83810 -0.01642  0.12582
   0.85488 -0.01537  0.12398
   0.87153 -0.01414  0.12510
   0.88812 -0.01275  0.13059
   0.90473 -0.01115  0.14241
   0.92140 -0.00937  0.16210
   0.93793 -0.00749  0.18558
   0.95376 -0.00562  0.21093
   0.96832 -0.00387  0.23619
   0.98136 -0.00229  0.26873
   0.99297 -0.00087  0.32193
   1.00000  0.00000  0.45786
