                                                
 Alfa =  10.00000 Re =  4000000.000 Xflap,Yflap =     0.000000    0.000000
#    x        y        Cp  
   1.00000  0.00000  0.37078
   0.99258  0.00062  0.30817
   0.98033  0.00203  0.21241
   0.96669  0.00374  0.13818
   0.95188  0.00552  0.09567
   0.93616  0.00732  0.06693
   0.91976  0.00914  0.04681
   0.90294  0.01101  0.02619
   0.88592  0.01292  0.00564
   0.86881  0.01488 -0.01567
   0.85164  0.01688 -0.03648
   0.83442  0.01891 -0.05749
   0.81717  0.02099 -0.07971
   0.79990  0.02309 -0.10148
   0.78261  0.02522 -0.12388
   0.76529  0.02738 -0.14683
   0.74796  0.02956 -0.17032
   0.73060  0.03175 -0.19445
   0.71323  0.03396 -0.21881
   0.69585  0.03618 -0.24438
   0.67847  0.03840 -0.27072
   0.66110  0.04062 -0.29755
   0.64372  0.04283 -0.32531
   0.62636  0.04502 -0.35306
   0.60900  0.04721 -0.38216
   0.59168  0.04938 -0.41329
   0.57439  0.05152 -0.44525
   0.55714  0.05362 -0.47847
   0.53992  0.05570 -0.51290
   0.52273  0.05772 -0.54802
   0.50557  0.05970 -0.58483
   0.48844  0.06163 -0.62333
   0.47134  0.06349 -0.66315
   0.45427  0.06530 -0.70559
   0.43725  0.06703 -0.75023
   0.42028  0.06868 -0.79730
   0.40337  0.07025 -0.84691
   0.38651  0.07171 -0.89866
   0.36972  0.07307 -0.95357
   0.35299  0.07430 -1.01128
   0.33634  0.07542 -1.07333
   0.31978  0.07639 -1.14001
   0.30333  0.07720 -1.20987
   0.28703  0.07784 -1.28774
   0.27090  0.07829 -1.36892
   0.25493  0.07851 -1.45143
   0.23914  0.07850 -1.53656
   0.22352  0.07823 -1.62198
   0.20807  0.07768 -1.70949
   0.19281  0.07686 -1.79964
   0.17776  0.07574 -1.89339
   0.16299  0.07433 -1.99336
   0.14856  0.07261 -2.09759
   0.13454  0.07058 -2.20888
   0.12103  0.06826 -2.32566
   0.10813  0.06564 -2.44315
   0.09593  0.06276 -2.56483
   0.08453  0.05966 -2.68365
   0.07404  0.05641 -2.80889
   0.06452  0.05306 -2.92888
   0.05597  0.04967 -3.04324
   0.04837  0.04631 -3.15584
   0.04166  0.04300 -3.25460
   0.03576  0.03978 -3.35442
   0.03058  0.03667 -3.44681
   0.02605  0.03367 -3.52788
   0.02207  0.03078 -3.59675
   0.01858  0.02800 -3.66921
   0.01552  0.02533 -3.72753
   0.01282  0.02274 -3.76498
   0.01046  0.02025 -3.80088
   0.00838  0.01783 -3.84533
   0.00657  0.01550 -3.87967
   0.00501  0.01323 -3.88851
   0.00367  0.01104 -3.89228
   0.00255  0.00890 -3.90498
   0.00162  0.00683 -3.91302
   0.00089  0.00481 -3.90005
   0.00035  0.00285 -3.94145
   0.00004  0.00093 -4.09785
   0.00004 -0.00094 -3.50598
   0.00035 -0.00285 -2.43590
   0.00089 -0.00482 -1.68160
   0.00162 -0.00684 -1.10772
   0.00255 -0.00891 -0.63701
   0.00368 -0.01104 -0.25021
   0.00502 -0.01324  0.05621
   0.00658 -0.01551  0.30776
   0.00839 -0.01784  0.51054
   0.01047 -0.02026  0.67039
   0.01283 -0.02275  0.79175
   0.01553 -0.02534  0.88120
   0.01860 -0.02801  0.94365
   0.02209 -0.03079  0.98176
   0.02606 -0.03368  0.99859
   0.03060 -0.03668  0.99687
   0.03578 -0.03979  0.97902
   0.04169 -0.04301  0.94732
   0.04840 -0.04632  0.90419
   0.05600 -0.04969  0.85222
   0.06456 -0.05307  0.79367
   0.07409 -0.05642  0.73148
   0.08458 -0.05968  0.66822
   0.09598 -0.06277  0.60573
   0.10818 -0.06565  0.54626
   0.12109 -0.06827  0.49091
   0.13460 -0.07059  0.44067
   0.14862 -0.07262  0.39548
   0.16306 -0.07434  0.35502
   0.17783 -0.07575  0.31938
   0.19287 -0.07687  0.28767
   0.20813 -0.07769  0.26074
   0.22359 -0.07823  0.23775
   0.23921 -0.07850  0.21898
   0.25500 -0.07851  0.20408
   0.27096 -0.07829  0.19276
   0.28710 -0.07784  0.18461
   0.30340 -0.07720  0.17842
   0.31985 -0.07638  0.17285
   0.33641 -0.07541  0.16854
   0.35306 -0.07430  0.16533
   0.36979 -0.07306  0.16240
   0.38658 -0.07170  0.16054
   0.40344 -0.07024  0.15932
   0.42035 -0.06868  0.15872
   0.43732 -0.06702  0.15868
   0.45434 -0.06529  0.15903
   0.47141 -0.06349  0.15983
   0.48851 -0.06162  0.16026
   0.50565 -0.05969  0.16171
   0.52281 -0.05771  0.16253
   0.54000 -0.05569  0.16460
   0.55721 -0.05362  0.16597
   0.57446 -0.05151  0.16840
   0.59175 -0.04937  0.17096
   0.60908 -0.04720  0.17298
   0.62643 -0.04501  0.17551
   0.64380 -0.04282  0.17733
   0.66117 -0.04061  0.17949
   0.67855 -0.03839  0.18207
   0.69593 -0.03617  0.18482
   0.71330 -0.03395  0.18740
   0.73067 -0.03174  0.18981
   0.74803 -0.02955  0.19214
   0.76537 -0.02737  0.19459
   0.78268 -0.02521  0.19675
   0.79997 -0.02308  0.19937
   0.81725 -0.02098  0.20105
   0.83450 -0.01891  0.20306
   0.85172 -0.01687  0.20518
   0.86889 -0.01487  0.20629
   0.88600 -0.01291  0.20758
   0.90302 -0.01100  0.20832
   0.91985 -0.00913  0.20836
   0.93626 -0.00731  0.20888
   0.95199 -0.00551  0.21331
   0.96677 -0.00374  0.22989
   0.98036 -0.00203  0.27796
   0.99258 -0.00062  0.34433
   1.00000  0.00000  0.37078
