                                                
 Alfa =  10.00000 Re =  4000000.000 Xflap,Yflap =     0.000000    0.000000
#    x        y        Cp  
   1.00000  0.01400  0.86263
   0.99602  0.01873  0.54303
   0.98978  0.02554  0.27251
   0.98317  0.03202  0.02776
   0.97614  0.03819 -0.19494
   0.96862  0.04405 -0.39876
   0.96053  0.04960 -0.58189
   0.95176  0.05484 -0.72949
   0.94214  0.05976 -0.82178
   0.93153  0.06440 -0.85859
   0.91976  0.06884 -0.85958
   0.90669  0.07316 -0.83443
   0.89230  0.07746 -0.81845
   0.87676  0.08174 -0.82270
   0.86038  0.08592 -0.82432
   0.84353  0.08992 -0.82798
   0.82658  0.09370 -0.82617
   0.80977  0.09728 -0.83058
   0.79318  0.10069 -0.84263
   0.77676  0.10400 -0.86622
   0.76045  0.10718 -0.89359
   0.74420  0.11026 -0.92432
   0.72796  0.11321 -0.95450
   0.71170  0.11605 -0.98513
   0.69537  0.11875 -1.01222
   0.67896  0.12133 -1.03322
   0.66245  0.12378 -1.05236
   0.64583  0.12615 -1.07109
   0.62909  0.12842 -1.09011
   0.61223  0.13064 -1.11119
   0.59527  0.13280 -1.13624
   0.57822  0.13491 -1.16805
   0.56111  0.13699 -1.20392
   0.54397  0.13900 -1.24382
   0.52684  0.14096 -1.28859
   0.50976  0.14285 -1.33900
   0.49279  0.14466 -1.39725
   0.47598  0.14639 -1.46424
   0.45936  0.14799 -1.53596
   0.44292  0.14946 -1.61077
   0.42664  0.15076 -1.68848
   0.41048  0.15188 -1.76473
   0.39437  0.15280 -1.83780
   0.37823  0.15351 -1.90453
   0.36202  0.15403 -1.97136
   0.34570  0.15435 -2.04097
   0.32932  0.15447 -2.11590
   0.31292  0.15439 -2.19927
   0.29661  0.15413 -2.30325
   0.28052  0.15368 -2.43629
   0.26477  0.15298 -2.58256
   0.24942  0.15199 -2.73365
   0.23449  0.15068 -2.88365
   0.21997  0.14902 -3.02781
   0.20583  0.14698 -3.16059
   0.19201  0.14452 -3.26597
   0.17846  0.14164 -3.34837
   0.16512  0.13834 -3.41844
   0.15190  0.13458 -3.48444
   0.13870  0.13033 -3.55608
   0.12553  0.12554 -3.62920
   0.11269  0.12027 -3.69489
   0.10067  0.11473 -3.76627
   0.08988  0.10916 -3.89259
   0.08031  0.10352 -3.96094
   0.07144  0.09744 -3.76560
   0.06254  0.09042 -3.28338
   0.05302  0.08237 -2.82821
   0.04343  0.07427 -2.74643
   0.03512  0.06722 -2.89548
   0.02824  0.06113 -3.06643
   0.02244  0.05561 -3.18466
   0.01742  0.05041 -3.20814
   0.01322  0.04580 -3.28330
   0.00983  0.04194 -3.57899
   0.00716  0.03871 -3.94975
   0.00506  0.03593 -4.34795
   0.00338  0.03346 -4.75621
   0.00204  0.03123 -5.21003
   0.00100  0.02917 -5.66116
   0.00021  0.02726 -6.11763
  -0.00033  0.02546 -6.48936
  -0.00065  0.02375 -6.76865
  -0.00075  0.02212 -6.77426
  -0.00060  0.02055 -6.43881
  -0.00021  0.01903 -5.65278
   0.00047  0.01754 -4.37193
   0.00144  0.01609 -3.05292
   0.00272  0.01464 -1.94211
   0.00432  0.01320 -1.07497
   0.00628  0.01177 -0.42113
   0.00866  0.01033  0.06191
   0.01152  0.00892  0.41325
   0.01492  0.00759  0.66391
   0.01899  0.00640  0.83733
   0.02396  0.00531  0.93840
   0.03009  0.00411  0.98473
   0.03736  0.00283  0.99983
   0.04538  0.00172  0.99271
   0.05378  0.00109  0.97289
   0.06285  0.00096  0.95178
   0.07308  0.00101  0.93354
   0.08483  0.00074  0.90785
   0.09784  0.00018  0.87190
   0.11179 -0.00017  0.83985
   0.12661 -0.00021  0.81517
   0.14223 -0.00007  0.79512
   0.15852  0.00005  0.77541
   0.17530  0.00005  0.75307
   0.19239 -0.00004  0.73080
   0.20964 -0.00018  0.70940
   0.22693 -0.00033  0.68912
   0.24421 -0.00047  0.66986
   0.26143 -0.00059  0.65170
   0.27856 -0.00067  0.63479
   0.29563 -0.00070  0.61917
   0.31264 -0.00067  0.60610
   0.32965 -0.00057  0.59459
   0.34669 -0.00043  0.58461
   0.36378 -0.00026  0.57524
   0.38094 -0.00009  0.56665
   0.39818  0.00008  0.55820
   0.41548  0.00023  0.54912
   0.43284  0.00035  0.54042
   0.45024  0.00045  0.53088
   0.46765  0.00052  0.52155
   0.48504  0.00057  0.51225
   0.50239  0.00060  0.50207
   0.51964  0.00062  0.49093
   0.53678  0.00065  0.47990
   0.55379  0.00072  0.46875
   0.57066  0.00085  0.45967
   0.58743  0.00106  0.45129
   0.60411  0.00139  0.44642
   0.62074  0.00183  0.44634
   0.63735  0.00235  0.44747
   0.65397  0.00291  0.45037
   0.67061  0.00346  0.45282
   0.68729  0.00397  0.45406
   0.70398  0.00439  0.45278
   0.72070  0.00471  0.44634
   0.73741  0.00497  0.43862
   0.75411  0.00520  0.43029
   0.77078  0.00546  0.42313
   0.78740  0.00578  0.41743
   0.80396  0.00622  0.41604
   0.82045  0.00677  0.42301
   0.83686  0.00738  0.43131
   0.85319  0.00798  0.44094
   0.86941  0.00853  0.44921
   0.88550  0.00896  0.45584
   0.90146  0.00922  0.45578
   0.91724  0.00930  0.44392
   0.93264  0.00941  0.43335
   0.94729  0.00971  0.43481
   0.96082  0.01030  0.45843
   0.97306  0.01114  0.50123
   0.98405  0.01214  0.56612
   0.99394  0.01324  0.66748
   1.00000  0.01400  0.86263
