                                                
 Alfa =  10.00000 Re =  4000000.000 Xflap,Yflap =     0.000000    0.000000
#    x        y        Cp  
   1.00000  0.00700  0.17761
   0.99381  0.00704  0.15661
   0.98372  0.00720  0.14652
   0.97259  0.00753  0.13011
   0.96038  0.00802  0.11660
   0.94706  0.00872  0.09444
   0.93267  0.00960  0.07332
   0.91732  0.01067  0.04896
   0.90110  0.01192  0.02186
   0.88413  0.01333 -0.00670
   0.86656  0.01486 -0.03564
   0.84856  0.01649 -0.06698
   0.83026  0.01819 -0.10231
   0.81174  0.01989 -0.13610
   0.79310  0.02153 -0.16278
   0.77430  0.02314 -0.18604
   0.75541  0.02472 -0.21131
   0.73653  0.02626 -0.23758
   0.71768  0.02775 -0.26292
   0.69889  0.02917 -0.28770
   0.68014  0.03054 -0.31153
   0.66143  0.03183 -0.33483
   0.64275  0.03305 -0.35760
   0.62408  0.03421 -0.37943
   0.60540  0.03529 -0.40093
   0.58671  0.03630 -0.42184
   0.56801  0.03725 -0.44290
   0.54928  0.03813 -0.46421
   0.53054  0.03895 -0.48469
   0.51178  0.03971 -0.50718
   0.49301  0.04041 -0.52936
   0.47424  0.04104 -0.55229
   0.45546  0.04161 -0.57599
   0.43670  0.04212 -0.60139
   0.41796  0.04256 -0.62740
   0.39925  0.04294 -0.65461
   0.38054  0.04325 -0.68224
   0.36183  0.04350 -0.71222
   0.34314  0.04368 -0.74402
   0.32454  0.04380 -0.78001
   0.30604  0.04385 -0.81808
   0.28763  0.04382 -0.85851
   0.26932  0.04371 -0.90066
   0.25114  0.04352 -0.94892
   0.23320  0.04327 -1.00517
   0.21561  0.04293 -1.06759
   0.19849  0.04250 -1.13603
   0.18194  0.04198 -1.20892
   0.16611  0.04137 -1.29172
   0.15116  0.04068 -1.38544
   0.13718  0.03990 -1.47936
   0.12421  0.03906 -1.58076
   0.11232  0.03817 -1.69680
   0.10153  0.03723 -1.81691
   0.09179  0.03627 -1.94186
   0.08302  0.03530 -2.07387
   0.07513  0.03431 -2.20948
   0.06800  0.03331 -2.35114
   0.06154  0.03231 -2.49864
   0.05567  0.03131 -2.65813
   0.05031  0.03030 -2.81838
   0.04540  0.02929 -2.99724
   0.04088  0.02828 -3.18300
   0.03670  0.02725 -3.38159
   0.03283  0.02621 -3.59913
   0.02924  0.02516 -3.82668
   0.02589  0.02408 -4.08421
   0.02277  0.02298 -4.34705
   0.01984  0.02186 -4.64686
   0.01711  0.02069 -4.99480
   0.01455  0.01949 -5.35867
   0.01217  0.01823 -5.75160
   0.00995  0.01692 -6.19693
   0.00789  0.01553 -6.77718
   0.00602  0.01407 -7.37533
   0.00434  0.01249 -7.88731
   0.00290  0.01078 -8.20300
   0.00172  0.00894 -8.13391
   0.00084  0.00699 -7.63448
   0.00029  0.00495 -6.49098
   0.00003  0.00286 -5.07348
  -0.00002  0.00077 -3.88917
   0.00006 -0.00132 -3.45216
   0.00031 -0.00340 -3.74347
   0.00102 -0.00536 -2.67554
   0.00221 -0.00711 -1.35120
   0.00375 -0.00864 -0.40180
   0.00555 -0.00996  0.20256
   0.00755 -0.01112  0.55324
   0.00974 -0.01216  0.76075
   0.01208 -0.01313  0.87753
   0.01457 -0.01403  0.94469
   0.01724 -0.01489  0.98097
   0.02008 -0.01571  0.99699
   0.02311 -0.01650  0.99970
   0.02636 -0.01728  0.99342
   0.02984 -0.01805  0.98084
   0.03358 -0.01880  0.96371
   0.03763 -0.01955  0.94343
   0.04202 -0.02030  0.92056
   0.04680 -0.02105  0.89583
   0.05204 -0.02181  0.86963
   0.05780 -0.02258  0.84176
   0.06416 -0.02336  0.81329
   0.07122 -0.02416  0.78333
   0.07910 -0.02497  0.75284
   0.08791 -0.02579  0.72186
   0.09777 -0.02662  0.68973
   0.10879 -0.02746  0.65796
   0.12100 -0.02827  0.62642
   0.13437 -0.02907  0.59509
   0.14883 -0.02984  0.56409
   0.16426 -0.03054  0.53511
   0.18053 -0.03118  0.50768
   0.19747 -0.03175  0.48074
   0.21489 -0.03224  0.45639
   0.23270 -0.03265  0.43347
   0.25076 -0.03298  0.41199
   0.26897 -0.03324  0.39115
   0.28724 -0.03343  0.37121
   0.30553 -0.03352  0.35329
   0.32388 -0.03353  0.33667
   0.34228 -0.03345  0.32180
   0.36074 -0.03329  0.30738
   0.37922 -0.03306  0.29361
   0.39770 -0.03274  0.28159
   0.41619 -0.03234  0.27018
   0.43473 -0.03185  0.25977
   0.45331 -0.03129  0.25119
   0.47195 -0.03066  0.24209
   0.49063 -0.02995  0.23493
   0.50937 -0.02917  0.22798
   0.52815 -0.02833  0.22135
   0.54699 -0.02743  0.21601
   0.56588 -0.02646  0.21061
   0.58482 -0.02544  0.20632
   0.60381 -0.02437  0.20202
   0.62285 -0.02325  0.19853
   0.64194 -0.02207  0.19620
   0.66111 -0.02086  0.19362
   0.68037 -0.01960  0.19270
   0.69971 -0.01832  0.19094
   0.71910 -0.01701  0.19109
   0.73848 -0.01570  0.19051
   0.75780 -0.01440  0.18980
   0.77704 -0.01313  0.18935
   0.79615 -0.01191  0.18791
   0.81519 -0.01075  0.18346
   0.83427 -0.00964  0.17566
   0.85334 -0.00854  0.16904
   0.87229 -0.00745  0.16440
   0.89096 -0.00636  0.16055
   0.90912 -0.00531  0.15631
   0.92651 -0.00429  0.15344
   0.94286 -0.00334  0.15033
   0.95789 -0.00246  0.14954
   0.97136 -0.00167  0.14839
   0.98329 -0.00098  0.15124
   0.99376 -0.00037  0.15448
   1.00000  0.00000  0.17761
