                                                
 Alfa =  10.00000 Re =  4000000.000 Xflap,Yflap =     0.000000    0.000000
#    x        y        Cp  
   1.00047  0.00450  0.19862
   0.99345  0.00569  0.09538
   0.98148  0.00770  0.04907
   0.96802  0.00992  0.00620
   0.95380  0.01216 -0.00426
   0.93934  0.01448  0.00209
   0.92454  0.01713 -0.05910
   0.90911  0.01994 -0.10815
   0.89321  0.02274 -0.13391
   0.87709  0.02557 -0.16425
   0.86086  0.02839 -0.19419
   0.84462  0.03120 -0.22509
   0.82841  0.03398 -0.25596
   0.81222  0.03670 -0.28365
   0.79598  0.03937 -0.30625
   0.77967  0.04203 -0.33059
   0.76332  0.04467 -0.35414
   0.74694  0.04731 -0.38117
   0.73056  0.04994 -0.41081
   0.71423  0.05255 -0.44292
   0.69791  0.05513 -0.47332
   0.68160  0.05768 -0.50625
   0.66533  0.06020 -0.54171
   0.64911  0.06266 -0.57871
   0.63292  0.06507 -0.61489
   0.61674  0.06741 -0.65017
   0.60056  0.06970 -0.68783
   0.58442  0.07192 -0.72835
   0.56834  0.07406 -0.77261
   0.55229  0.07610 -0.81148
   0.53623  0.07805 -0.85267
   0.52026  0.07990 -0.90260
   0.50434  0.08162 -0.94183
   0.48832  0.08321 -0.97253
   0.47227  0.08473 -1.01911
   0.45629  0.08614 -1.07086
   0.44039  0.08742 -1.12122
   0.42453  0.08856 -1.16849
   0.40866  0.08955 -1.21427
   0.39281  0.09041 -1.26653
   0.37701  0.09111 -1.31957
   0.36125  0.09165 -1.37537
   0.34556  0.09203 -1.43335
   0.32994  0.09222 -1.49189
   0.31435  0.09222 -1.54540
   0.29880  0.09202 -1.60607
   0.28334  0.09163 -1.67272
   0.26799  0.09101 -1.73770
   0.25272  0.09016 -1.80121
   0.23753  0.08907 -1.86602
   0.22245  0.08773 -1.93372
   0.20748  0.08613 -2.00247
   0.19264  0.08425 -2.07332
   0.17794  0.08208 -2.13831
   0.16338  0.07963 -2.20678
   0.14902  0.07689 -2.29439
   0.13491  0.07384 -2.37376
   0.12107  0.07047 -2.44927
   0.10757  0.06681 -2.54238
   0.09453  0.06286 -2.63937
   0.08206  0.05866 -2.73024
   0.07037  0.05430 -2.86421
   0.05965  0.04985 -2.96050
   0.05006  0.04546 -3.11809
   0.04173  0.04125 -3.19774
   0.03461  0.03736 -3.52260
   0.02868  0.03368 -3.46613
   0.02359  0.03031 -3.54392
   0.01921  0.02730 -4.10980
   0.01553  0.02444 -4.43543
   0.01247  0.02169 -4.53373
   0.00988  0.01905 -4.53475
   0.00767  0.01654 -4.63309
   0.00580  0.01417 -4.80969
   0.00422  0.01190 -5.12406
   0.00297  0.00972 -4.96748
   0.00195  0.00758 -4.76190
   0.00110  0.00556 -5.02469
   0.00048  0.00366 -5.31485
   0.00011  0.00186 -5.44688
  -0.00000  0.00012 -5.18137
   0.00018 -0.00162 -4.13609
   0.00063 -0.00340 -2.95387
   0.00132 -0.00528 -1.97688
   0.00220 -0.00728 -1.34505
   0.00325 -0.00932 -1.05707
   0.00463 -0.01131 -0.52380
   0.00639 -0.01324  0.03978
   0.00846 -0.01518  0.35699
   0.01085 -0.01709  0.60270
   0.01364 -0.01894  0.78425
   0.01685 -0.02074  0.89759
   0.02051 -0.02241  0.96620
   0.02473 -0.02389  0.99625
   0.02956 -0.02542  0.99897
   0.03502 -0.02726  0.98431
   0.04136 -0.02905  0.95257
   0.04879 -0.03065  0.91283
   0.05748 -0.03217  0.86464
   0.06747 -0.03351  0.81261
   0.07877 -0.03460  0.76287
   0.09124 -0.03540  0.71650
   0.10469 -0.03590  0.67471
   0.11886 -0.03613  0.63654
   0.13357 -0.03605  0.60562
   0.14868 -0.03573  0.57830
   0.16405 -0.03519  0.55570
   0.17962 -0.03447  0.53455
   0.19530 -0.03355  0.51841
   0.21117 -0.03245  0.50710
   0.22723 -0.03122  0.49918
   0.24353 -0.02990  0.49211
   0.25995 -0.02858  0.48201
   0.27633 -0.02725  0.47014
   0.29257 -0.02589  0.45853
   0.30863 -0.02446  0.44841
   0.32462 -0.02290  0.44879
   0.34069 -0.02129  0.44965
   0.35683 -0.01970  0.44144
   0.37301 -0.01804  0.43892
   0.38935 -0.01631  0.44095
   0.40581 -0.01456  0.44131
   0.42225 -0.01281  0.44301
   0.43863 -0.01108  0.44543
   0.45492 -0.00940  0.44847
   0.47113 -0.00779  0.45015
   0.48730 -0.00627  0.45110
   0.50338 -0.00483  0.45403
   0.51936 -0.00352  0.45372
   0.53537 -0.00234  0.45004
   0.55146 -0.00127  0.44625
   0.56761 -0.00030  0.44169
   0.58380  0.00060  0.43719
   0.60005  0.00143  0.43285
   0.61633  0.00218  0.42858
   0.63261  0.00288  0.42533
   0.64889  0.00350  0.42072
   0.66522  0.00405  0.41609
   0.68157  0.00455  0.41175
   0.69794  0.00500  0.40811
   0.71432  0.00540  0.40448
   0.73068  0.00575  0.40187
   0.74703  0.00604  0.40002
   0.76329  0.00628  0.39951
   0.77946  0.00644  0.39937
   0.79553  0.00649  0.39758
   0.81156  0.00641  0.39365
   0.82759  0.00621  0.38826
   0.84366  0.00589  0.38088
   0.85978  0.00548  0.37409
   0.87585  0.00498  0.37007
   0.89169  0.00440  0.36842
   0.90744  0.00366  0.35884
   0.92300  0.00283  0.35928
   0.93781  0.00183  0.36593
   0.95223  0.00044  0.32310
   0.96666 -0.00110  0.28220
   0.98035 -0.00252  0.25811
   0.99244 -0.00377  0.23672
   0.99953 -0.00450  0.19862
