                                                
 Alfa =  10.00000 Re =  4000000.000 Xflap,Yflap =     0.000000    0.000000
#    x        y        Cp  
   1.00000  0.00095  0.42655
   0.99417  0.00146  0.27760
   0.98386  0.00238  0.22391
   0.97137  0.00351  0.18765
   0.95730  0.00484  0.16186
   0.94274  0.00629  0.13836
   0.92796  0.00784  0.11668
   0.91303  0.00948  0.09626
   0.89807  0.01121  0.07560
   0.88308  0.01303  0.05491
   0.86804  0.01492  0.03401
   0.85301  0.01688  0.01456
   0.83800  0.01890 -0.00619
   0.82298  0.02099 -0.02740
   0.80799  0.02315 -0.04774
   0.79303  0.02537 -0.07148
   0.77806  0.02768 -0.09741
   0.76307  0.03005 -0.12546
   0.74805  0.03250 -0.15726
   0.73295  0.03500 -0.19303
   0.71774  0.03755 -0.23029
   0.70250  0.04012 -0.26797
   0.68732  0.04267 -0.31053
   0.67226  0.04517 -0.35323
   0.65726  0.04760 -0.39214
   0.64230  0.04995 -0.43238
   0.62738  0.05223 -0.47224
   0.61250  0.05441 -0.51002
   0.59763  0.05650 -0.54916
   0.58279  0.05848 -0.58662
   0.56797  0.06036 -0.62225
   0.55312  0.06213 -0.65768
   0.53828  0.06379 -0.69487
   0.52349  0.06534 -0.73302
   0.50872  0.06676 -0.76764
   0.49395  0.06805 -0.80343
   0.47921  0.06921 -0.83840
   0.46449  0.07023 -0.87285
   0.44978  0.07110 -0.90295
   0.43507  0.07183 -0.93349
   0.42034  0.07242 -0.96152
   0.40560  0.07287 -0.98695
   0.39083  0.07317 -1.01385
   0.37604  0.07334 -1.03855
   0.36124  0.07338 -1.06605
   0.34643  0.07329 -1.09347
   0.33163  0.07307 -1.12254
   0.31683  0.07272 -1.15165
   0.30204  0.07223 -1.18300
   0.28728  0.07161 -1.21702
   0.27255  0.07086 -1.25306
   0.25786  0.06996 -1.29008
   0.24323  0.06892 -1.32979
   0.22865  0.06772 -1.37152
   0.21413  0.06636 -1.41439
   0.19967  0.06483 -1.46150
   0.18531  0.06314 -1.51244
   0.17104  0.06125 -1.56491
   0.15685  0.05917 -1.61673
   0.14273  0.05689 -1.67689
   0.12874  0.05441 -1.74810
   0.11493  0.05172 -1.82730
   0.10133  0.04882 -1.91939
   0.08801  0.04571 -2.03607
   0.07513  0.04239 -2.17647
   0.06306  0.03893 -2.34215
   0.05202  0.03541 -2.53236
   0.04190  0.03180 -2.78081
   0.03282  0.02814 -3.08906
   0.02538  0.02468 -3.39427
   0.01962  0.02164 -3.74268
   0.01516  0.01896 -4.12729
   0.01160  0.01652 -4.47501
   0.00868  0.01422 -4.81788
   0.00624  0.01200 -5.29865
   0.00425  0.00985 -5.74049
   0.00271  0.00780 -5.99382
   0.00158  0.00589 -6.19528
   0.00079  0.00412 -6.30475
   0.00028  0.00246 -6.27291
   0.00003  0.00084 -5.99311
   0.00004 -0.00079 -5.39214
   0.00039 -0.00247 -4.05727
   0.00110 -0.00419 -2.67901
   0.00216 -0.00590 -1.50986
   0.00360 -0.00758 -0.63574
   0.00541 -0.00914  0.01338
   0.00759 -0.01055  0.48189
   0.01022 -0.01191  0.74348
   0.01342 -0.01326  0.89563
   0.01733 -0.01462  0.97216
   0.02219 -0.01605  0.99901
   0.02841 -0.01759  0.99213
   0.03653 -0.01931  0.96091
   0.04677 -0.02116  0.91451
   0.05856 -0.02304  0.86378
   0.07157 -0.02494  0.81218
   0.08559 -0.02683  0.76247
   0.10010 -0.02865  0.71595
   0.11479 -0.03038  0.67360
   0.12961 -0.03201  0.63470
   0.14451 -0.03355  0.59875
   0.15943 -0.03500  0.56534
   0.17439 -0.03636  0.53470
   0.18939 -0.03763  0.50648
   0.20442 -0.03882  0.47967
   0.21947 -0.03993  0.45433
   0.23453 -0.04096  0.43064
   0.24962 -0.04192  0.40798
   0.26472 -0.04281  0.38631
   0.27982 -0.04362  0.36498
   0.29491 -0.04435  0.34539
   0.30998 -0.04500  0.32585
   0.32505 -0.04558  0.30735
   0.34011 -0.04606  0.29011
   0.35515 -0.04647  0.27287
   0.37018 -0.04678  0.25747
   0.38520 -0.04700  0.24213
   0.40022 -0.04713  0.22785
   0.41521 -0.04717  0.21367
   0.43014 -0.04710  0.20127
   0.44507 -0.04692  0.19039
   0.46001 -0.04663  0.18202
   0.47496 -0.04623  0.17394
   0.48992 -0.04573  0.16747
   0.50488 -0.04513  0.16258
   0.51989 -0.04442  0.15990
   0.53496 -0.04363  0.15760
   0.55005 -0.04276  0.15609
   0.56516 -0.04182  0.15436
   0.58029 -0.04080  0.15455
   0.59547 -0.03972  0.15525
   0.61071 -0.03858  0.15770
   0.62601 -0.03740  0.15997
   0.64138 -0.03619  0.16265
   0.65678 -0.03497  0.16479
   0.67218 -0.03376  0.16469
   0.68753 -0.03257  0.16552
   0.70282 -0.03142  0.16354
   0.71812 -0.03030  0.15858
   0.73346 -0.02921  0.15088
   0.74884 -0.02813  0.14223
   0.76419 -0.02705  0.13233
   0.77944 -0.02594  0.12230
   0.79453 -0.02479  0.11213
   0.80949 -0.02356  0.10644
   0.82443 -0.02223  0.10370
   0.83936 -0.02080  0.10437
   0.85428 -0.01927  0.10691
   0.86927 -0.01763  0.11538
   0.88440 -0.01591  0.12328
   0.89964 -0.01414  0.13316
   0.91491 -0.01235  0.13997
   0.93014 -0.01055  0.14536
   0.94517 -0.00877  0.15149
   0.95965 -0.00704  0.14710
   0.97295 -0.00532  0.15098
   0.98451 -0.00361  0.18544
   0.99430 -0.00198  0.24831
   1.00000 -0.00095  0.42655
