                                                
 Alfa =  10.00000 Re =  4000000.000 Xflap,Yflap =     0.000000    0.000000
#    x        y        Cp  
   1.00000  0.00470  0.32611
   0.99446  0.00529  0.23413
   0.98526  0.00630  0.19590
   0.97476  0.00751  0.16978
   0.96269  0.00898  0.14598
   0.94897  0.01074  0.12230
   0.93404  0.01277  0.09961
   0.91897  0.01493  0.07504
   0.90388  0.01720  0.05219
   0.88910  0.01952  0.02898
   0.87455  0.02188  0.00455
   0.86008  0.02431 -0.01881
   0.84558  0.02681 -0.04439
   0.83098  0.02938 -0.06953
   0.81622  0.03203 -0.09732
   0.80131  0.03476 -0.12349
   0.78626  0.03754 -0.15246
   0.77116  0.04037 -0.18162
   0.75610  0.04322 -0.21043
   0.74106  0.04609 -0.24121
   0.72600  0.04898 -0.27282
   0.71091  0.05189 -0.30595
   0.69582  0.05481 -0.34118
   0.68078  0.05773 -0.37838
   0.66577  0.06063 -0.41762
   0.65078  0.06351 -0.45836
   0.63582  0.06636 -0.50117
   0.62088  0.06916 -0.54302
   0.60596  0.07192 -0.58884
   0.59106  0.07461 -0.63419
   0.57617  0.07722 -0.68043
   0.56130  0.07976 -0.72856
   0.54644  0.08220 -0.77762
   0.53161  0.08455 -0.82573
   0.51679  0.08680 -0.87789
   0.50199  0.08892 -0.92876
   0.48720  0.09093 -0.98161
   0.47244  0.09281 -1.03491
   0.45769  0.09455 -1.09059
   0.44296  0.09614 -1.14496
   0.42825  0.09758 -1.20174
   0.41355  0.09887 -1.25947
   0.39887  0.09998 -1.31893
   0.38420  0.10092 -1.38107
   0.36954  0.10166 -1.44412
   0.35491  0.10220 -1.50808
   0.34031  0.10251 -1.57176
   0.32577  0.10259 -1.63322
   0.31132  0.10242 -1.69409
   0.29697  0.10199 -1.74937
   0.28277  0.10129 -1.80040
   0.26874  0.10033 -1.84786
   0.25485  0.09910 -1.89020
   0.24109  0.09760 -1.92906
   0.22741  0.09584 -1.96523
   0.21372  0.09377 -1.99571
   0.19994  0.09139 -2.01967
   0.18595  0.08865 -2.02949
   0.17168  0.08554 -2.04148
   0.15732  0.08213 -2.05996
   0.14332  0.07857 -2.12809
   0.13012  0.07492 -2.23515
   0.11774  0.07112 -2.32860
   0.10590  0.06698 -2.38656
   0.09409  0.06225 -2.31013
   0.08170  0.05675 -2.12455
   0.06890  0.05094 -2.16198
   0.05702  0.04535 -2.41555
   0.04649  0.03973 -2.50131
   0.03693  0.03391 -2.39856
   0.02794  0.02799 -2.34821
   0.01918  0.02198 -2.58779
   0.01260  0.01712 -2.96583
   0.00853  0.01387 -3.52902
   0.00579  0.01141 -4.12109
   0.00380  0.00936 -4.74145
   0.00232  0.00755 -5.39099
   0.00123  0.00591 -6.05053
   0.00048  0.00437 -6.61607
   0.00002  0.00292 -6.90206
  -0.00015  0.00152 -6.64973
  -0.00004  0.00017 -5.64572
   0.00039 -0.00117 -3.96664
   0.00111 -0.00251 -2.41197
   0.00213 -0.00383 -1.22167
   0.00346 -0.00515 -0.37865
   0.00514 -0.00646  0.20448
   0.00722 -0.00773  0.59325
   0.00980 -0.00891  0.83843
   0.01299 -0.00986  0.97001
   0.01698 -0.01026  0.99838
   0.02234 -0.00981  0.96515
   0.03030 -0.00859  0.92200
   0.04192 -0.00691  0.86270
   0.05452 -0.00497  0.81208
   0.06751 -0.00268  0.78207
   0.08184 -0.00006  0.76070
   0.09657  0.00252  0.74327
   0.11091  0.00486  0.72829
   0.12516  0.00698  0.71441
   0.13956  0.00896  0.70175
   0.15419  0.01081  0.69042
   0.16896  0.01253  0.68046
   0.18375  0.01408  0.67162
   0.19848  0.01547  0.66296
   0.21315  0.01668  0.65486
   0.22779  0.01773  0.64646
   0.24243  0.01862  0.63833
   0.25708  0.01935  0.63029
   0.27177  0.01993  0.62161
   0.28650  0.02035  0.61321
   0.30128  0.02062  0.60402
   0.31610  0.02073  0.59428
   0.33097  0.02071  0.58395
   0.34587  0.02055  0.57318
   0.36082  0.02026  0.56213
   0.37579  0.01987  0.55050
   0.39080  0.01936  0.53877
   0.40583  0.01876  0.52690
   0.42089  0.01806  0.51416
   0.43597  0.01729  0.50194
   0.45107  0.01645  0.48907
   0.46620  0.01554  0.47602
   0.48135  0.01457  0.46246
   0.49652  0.01354  0.44936
   0.51172  0.01247  0.43456
   0.52694  0.01136  0.42035
   0.54220  0.01022  0.40586
   0.55748  0.00906  0.39115
   0.57278  0.00789  0.37544
   0.58808  0.00671  0.36066
   0.60339  0.00554  0.34496
   0.61867  0.00438  0.32900
   0.63391  0.00325  0.31421
   0.64912  0.00215  0.29813
   0.66429  0.00109  0.28275
   0.67943  0.00008  0.26740
   0.69455 -0.00087  0.25328
   0.70966 -0.00176  0.23836
   0.72479 -0.00258  0.22516
   0.73994 -0.00334  0.21190
   0.75511 -0.00401  0.19886
   0.77028 -0.00460  0.18701
   0.78543 -0.00510  0.17524
   0.80050 -0.00551  0.16526
   0.81546 -0.00583  0.15430
   0.83026 -0.00604  0.14586
   0.84492 -0.00615  0.13819
   0.85948 -0.00616  0.13158
   0.87400 -0.00606  0.12478
   0.88860 -0.00585  0.12165
   0.90340 -0.00551  0.11972
   0.91856 -0.00503  0.11971
   0.93389 -0.00441  0.12275
   0.94886 -0.00366  0.13228
   0.96260 -0.00285  0.14327
   0.97470 -0.00203  0.16439
   0.98523 -0.00123  0.18700
   0.99445 -0.00048  0.22872
   1.00000  0.00000  0.32611
