                                                
 Alfa =  10.00000 Re =  4000000.000 Xflap,Yflap =     0.000000    0.000000
#    x        y        Cp  
   1.00000  0.00000  0.30448
   0.99409  0.00083  0.23166
   0.98239  0.00273  0.12005
   0.96929  0.00489  0.03548
   0.95596  0.00697 -0.01501
   0.94249  0.00892 -0.04713
   0.92887  0.01080 -0.07010
   0.91513  0.01263 -0.09329
   0.90137  0.01443 -0.11427
   0.88762  0.01619 -0.13967
   0.87387  0.01792 -0.15832
   0.86011  0.01962 -0.17967
   0.84634  0.02130 -0.19912
   0.83256  0.02294 -0.21833
   0.81877  0.02456 -0.23731
   0.80498  0.02614 -0.25776
   0.79119  0.02771 -0.27491
   0.77740  0.02924 -0.29400
   0.76361  0.03074 -0.31410
   0.74982  0.03222 -0.33171
   0.73602  0.03366 -0.35168
   0.72223  0.03508 -0.36919
   0.70843  0.03646 -0.38892
   0.69463  0.03780 -0.40642
   0.68082  0.03912 -0.42638
   0.66702  0.04040 -0.44467
   0.65322  0.04165 -0.46445
   0.63941  0.04287 -0.48400
   0.62561  0.04404 -0.50341
   0.61181  0.04518 -0.52301
   0.59800  0.04628 -0.54362
   0.58419  0.04734 -0.56420
   0.57039  0.04836 -0.58485
   0.55658  0.04934 -0.60586
   0.54277  0.05028 -0.62731
   0.52896  0.05117 -0.64995
   0.51516  0.05201 -0.67139
   0.50135  0.05281 -0.69573
   0.48755  0.05356 -0.71860
   0.47375  0.05427 -0.74315
   0.45996  0.05491 -0.76762
   0.44616  0.05551 -0.79399
   0.43238  0.05604 -0.81927
   0.41859  0.05652 -0.84545
   0.40480  0.05693 -0.87275
   0.39101  0.05729 -0.90136
   0.37723  0.05758 -0.93202
   0.36346  0.05780 -0.96270
   0.34970  0.05796 -0.99594
   0.33595  0.05803 -1.02878
   0.32221  0.05803 -1.06411
   0.30848  0.05794 -1.09817
   0.29475  0.05777 -1.13663
   0.28104  0.05751 -1.17648
   0.26734  0.05715 -1.21902
   0.25366  0.05670 -1.26377
   0.24001  0.05614 -1.31064
   0.22638  0.05547 -1.36096
   0.21277  0.05468 -1.41561
   0.19920  0.05376 -1.47310
   0.18566  0.05270 -1.53612
   0.17216  0.05150 -1.60296
   0.15872  0.05014 -1.67932
   0.14534  0.04861 -1.76022
   0.13203  0.04690 -1.85226
   0.11878  0.04498 -1.95665
   0.10565  0.04284 -2.07394
   0.09269  0.04046 -2.21398
   0.07995  0.03781 -2.37482
   0.06732  0.03483 -2.57546
   0.05492  0.03148 -2.82217
   0.04338  0.02785 -3.13255
   0.03260  0.02388 -3.52915
   0.02203  0.01918 -4.12013
   0.01447  0.01504 -4.80230
   0.00950  0.01173 -5.49544
   0.00547  0.00845 -6.66239
   0.00259  0.00539 -7.96210
   0.00108  0.00324 -9.63296
   0.00029  0.00161-12.39630
   0.00000  0.00016-13.41167
   0.00021 -0.00136-10.47080
   0.00101 -0.00292 -6.12934
   0.00260 -0.00454 -2.33252
   0.00521 -0.00629 -0.38770
   0.00913 -0.00837  0.42721
   0.01490 -0.01070  0.84042
   0.02278 -0.01310  0.98361
   0.03323 -0.01549  0.99395
   0.04542 -0.01766  0.94998
   0.05801 -0.01941  0.89498
   0.07094 -0.02085  0.84179
   0.08424 -0.02206  0.79278
   0.09770 -0.02307  0.74907
   0.11120 -0.02391  0.71067
   0.12478 -0.02461  0.67673
   0.13843 -0.02518  0.64658
   0.15214 -0.02567  0.61890
   0.16588 -0.02606  0.59428
   0.17964 -0.02637  0.57154
   0.19341 -0.02662  0.55120
   0.20721 -0.02680  0.53286
   0.22103 -0.02693  0.51539
   0.23486 -0.02701  0.49942
   0.24871 -0.02705  0.48468
   0.26257 -0.02705  0.47053
   0.27643 -0.02702  0.45735
   0.29030 -0.02695  0.44560
   0.30418 -0.02685  0.43318
   0.31806 -0.02672  0.42252
   0.33194 -0.02657  0.41192
   0.34582 -0.02639  0.40224
   0.35972 -0.02619  0.39256
   0.37361 -0.02597  0.38330
   0.38751 -0.02573  0.37543
   0.40141 -0.02547  0.36602
   0.41532 -0.02519  0.35904
   0.42922 -0.02490  0.35039
   0.44312 -0.02459  0.34313
   0.45702 -0.02426  0.33573
   0.47093 -0.02392  0.32870
   0.48483 -0.02356  0.32193
   0.49874 -0.02318  0.31545
   0.51265 -0.02279  0.30884
   0.52656 -0.02239  0.30295
   0.54046 -0.02198  0.29565
   0.55436 -0.02155  0.29000
   0.56826 -0.02110  0.28306
   0.58215 -0.02063  0.27847
   0.59604 -0.02015  0.27278
   0.60994 -0.01965  0.26717
   0.62385 -0.01913  0.26194
   0.63775 -0.01860  0.25603
   0.65164 -0.01805  0.24961
   0.66551 -0.01747  0.24465
   0.67936 -0.01687  0.23822
   0.69318 -0.01622  0.23317
   0.70698 -0.01554  0.22992
   0.72076 -0.01480  0.22554
   0.73454 -0.01400  0.22520
   0.74832 -0.01315  0.22624
   0.76213 -0.01226  0.22755
   0.77596 -0.01132  0.23133
   0.78982 -0.01036  0.23480
   0.80369 -0.00938  0.23985
   0.81758 -0.00841  0.24296
   0.83145 -0.00745  0.24655
   0.84532 -0.00651  0.25062
   0.85916 -0.00560  0.25346
   0.87298 -0.00473  0.25544
   0.88678 -0.00390  0.25939
   0.90057 -0.00312  0.26165
   0.91435 -0.00240  0.26275
   0.92811 -0.00174  0.26589
   0.94184 -0.00116  0.26579
   0.95557 -0.00064  0.26867
   0.96925 -0.00022  0.27392
   0.98236  0.00007  0.29148
   0.99403  0.00012  0.31728
   1.00000  0.00000  0.30448
