                                                
 Alfa =  10.00000 Re =  4000000.000 Xflap,Yflap =     0.000000    0.000000
#    x        y        Cp  
   1.00000  0.00000  0.32759
   0.99273  0.00085  0.25748
   0.98086  0.00233  0.22244
   0.96770  0.00409  0.19406
   0.95314  0.00619  0.16777
   0.93729  0.00865  0.13860
   0.92047  0.01145  0.10773
   0.90308  0.01451  0.07442
   0.88531  0.01780  0.04016
   0.86718  0.02128  0.00407
   0.84874  0.02494 -0.03365
   0.83004  0.02874 -0.07313
   0.81117  0.03264 -0.11339
   0.79217  0.03663 -0.15672
   0.77306  0.04068 -0.20135
   0.75387  0.04475 -0.24816
   0.73470  0.04882 -0.29706
   0.71564  0.05282 -0.34693
   0.69671  0.05675 -0.39730
   0.67789  0.06057 -0.44764
   0.65916  0.06429 -0.49905
   0.64052  0.06790 -0.55117
   0.62197  0.07138 -0.60517
   0.60353  0.07471 -0.66006
   0.58520  0.07789 -0.71499
   0.56697  0.08089 -0.77058
   0.54882  0.08372 -0.82684
   0.53072  0.08637 -0.88353
   0.51271  0.08883 -0.94135
   0.49481  0.09108 -1.00023
   0.47713  0.09310 -1.06093
   0.45966  0.09487 -1.11998
   0.44226  0.09639 -1.17141
   0.42478  0.09767 -1.21509
   0.40731  0.09874 -1.26272
   0.39029  0.09961 -1.33811
   0.37421  0.10019 -1.42698
   0.35918  0.10041 -1.48958
   0.34504  0.10019 -1.47068
   0.33155  0.09965 -1.35548
   0.31861  0.09910 -1.25580
   0.30626  0.09881 -1.20971
   0.29459  0.09895 -1.30804
   0.28368  0.09942 -1.57742
   0.27350  0.09990 -1.89692
   0.26388  0.10013 -2.22368
   0.25465  0.09994 -2.50571
   0.24563  0.09917 -2.60272
   0.23659  0.09774 -2.43764
   0.22732  0.09575 -2.18250
   0.21759  0.09333 -1.89931
   0.20722  0.09063 -1.63457
   0.19607  0.08793 -1.47968
   0.18418  0.08550 -1.53106
   0.17177  0.08327 -1.67752
   0.15906  0.08104 -1.87623
   0.14617  0.07858 -2.06083
   0.13310  0.07565 -2.14428
   0.11986  0.07226 -2.19238
   0.10670  0.06851 -2.23342
   0.09406  0.06460 -2.30289
   0.08240  0.06071 -2.42067
   0.07192  0.05692 -2.53830
   0.06260  0.05323 -2.64745
   0.05435  0.04969 -2.75364
   0.04703  0.04628 -2.86177
   0.04053  0.04302 -2.98578
   0.03476  0.03991 -3.10861
   0.02967  0.03695 -3.24074
   0.02518  0.03415 -3.38333
   0.02121  0.03151 -3.59523
   0.01772  0.02899 -3.85796
   0.01466  0.02656 -4.08912
   0.01198  0.02417 -4.26906
   0.00963  0.02182 -4.32880
   0.00756  0.01949 -4.32432
   0.00574  0.01722 -4.46696
   0.00414  0.01500 -4.79917
   0.00282  0.01275 -4.83615
   0.00176  0.01049 -4.68197
   0.00095  0.00826 -4.46830
   0.00038  0.00606 -4.18589
   0.00004  0.00390 -3.85893
  -0.00008  0.00177 -3.45984
   0.00004 -0.00033 -2.95143
   0.00039 -0.00243 -2.33081
   0.00099 -0.00453 -1.71709
   0.00183 -0.00665 -1.15319
   0.00292 -0.00880 -0.66044
   0.00428 -0.01097 -0.24520
   0.00591 -0.01316  0.09965
   0.00780 -0.01532  0.38212
   0.00995 -0.01748  0.58674
   0.01237 -0.01967  0.73000
   0.01510 -0.02187  0.84031
   0.01819 -0.02406  0.91854
   0.02171 -0.02627  0.96780
   0.02571 -0.02854  0.99301
   0.03024 -0.03091  0.99999
   0.03537 -0.03340  0.99290
   0.04118 -0.03602  0.97425
   0.04776 -0.03875  0.94633
   0.05518 -0.04158  0.91069
   0.06357 -0.04453  0.86907
   0.07308 -0.04758  0.82237
   0.08382 -0.05073  0.77223
   0.09582 -0.05392  0.71996
   0.10901 -0.05708  0.66692
   0.12325 -0.06017  0.61489
   0.13835 -0.06310  0.56515
   0.15406 -0.06583  0.51815
   0.17022 -0.06836  0.47244
   0.18670 -0.07065  0.42956
   0.20343 -0.07269  0.38925
   0.22035 -0.07447  0.35241
   0.23742 -0.07599  0.31831
   0.25463 -0.07725  0.28704
   0.27196 -0.07826  0.25807
   0.28938 -0.07902  0.23154
   0.30683 -0.07954  0.20625
   0.32422 -0.07981  0.18191
   0.34152 -0.07982  0.16022
   0.35877 -0.07954  0.14382
   0.37610 -0.07897  0.13305
   0.39358 -0.07814  0.12575
   0.41121 -0.07706  0.12016
   0.42895 -0.07574  0.11622
   0.44678 -0.07420  0.11447
   0.46468 -0.07243  0.11521
   0.48270 -0.07046  0.11743
   0.50082 -0.06829  0.12205
   0.51907 -0.06593  0.12740
   0.53744 -0.06339  0.13449
   0.55591 -0.06070  0.14246
   0.57449 -0.05786  0.15160
   0.59318 -0.05488  0.16103
   0.61199 -0.05178  0.17201
   0.63091 -0.04858  0.18353
   0.64995 -0.04528  0.19533
   0.66910 -0.04191  0.20788
   0.68834 -0.03848  0.22069
   0.70762 -0.03502  0.23447
   0.72685 -0.03156  0.24900
   0.74597 -0.02814  0.26355
   0.76496 -0.02480  0.27681
   0.78383 -0.02155  0.29008
   0.80252 -0.01843  0.30296
   0.82099 -0.01545  0.31628
   0.83918 -0.01265  0.32852
   0.85712 -0.01005  0.33935
   0.87484 -0.00767  0.34874
   0.89226 -0.00552  0.35777
   0.90921 -0.00362  0.36958
   0.92548 -0.00204  0.38134
   0.94088 -0.00085  0.38958
   0.95530 -0.00007  0.39103
   0.96872  0.00033  0.38271
   0.98117  0.00040  0.37040
   0.99274  0.00023  0.35387
   1.00000  0.00000  0.32759
