                                                
 Alfa =  10.00000 Re =  4000000.000 Xflap,Yflap =     0.000000    0.000000
#    x        y        Cp  
   1.00000  0.00070  0.39026
   0.99407  0.00126  0.23687
   0.98399  0.00219  0.16686
   0.97229  0.00326  0.12108
   0.95915  0.00444  0.08845
   0.94539  0.00566  0.06526
   0.93155  0.00692  0.03697
   0.91766  0.00818  0.01265
   0.90377  0.00945 -0.00842
   0.88988  0.01071 -0.03039
   0.87600  0.01197 -0.05033
   0.86212  0.01322 -0.06893
   0.84822  0.01447 -0.08643
   0.83434  0.01571 -0.10589
   0.82048  0.01693 -0.12404
   0.80660  0.01814 -0.13912
   0.79272  0.01933 -0.15556
   0.77884  0.02052 -0.17202
   0.76496  0.02169 -0.18724
   0.75108  0.02285 -0.20355
   0.73719  0.02400 -0.21952
   0.72331  0.02513 -0.23440
   0.70942  0.02626 -0.25155
   0.69553  0.02737 -0.26728
   0.68164  0.02847 -0.28385
   0.66775  0.02955 -0.30022
   0.65387  0.03063 -0.31895
   0.64001  0.03168 -0.33655
   0.62615  0.03271 -0.35426
   0.61227  0.03372 -0.37010
   0.59838  0.03472 -0.38847
   0.58451  0.03569 -0.40842
   0.57064  0.03664 -0.42682
   0.55676  0.03757 -0.44580
   0.54289  0.03847 -0.46669
   0.52902  0.03934 -0.48671
   0.51515  0.04018 -0.50668
   0.50127  0.04099 -0.52849
   0.48741  0.04177 -0.55032
   0.47354  0.04251 -0.57210
   0.45968  0.04321 -0.59515
   0.44582  0.04388 -0.61785
   0.43195  0.04450 -0.64116
   0.41808  0.04509 -0.66696
   0.40422  0.04563 -0.69293
   0.39037  0.04613 -0.71989
   0.37652  0.04658 -0.74720
   0.36267  0.04699 -0.77657
   0.34883  0.04733 -0.80646
   0.33498  0.04762 -0.83788
   0.32115  0.04786 -0.87258
   0.30733  0.04803 -0.90683
   0.29350  0.04814 -0.94394
   0.27968  0.04818 -0.98512
   0.26589  0.04815 -1.02856
   0.25210  0.04803 -1.07351
   0.23834  0.04782 -1.12085
   0.22456  0.04751 -1.17217
   0.21083  0.04711 -1.23090
   0.19711  0.04659 -1.29134
   0.18342  0.04595 -1.35984
   0.16980  0.04517 -1.43393
   0.15622  0.04424 -1.51107
   0.14265  0.04313 -1.60019
   0.12918  0.04185 -1.70488
   0.11575  0.04034 -1.81066
   0.10241  0.03861 -1.94831
   0.08924  0.03661 -2.10345
   0.07624  0.03428 -2.27538
   0.06343  0.03160 -2.48469
   0.05081  0.02849 -2.77330
   0.03862  0.02486 -3.12480
   0.02741  0.02080 -3.61239
   0.01788  0.01649 -4.28107
   0.01082  0.01245 -5.13787
   0.00618  0.00904 -6.19198
   0.00338  0.00637 -7.27608
   0.00161  0.00417 -8.41749
   0.00055  0.00231-10.38076
   0.00005  0.00065-11.63464
   0.00009 -0.00088 -9.32039
   0.00066 -0.00256 -5.38296
   0.00181 -0.00445 -2.56419
   0.00369 -0.00672 -0.98582
   0.00669 -0.00946  0.07342
   0.01165 -0.01298  0.68980
   0.01905 -0.01708  0.94843
   0.02889 -0.02138  0.99950
   0.04027 -0.02539  0.96017
   0.05254 -0.02895  0.89305
   0.06519 -0.03199  0.82389
   0.07803 -0.03463  0.75875
   0.09105 -0.03690  0.70026
   0.10424 -0.03886  0.64896
   0.11761 -0.04056  0.60454
   0.13104 -0.04204  0.56266
   0.14452 -0.04329  0.52866
   0.15810 -0.04438  0.49607
   0.17169 -0.04529  0.46772
   0.18531 -0.04605  0.44262
   0.19901 -0.04667  0.42034
   0.21273 -0.04717  0.39977
   0.22647 -0.04756  0.38192
   0.24024 -0.04785  0.36430
   0.25401 -0.04805  0.34864
   0.26780 -0.04816  0.33411
   0.28159 -0.04818  0.32164
   0.29542 -0.04813  0.31031
   0.30925 -0.04801  0.29838
   0.32307 -0.04783  0.28767
   0.33689 -0.04759  0.27874
   0.35075 -0.04729  0.26918
   0.36459 -0.04693  0.26055
   0.37844 -0.04652  0.25318
   0.39229 -0.04607  0.24532
   0.40614 -0.04556  0.23828
   0.42000 -0.04501  0.23238
   0.43387 -0.04442  0.22626
   0.44774 -0.04379  0.22049
   0.46160 -0.04312  0.21494
   0.47546 -0.04241  0.21000
   0.48933 -0.04166  0.20517
   0.50319 -0.04088  0.20138
   0.51707 -0.04006  0.19765
   0.53094 -0.03922  0.19326
   0.54481 -0.03834  0.19039
   0.55868 -0.03744  0.18739
   0.57256 -0.03651  0.18421
   0.58643 -0.03556  0.18162
   0.60030 -0.03458  0.17884
   0.61420 -0.03358  0.17686
   0.62807 -0.03257  0.17371
   0.64193 -0.03154  0.17116
   0.65579 -0.03048  0.16935
   0.66968 -0.02940  0.16835
   0.68357 -0.02832  0.16633
   0.69745 -0.02721  0.16425
   0.71134 -0.02610  0.16238
   0.72523 -0.02498  0.16054
   0.73911 -0.02384  0.15920
   0.75300 -0.02269  0.15667
   0.76688 -0.02153  0.15607
   0.78076 -0.02035  0.15363
   0.79464 -0.01917  0.15302
   0.80853 -0.01797  0.15113
   0.82240 -0.01676  0.14992
   0.83626 -0.01553  0.15029
   0.85015 -0.01429  0.14989
   0.86404 -0.01305  0.14982
   0.87792 -0.01180  0.14944
   0.89180 -0.01053  0.15006
   0.90569 -0.00927  0.14992
   0.91959 -0.00801  0.15052
   0.93346 -0.00674  0.14863
   0.94722 -0.00550  0.15078
   0.96063 -0.00431  0.12483
   0.97316 -0.00299  0.12896
   0.98435 -0.00160  0.16200
   0.99415 -0.00021  0.22824
   1.00000  0.00070  0.39026
