                                                
 Alfa =  10.00000 Re =  4000000.000 Xflap,Yflap =     0.000000    0.000000
#    x        y        Cp  
   1.00000  0.00055  0.59481
   0.99390  0.00217  0.34835
   0.98331  0.00496  0.24692
   0.97102  0.00813  0.16252
   0.95724  0.01162  0.09239
   0.94239  0.01529  0.02837
   0.92688  0.01905 -0.03202
   0.91107  0.02277 -0.09017
   0.89514  0.02638 -0.14221
   0.87911  0.02987 -0.18900
   0.86286  0.03327 -0.22734
   0.84644  0.03661 -0.27145
   0.83012  0.03984 -0.32137
   0.81402  0.04289 -0.36983
   0.79807  0.04575 -0.41219
   0.78216  0.04842 -0.45170
   0.76627  0.05091 -0.48593
   0.75038  0.05322 -0.51613
   0.73442  0.05534 -0.54049
   0.71828  0.05730 -0.55647
   0.70183  0.05915 -0.56973
   0.68515  0.06092 -0.58714
   0.66838  0.06261 -0.61137
   0.65166  0.06420 -0.63746
   0.63501  0.06567 -0.66193
   0.61836  0.06702 -0.68447
   0.60167  0.06826 -0.70698
   0.58495  0.06940 -0.72997
   0.56822  0.07042 -0.75358
   0.55150  0.07134 -0.77679
   0.53479  0.07214 -0.80035
   0.51807  0.07283 -0.82315
   0.50136  0.07341 -0.84606
   0.48464  0.07387 -0.86954
   0.46792  0.07422 -0.89265
   0.45121  0.07446 -0.91644
   0.43450  0.07458 -0.94005
   0.41779  0.07459 -0.96381
   0.40108  0.07449 -0.98833
   0.38438  0.07426 -1.01315
   0.36768  0.07393 -1.03903
   0.35099  0.07348 -1.06554
   0.33429  0.07291 -1.09363
   0.31760  0.07223 -1.12248
   0.30093  0.07143 -1.15478
   0.28429  0.07052 -1.18992
   0.26770  0.06950 -1.22782
   0.25116  0.06835 -1.26919
   0.23467  0.06708 -1.31395
   0.21825  0.06569 -1.36476
   0.20197  0.06418 -1.42428
   0.18587  0.06253 -1.48970
   0.16998  0.06074 -1.56319
   0.15436  0.05881 -1.64652
   0.13908  0.05674 -1.74157
   0.12429  0.05453 -1.85279
   0.11015  0.05220 -1.97899
   0.09682  0.04977 -2.12415
   0.08449  0.04727 -2.28597
   0.07331  0.04476 -2.46961
   0.06334  0.04228 -2.66540
   0.05458  0.03985 -2.88186
   0.04693  0.03749 -3.10803
   0.04028  0.03523 -3.34415
   0.03449  0.03305 -3.60545
   0.02944  0.03095 -3.88730
   0.02502  0.02891 -4.16112
   0.02114  0.02693 -4.44648
   0.01771  0.02499 -4.76641
   0.01469  0.02308 -5.08102
   0.01201  0.02118 -5.36473
   0.00963  0.01928 -5.65704
   0.00752  0.01739 -6.01317
   0.00569  0.01548 -6.35012
   0.00413  0.01356 -6.57248
   0.00285  0.01161 -6.61668
   0.00182  0.00965 -6.41717
   0.00103  0.00769 -6.05934
   0.00047  0.00574 -5.62582
   0.00011  0.00382 -5.15395
  -0.00005  0.00191 -4.62523
  -0.00000  0.00002 -4.02742
   0.00025 -0.00186 -3.34229
   0.00071 -0.00376 -2.63418
   0.00140 -0.00566 -1.97163
   0.00233 -0.00756 -1.33938
   0.00353 -0.00945 -0.74530
   0.00501 -0.01130 -0.24284
   0.00676 -0.01311  0.15460
   0.00879 -0.01490  0.44980
   0.01107 -0.01667  0.65275
   0.01362 -0.01841  0.79497
   0.01649 -0.02014  0.89259
   0.01972 -0.02185  0.95384
   0.02336 -0.02357  0.98773
   0.02748 -0.02531  0.99972
   0.03217 -0.02706  0.99512
   0.03754 -0.02883  0.97782
   0.04369 -0.03066  0.95074
   0.05078 -0.03253  0.91640
   0.05892 -0.03443  0.87670
   0.06826 -0.03636  0.83348
   0.07886 -0.03829  0.78866
   0.09073 -0.04019  0.74374
   0.10375 -0.04203  0.69991
   0.11774 -0.04376  0.65835
   0.13249 -0.04538  0.61964
   0.14783 -0.04686  0.58374
   0.16360 -0.04821  0.55065
   0.17969 -0.04943  0.52043
   0.19601 -0.05052  0.49215
   0.21250 -0.05149  0.46600
   0.22911 -0.05236  0.44182
   0.24582 -0.05311  0.41899
   0.26259 -0.05376  0.39781
   0.27941 -0.05431  0.37741
   0.29626 -0.05477  0.35873
   0.31315 -0.05512  0.34043
   0.33004 -0.05539  0.32398
   0.34694 -0.05556  0.30742
   0.36383 -0.05563  0.29224
   0.38072 -0.05561  0.27822
   0.39760 -0.05549  0.26455
   0.41449 -0.05527  0.25266
   0.43138 -0.05496  0.24089
   0.44828 -0.05455  0.23058
   0.46517 -0.05405  0.22033
   0.48204 -0.05345  0.21137
   0.49890 -0.05276  0.20304
   0.51578 -0.05196  0.19649
   0.53270 -0.05107  0.19063
   0.54966 -0.05009  0.18535
   0.56660 -0.04903  0.17983
   0.58350 -0.04788  0.17479
   0.60037 -0.04664  0.17102
   0.61724 -0.04530  0.16923
   0.63417 -0.04387  0.16866
   0.65114 -0.04235  0.16833
   0.66810 -0.04075  0.16839
   0.68504 -0.03907  0.17019
   0.70203 -0.03729  0.17462
   0.71917 -0.03543  0.18201
   0.73649 -0.03353  0.18812
   0.75394 -0.03163  0.19128
   0.77144 -0.02973  0.19189
   0.78884 -0.02786  0.18963
   0.80605 -0.02599  0.18690
   0.82312 -0.02407  0.18618
   0.84018 -0.02207  0.19200
   0.85734 -0.02001  0.19830
   0.87457 -0.01790  0.20457
   0.89171 -0.01578  0.21089
   0.90850 -0.01366  0.21335
   0.92485 -0.01150  0.22513
   0.94080 -0.00928  0.24391
   0.95614 -0.00708  0.26936
   0.97035 -0.00499  0.29833
   0.98294 -0.00310  0.34284
   0.99375 -0.00147  0.40594
   1.00000 -0.00055  0.59481
