                                                
 Alfa =  10.00000 Re =  4000000.000 Xflap,Yflap =     0.000000    0.000000
#    x        y        Cp  
   1.00000  0.00000  0.50332
   0.99312  0.00216  0.30554
   0.98187  0.00565  0.20676
   0.96936  0.00946  0.13397
   0.95545  0.01360  0.07306
   0.94014  0.01806  0.01868
   0.92370  0.02273 -0.02825
   0.90652  0.02751 -0.07041
   0.88889  0.03232 -0.10692
   0.87099  0.03715 -0.13913
   0.85295  0.04200 -0.17070
   0.83488  0.04687 -0.20199
   0.81692  0.05178 -0.23654
   0.79918  0.05673 -0.27955
   0.78174  0.06172 -0.33821
   0.76463  0.06666 -0.40554
   0.74781  0.07150 -0.47683
   0.73121  0.07618 -0.54983
   0.71473  0.08067 -0.62109
   0.69822  0.08495 -0.68441
   0.68151  0.08900 -0.72864
   0.66446  0.09289 -0.76453
   0.64697  0.09667 -0.79569
   0.62901  0.10037 -0.82653
   0.61065  0.10402 -0.85932
   0.59208  0.10763 -0.90459
   0.57357  0.11115 -0.96495
   0.55533  0.11450 -1.03038
   0.53744  0.11763 -1.09767
   0.51989  0.12051 -1.16318
   0.50260  0.12313 -1.22325
   0.48544  0.12548 -1.27012
   0.46825  0.12761 -1.30764
   0.45092  0.12955 -1.34331
   0.43335  0.13133 -1.37852
   0.41547  0.13298 -1.41657
   0.39722  0.13453 -1.46172
   0.37859  0.13598 -1.52133
   0.35963  0.13733 -1.59195
   0.34053  0.13856 -1.67578
   0.32159  0.13964 -1.77515
   0.30320  0.14055 -1.89503
   0.28572  0.14128 -2.05818
   0.26932  0.14175 -2.24182
   0.25397  0.14189 -2.42751
   0.23951  0.14167 -2.60502
   0.22573  0.14106 -2.76761
   0.21246  0.14003 -2.90506
   0.19950  0.13853 -2.99842
   0.18666  0.13654 -3.00930
   0.17375  0.13406 -2.98413
   0.16066  0.13114 -2.94696
   0.14731  0.12780 -2.92263
   0.13372  0.12411 -2.93797
   0.12025  0.12015 -2.98763
   0.10757  0.11618 -3.08205
   0.09630  0.11246 -3.30411
   0.08662  0.10898 -3.64032
   0.07821  0.10550 -3.87974
   0.07068  0.10180 -3.79804
   0.06366  0.09785 -3.50040
   0.05698  0.09384 -3.23171
   0.05063  0.08998 -3.09069
   0.04469  0.08645 -3.23044
   0.03929  0.08324 -3.48956
   0.03444  0.08025 -3.77584
   0.03010  0.07740 -4.04993
   0.02621  0.07462 -4.28792
   0.02272  0.07188 -4.43712
   0.01955  0.06914 -4.50134
   0.01667  0.06641 -4.52132
   0.01404  0.06369 -4.51973
   0.01164  0.06102 -4.55300
   0.00948  0.05840 -4.63668
   0.00756  0.05587 -4.73594
   0.00588  0.05342 -4.83664
   0.00444  0.05105 -4.90794
   0.00320  0.04876 -4.97445
   0.00218  0.04652 -4.99337
   0.00136  0.04434 -4.96656
   0.00072  0.04220 -4.86874
   0.00027  0.04009 -4.70749
   0.00001  0.03801 -4.43563
  -0.00005  0.03594 -4.07276
   0.00008  0.03388 -3.57962
   0.00041  0.03181 -3.00459
   0.00094  0.02974 -2.43478
   0.00166  0.02767 -1.90044
   0.00257  0.02560 -1.40351
   0.00368  0.02355 -0.96759
   0.00499  0.02152 -0.57758
   0.00652  0.01952 -0.23454
   0.00828  0.01757  0.06099
   0.01027  0.01571  0.31394
   0.01253  0.01398  0.52983
   0.01505  0.01243  0.70798
   0.01785  0.01106  0.83792
   0.02096  0.00985  0.92200
   0.02436  0.00878  0.96967
   0.02807  0.00781  0.99277
   0.03213  0.00691  0.99994
   0.03659  0.00610  0.99625
   0.04152  0.00537  0.98528
   0.04700  0.00471  0.96963
   0.05312  0.00410  0.95110
   0.05994  0.00349  0.93072
   0.06754  0.00285  0.90885
   0.07593  0.00211  0.88463
   0.08506  0.00123  0.85274
   0.09484  0.00036  0.81506
   0.10527 -0.00026  0.78097
   0.11648 -0.00050  0.75811
   0.12867 -0.00043  0.74257
   0.14206 -0.00016  0.73241
   0.15682  0.00009  0.71905
   0.17292  0.00014  0.69700
   0.19015  0.00006  0.67172
   0.20824 -0.00004  0.64752
   0.22697 -0.00009  0.62740
   0.24613 -0.00009  0.60909
   0.26553 -0.00007  0.59274
   0.28504 -0.00003  0.57772
   0.30458  0.00001  0.56329
   0.32414  0.00002  0.54919
   0.34375  0.00003  0.53549
   0.36342  0.00002  0.52233
   0.38314  0.00001  0.50962
   0.40292 -0.00000  0.49775
   0.42274 -0.00001  0.48645
   0.44258 -0.00001  0.47568
   0.46244 -0.00000  0.46576
   0.48229 -0.00000  0.45611
   0.50214  0.00000  0.44682
   0.52200  0.00000  0.43774
   0.54185  0.00000  0.42901
   0.56171  0.00000  0.42065
   0.58157  0.00000  0.41271
   0.60144 -0.00000  0.40458
   0.62131 -0.00000  0.39739
   0.64118 -0.00000  0.38977
   0.66105 -0.00000  0.38304
   0.68092 -0.00000  0.37605
   0.70079  0.00000  0.36967
   0.72065  0.00000  0.36340
   0.74050  0.00000  0.35752
   0.76034  0.00000  0.35182
   0.78016  0.00000  0.34632
   0.79997  0.00000  0.34140
   0.81976 -0.00000  0.33642
   0.83951 -0.00000  0.33245
   0.85919 -0.00000  0.32837
   0.87870 -0.00000  0.32555
   0.89797 -0.00000  0.32319
   0.91686  0.00000  0.32252
   0.93506  0.00000  0.32358
   0.95200 -0.00000  0.32754
   0.96727 -0.00000  0.33643
   0.98079 -0.00000  0.35134
   0.99275 -0.00000  0.38851
   1.00000  0.00000  0.50332
