                                                
 Alfa =  10.00000 Re =  4000000.000 Xflap,Yflap =     0.000000    0.000000
#    x        y        Cp  
   1.00000  0.00000  0.35226
   0.99490  0.00092  0.20780
   0.98642  0.00245  0.14212
   0.97667  0.00422  0.09961
   0.96536  0.00628  0.05502
   0.95228  0.00867  0.01315
   0.93814  0.01127 -0.02817
   0.92427  0.01381 -0.06839
   0.91022  0.01635 -0.10623
   0.89589  0.01890 -0.14286
   0.88186  0.02132 -0.17165
   0.86803  0.02365 -0.19759
   0.85423  0.02592 -0.22345
   0.84036  0.02814 -0.24736
   0.82634  0.03034 -0.26950
   0.81214  0.03253 -0.28992
   0.79775  0.03469 -0.31489
   0.78322  0.03684 -0.33518
   0.76870  0.03895 -0.35558
   0.75421  0.04103 -0.37904
   0.73971  0.04307 -0.39975
   0.72517  0.04510 -0.42294
   0.71060  0.04710 -0.44729
   0.69604  0.04908 -0.47142
   0.68153  0.05104 -0.50096
   0.66704  0.05297 -0.53105
   0.65257  0.05485 -0.56191
   0.63811  0.05669 -0.59361
   0.62367  0.05847 -0.62617
   0.60923  0.06018 -0.65892
   0.59482  0.06183 -0.69188
   0.58041  0.06339 -0.72390
   0.56602  0.06487 -0.75459
   0.55165  0.06626 -0.78644
   0.53730  0.06755 -0.81756
   0.52294  0.06875 -0.84737
   0.50859  0.06985 -0.87580
   0.49421  0.07085 -0.90365
   0.47979  0.07175 -0.92674
   0.46532  0.07254 -0.95031
   0.45080  0.07326 -0.97294
   0.43623  0.07389 -0.99830
   0.42162  0.07446 -1.02479
   0.40701  0.07496 -1.05498
   0.39243  0.07541 -1.09157
   0.37792  0.07579 -1.13867
   0.36349  0.07609 -1.18818
   0.34916  0.07629 -1.24070
   0.33493  0.07636 -1.29484
   0.32075  0.07630 -1.34829
   0.30661  0.07608 -1.40189
   0.29244  0.07568 -1.44934
   0.27819  0.07509 -1.49161
   0.26381  0.07431 -1.53165
   0.24933  0.07333 -1.57454
   0.23476  0.07217 -1.61717
   0.22021  0.07082 -1.66414
   0.20579  0.06932 -1.72023
   0.19165  0.06767 -1.79547
   0.17791  0.06587 -1.88929
   0.16453  0.06386 -1.97874
   0.15131  0.06154 -2.05383
   0.13794  0.05881 -2.07691
   0.12411  0.05562 -2.07759
   0.10989  0.05203 -2.08588
   0.09593  0.04830 -2.15859
   0.08297  0.04465 -2.32301
   0.07041  0.04071 -2.44175
   0.05706  0.03606 -2.47847
   0.04413  0.03134 -2.76417
   0.03427  0.02750 -3.27064
   0.02599  0.02379 -3.85107
   0.01682  0.01863 -4.31053
   0.01022  0.01401 -4.73554
   0.00666  0.01117 -5.55344
   0.00433  0.00902 -6.43034
   0.00267  0.00723 -7.46690
   0.00147  0.00566 -8.66801
   0.00062  0.00424-10.00000
   0.00008  0.00292-11.27256
  -0.00017  0.00168-11.97533
  -0.00012  0.00050-11.23876
   0.00025 -0.00064 -8.41431
   0.00095 -0.00176 -5.20409
   0.00200 -0.00288 -2.83466
   0.00345 -0.00401 -1.25413
   0.00542 -0.00518 -0.24231
   0.00812 -0.00643  0.39778
   0.01210 -0.00777  0.78782
   0.01866 -0.00899  0.98228
   0.02839 -0.00933  0.98888
   0.03941 -0.00914  0.94238
   0.05191 -0.00847  0.88775
   0.06543 -0.00731  0.84599
   0.07931 -0.00602  0.81458
   0.09352 -0.00486  0.78175
   0.10806 -0.00378  0.75190
   0.12272 -0.00273  0.72593
   0.13736 -0.00169  0.70280
   0.15202 -0.00066  0.68331
   0.16660  0.00038  0.66782
   0.18111  0.00138  0.65490
   0.19557  0.00233  0.64326
   0.20999  0.00319  0.63124
   0.22441  0.00396  0.61892
   0.23886  0.00465  0.60688
   0.25334  0.00526  0.59449
   0.26787  0.00583  0.58297
   0.28245  0.00634  0.57123
   0.29707  0.00681  0.56035
   0.31171  0.00725  0.55018
   0.32637  0.00766  0.54101
   0.34102  0.00804  0.53204
   0.35566  0.00839  0.52366
   0.37029  0.00869  0.51537
   0.38490  0.00896  0.50696
   0.39951  0.00919  0.49961
   0.41413  0.00938  0.49083
   0.42876  0.00954  0.48236
   0.44342  0.00967  0.47351
   0.45810  0.00977  0.46615
   0.47281  0.00986  0.45771
   0.48753  0.00994  0.45033
   0.50226  0.01001  0.44417
   0.51697  0.01008  0.43963
   0.53165  0.01014  0.43498
   0.54629  0.01017  0.43102
   0.56088  0.01015  0.42815
   0.57543  0.01008  0.42239
   0.58993  0.00994  0.41860
   0.60440  0.00972  0.41075
   0.61885  0.00942  0.40113
   0.63330  0.00905  0.39006
   0.64775  0.00864  0.37800
   0.66223  0.00821  0.36694
   0.67672  0.00776  0.35430
   0.69126  0.00734  0.34331
   0.70584  0.00695  0.33462
   0.72047  0.00660  0.32836
   0.73514  0.00628  0.32321
   0.74984  0.00598  0.31883
   0.76456  0.00568  0.31624
   0.77928  0.00537  0.31002
   0.79395  0.00504  0.30765
   0.80855  0.00468  0.30168
   0.82303  0.00428  0.29384
   0.83739  0.00386  0.28494
   0.85166  0.00340  0.27839
   0.86589  0.00292  0.26754
   0.88016  0.00242  0.25881
   0.89457  0.00190  0.24493
   0.90917  0.00136  0.23207
   0.92352  0.00084  0.21555
   0.93780  0.00040  0.20195
   0.95214  0.00006  0.19163
   0.96513 -0.00012  0.19281
   0.97644 -0.00018  0.19983
   0.98624 -0.00016  0.21068
   0.99483 -0.00007  0.24561
   1.00000  0.00000  0.35226
