                                                
 Alfa =  10.00000 Re =  4000000.000 Xflap,Yflap =     0.000000    0.000000
#    x        y        Cp  
   1.00000  0.00016  0.38943
   0.99161  0.00255  0.25226
   0.97792  0.00650  0.19060
   0.96278  0.01095  0.13031
   0.94619  0.01590  0.07420
   0.92824  0.02133  0.01855
   0.90907  0.02720 -0.03976
   0.88887  0.03345 -0.10290
   0.86791  0.03995 -0.16998
   0.84653  0.04657 -0.24017
   0.82501  0.05318 -0.31127
   0.80355  0.05968 -0.38749
   0.78230  0.06600 -0.46362
   0.76132  0.07209 -0.54267
   0.74067  0.07790 -0.62410
   0.72035  0.08340 -0.70535
   0.70036  0.08856 -0.78741
   0.68067  0.09337 -0.86723
   0.66124  0.09782 -0.94535
   0.64202  0.10191 -1.01995
   0.62298  0.10563 -1.09171
   0.60406  0.10898 -1.15752
   0.58519  0.11196 -1.21501
   0.56630  0.11459 -1.26518
   0.54734  0.11687 -1.31006
   0.52827  0.11882 -1.34643
   0.50902  0.12046 -1.38015
   0.48959  0.12180 -1.41150
   0.47000  0.12286 -1.44408
   0.45030  0.12364 -1.47628
   0.43049  0.12414 -1.50989
   0.41063  0.12438 -1.54427
   0.39074  0.12434 -1.58234
   0.37090  0.12404 -1.62289
   0.35116  0.12348 -1.66614
   0.33156  0.12265 -1.71110
   0.31215  0.12156 -1.75821
   0.29298  0.12022 -1.80872
   0.27415  0.11863 -1.86443
   0.25574  0.11680 -1.92357
   0.23782  0.11475 -1.98785
   0.22048  0.11249 -2.05766
   0.20383  0.11004 -2.12995
   0.18795  0.10742 -2.20426
   0.17291  0.10467 -2.28178
   0.15876  0.10183 -2.36235
   0.14553  0.09892 -2.44996
   0.13321  0.09598 -2.54687
   0.12181  0.09303 -2.64760
   0.11129  0.09008 -2.75609
   0.10158  0.08714 -2.86320
   0.09264  0.08422 -2.97810
   0.08439  0.08131 -3.09249
   0.07679  0.07842 -3.20874
   0.06977  0.07555 -3.33025
   0.06329  0.07270 -3.45219
   0.05729  0.06985 -3.56946
   0.05175  0.06701 -3.67269
   0.04662  0.06416 -3.76659
   0.04186  0.06132 -3.84864
   0.03744  0.05849 -3.93167
   0.03334  0.05566 -4.02689
   0.02954  0.05283 -4.11143
   0.02602  0.04999 -4.17754
   0.02278  0.04714 -4.21581
   0.01979  0.04428 -4.22391
   0.01705  0.04140 -4.20666
   0.01453  0.03852 -4.17742
   0.01223  0.03564 -4.13565
   0.01015  0.03275 -4.08601
   0.00828  0.02988 -4.01786
   0.00662  0.02701 -3.91958
   0.00517  0.02414 -3.77476
   0.00393  0.02128 -3.55079
   0.00288  0.01843 -3.29841
   0.00200  0.01559 -3.05501
   0.00127  0.01279 -2.84991
   0.00070  0.01004 -2.66183
   0.00029  0.00733 -2.45434
   0.00003  0.00466 -2.24969
  -0.00005  0.00203 -2.01368
   0.00004 -0.00060 -1.74848
   0.00030 -0.00322 -1.44105
   0.00075 -0.00587 -1.13714
   0.00138 -0.00855 -0.84605
   0.00218 -0.01126 -0.59693
   0.00316 -0.01397 -0.38763
   0.00439 -0.01664 -0.17410
   0.00591 -0.01921  0.08259
   0.00775 -0.02167  0.33933
   0.00988 -0.02404  0.54576
   0.01228 -0.02633  0.70160
   0.01491 -0.02855  0.81168
   0.01777 -0.03069  0.88972
   0.02087 -0.03275  0.94259
   0.02420 -0.03477  0.97565
   0.02778 -0.03673  0.99348
   0.03163 -0.03867  0.99984
   0.03576 -0.04059  0.99763
   0.04018 -0.04253  0.98898
   0.04490 -0.04451  0.97503
   0.04998 -0.04649  0.95655
   0.05543 -0.04848  0.93469
   0.06132 -0.05048  0.91024
   0.06769 -0.05249  0.88357
   0.07459 -0.05451  0.85548
   0.08209 -0.05657  0.82534
   0.09024 -0.05866  0.79378
   0.09911 -0.06077  0.76135
   0.10879 -0.06290  0.72784
   0.11934 -0.06504  0.69392
   0.13084 -0.06719  0.65931
   0.14334 -0.06932  0.62452
   0.15688 -0.07142  0.58988
   0.17147 -0.07347  0.55549
   0.18708 -0.07543  0.52139
   0.20363 -0.07729  0.48735
   0.22100 -0.07899  0.45443
   0.23904 -0.08051  0.42276
   0.25763 -0.08180  0.39403
   0.27676 -0.08285  0.36853
   0.29638 -0.08368  0.34499
   0.31643 -0.08430  0.32217
   0.33676 -0.08470  0.30031
   0.35726 -0.08488  0.27929
   0.37784 -0.08484  0.25884
   0.39842 -0.08458  0.23991
   0.41898 -0.08408  0.22243
   0.43946 -0.08335  0.20647
   0.45982 -0.08239  0.19045
   0.47995 -0.08118  0.17490
   0.49982 -0.07971  0.16168
   0.51944 -0.07795  0.15212
   0.53888 -0.07587  0.14673
   0.55826 -0.07344  0.14863
   0.57774 -0.07062  0.15764
   0.59739 -0.06746  0.16919
   0.61732 -0.06391  0.18761
   0.63762 -0.06002  0.20918
   0.65833 -0.05580  0.23327
   0.67945 -0.05130  0.25894
   0.70093 -0.04657  0.28584
   0.72266 -0.04170  0.31418
   0.74437 -0.03680  0.34165
   0.76569 -0.03201  0.37073
   0.78631 -0.02747  0.39849
   0.80618 -0.02328  0.42355
   0.82526 -0.01948  0.44647
   0.84356 -0.01611  0.46633
   0.86112 -0.01319  0.48398
   0.87797 -0.01071  0.49877
   0.89415 -0.00869  0.51180
   0.90968 -0.00712  0.52222
   0.92459 -0.00600  0.53008
   0.93896 -0.00535  0.53388
   0.95281 -0.00514  0.53561
   0.96616 -0.00540  0.53565
   0.97905 -0.00621  0.52224
   0.99166 -0.00760  0.49451
   1.00000 -0.00886  0.38943
