                                                
 Alfa =  10.00000 Re =  4000000.000 Xflap,Yflap =     0.000000    0.000000
#    x        y        Cp  
   1.00000  0.00000  0.47177
   0.99422  0.00170  0.23884
   0.98289  0.00440  0.23809
   0.96974  0.00757  0.19633
   0.95612  0.01101  0.15992
   0.94237  0.01462  0.12350
   0.92862  0.01837  0.08670
   0.91484  0.02227  0.04505
   0.90101  0.02627  0.00616
   0.88717  0.03036 -0.03586
   0.87331  0.03453 -0.07916
   0.85942  0.03877 -0.12446
   0.84550  0.04305 -0.17165
   0.83157  0.04737 -0.21798
   0.81766  0.05171 -0.26802
   0.80376  0.05607 -0.32159
   0.78985  0.06047 -0.38476
   0.77593  0.06488 -0.45414
   0.76206  0.06925 -0.53433
   0.74831  0.07351 -0.62141
   0.73471  0.07760 -0.71488
   0.72124  0.08147 -0.80819
   0.70785  0.08508 -0.89418
   0.69450  0.08840 -0.96993
   0.68112  0.09142 -1.03316
   0.66769  0.09415 -1.08298
   0.65418  0.09659 -1.11842
   0.64054  0.09877 -1.14069
   0.62676  0.10071 -1.15642
   0.61286  0.10245 -1.16882
   0.59885  0.10400 -1.17990
   0.58476  0.10538 -1.19220
   0.57062  0.10661 -1.20943
   0.55645  0.10768 -1.22477
   0.54226  0.10862 -1.24372
   0.52805  0.10942 -1.26298
   0.51382  0.11007 -1.28143
   0.49958  0.11059 -1.30155
   0.48534  0.11098 -1.32294
   0.47109  0.11124 -1.34383
   0.45684  0.11135 -1.36431
   0.44257  0.11134 -1.38550
   0.42830  0.11120 -1.40818
   0.41403  0.11093 -1.43365
   0.39979  0.11054 -1.45955
   0.38556  0.11000 -1.48563
   0.37133  0.10933 -1.51123
   0.35711  0.10852 -1.54130
   0.34293  0.10758 -1.57354
   0.32878  0.10648 -1.60417
   0.31465  0.10524 -1.63598
   0.30056  0.10383 -1.67086
   0.28651  0.10227 -1.70445
   0.27252  0.10053 -1.74036
   0.25857  0.09861 -1.77466
   0.24467  0.09651 -1.80948
   0.23083  0.09421 -1.84403
   0.21705  0.09172 -1.87973
   0.20333  0.08902 -1.91243
   0.18968  0.08610 -1.94864
   0.17612  0.08297 -1.98414
   0.16265  0.07961 -2.01902
   0.14925  0.07601 -2.05226
   0.13594  0.07218 -2.09236
   0.12275  0.06811 -2.13806
   0.10969  0.06378 -2.18876
   0.09679  0.05920 -2.25132
   0.08411  0.05437 -2.33014
   0.07169  0.04925 -2.42551
   0.05963  0.04387 -2.55173
   0.04810  0.03821 -2.70302
   0.03724  0.03229 -2.87272
   0.02738  0.02626 -3.08291
   0.01909  0.02053 -3.31953
   0.01275  0.01565 -3.70493
   0.00834  0.01187 -4.25462
   0.00532  0.00898 -4.93977
   0.00313  0.00661 -6.19566
   0.00158  0.00453 -7.71305
   0.00060  0.00268 -9.08140
   0.00009  0.00104-10.34152
   0.00003 -0.00051 -9.61638
   0.00041 -0.00210 -6.82927
   0.00126 -0.00379 -4.31561
   0.00267 -0.00554 -2.20718
   0.00469 -0.00733 -0.78342
   0.00736 -0.00917  0.02131
   0.01101 -0.01116  0.53555
   0.01609 -0.01329  0.83348
   0.02307 -0.01551  0.96937
   0.03246 -0.01778  0.99984
   0.04402 -0.01998  0.97615
   0.05699 -0.02203  0.93286
   0.07056 -0.02388  0.88556
   0.08444 -0.02554  0.84063
   0.09851 -0.02704  0.79847
   0.11265 -0.02840  0.76016
   0.12687 -0.02962  0.72539
   0.14116 -0.03073  0.69320
   0.15547 -0.03174  0.66407
   0.16983 -0.03266  0.63716
   0.18421 -0.03349  0.61207
   0.19858 -0.03424  0.58877
   0.21299 -0.03490  0.56823
   0.22743 -0.03549  0.54867
   0.24190 -0.03601  0.53053
   0.25637 -0.03648  0.51339
   0.27084 -0.03688  0.49765
   0.28535 -0.03723  0.48314
   0.29988 -0.03754  0.46961
   0.31444 -0.03780  0.45637
   0.32899 -0.03804  0.44306
   0.34354 -0.03823  0.43053
   0.35809 -0.03839  0.41853
   0.37264 -0.03852  0.40772
   0.38721 -0.03861  0.39658
   0.40178 -0.03867  0.38572
   0.41635 -0.03870  0.37596
   0.43092 -0.03870  0.36529
   0.44549 -0.03866  0.35570
   0.46006 -0.03860  0.34634
   0.47462 -0.03851  0.33651
   0.48919 -0.03838  0.32786
   0.50375 -0.03823  0.31894
   0.51832 -0.03804  0.30942
   0.53287 -0.03782  0.30145
   0.54741 -0.03756  0.29267
   0.56196 -0.03726  0.28441
   0.57652 -0.03693  0.27681
   0.59107 -0.03656  0.26779
   0.60560 -0.03616  0.25957
   0.62012 -0.03572  0.25074
   0.63463 -0.03523  0.24193
   0.64913 -0.03469  0.23382
   0.66362 -0.03410  0.22359
   0.67807 -0.03345  0.21326
   0.69244 -0.03273  0.20179
   0.70673 -0.03191  0.19068
   0.72095 -0.03097  0.18153
   0.73505 -0.02989  0.17198
   0.74902 -0.02864  0.16705
   0.76289 -0.02717  0.16881
   0.77671 -0.02547  0.17629
   0.79052 -0.02354  0.19398
   0.80438 -0.02138  0.21688
   0.81839 -0.01901  0.24656
   0.83255 -0.01650  0.27968
   0.84676 -0.01394  0.31400
   0.86089 -0.01144  0.34302
   0.87492 -0.00908  0.36973
   0.88883 -0.00691  0.39080
   0.90267 -0.00495  0.40938
   0.91647 -0.00323  0.42371
   0.93022 -0.00177  0.43645
   0.94386 -0.00060  0.44969
   0.95736  0.00023  0.45673
   0.97061  0.00072  0.46586
   0.98320  0.00080  0.46704
   0.99409  0.00050  0.48977
   1.00000  0.00000  0.47177
