                                                
 Alfa =  10.00000 Re =  4000000.000 Xflap,Yflap =     0.000000    0.000000
#    x        y        Cp  
   1.00000  0.00000  0.33803
   0.99418  0.00128  0.17190
   0.98251  0.00380  0.07252
   0.96949  0.00652 -0.00853
   0.95611  0.00919 -0.06816
   0.94269  0.01175 -0.11856
   0.92924  0.01419 -0.16204
   0.91574  0.01652 -0.19774
   0.90222  0.01875 -0.23152
   0.88866  0.02087 -0.26157
   0.87508  0.02288 -0.28900
   0.86147  0.02480 -0.31266
   0.84783  0.02664 -0.33735
   0.83417  0.02838 -0.35807
   0.82049  0.03004 -0.37927
   0.80679  0.03162 -0.39753
   0.79307  0.03312 -0.41548
   0.77933  0.03454 -0.43319
   0.76558  0.03590 -0.45128
   0.75181  0.03719 -0.46547
   0.73804  0.03841 -0.48307
   0.72425  0.03956 -0.49582
   0.71044  0.04066 -0.51407
   0.69664  0.04169 -0.52627
   0.68282  0.04267 -0.54137
   0.66899  0.04358 -0.55729
   0.65516  0.04444 -0.57015
   0.64131  0.04525 -0.58488
   0.62747  0.04600 -0.59920
   0.61361  0.04670 -0.61332
   0.59976  0.04735 -0.62767
   0.58589  0.04795 -0.64244
   0.57203  0.04850 -0.65679
   0.55816  0.04900 -0.67178
   0.54428  0.04945 -0.68776
   0.53041  0.04985 -0.70138
   0.51653  0.05020 -0.71763
   0.50265  0.05051 -0.73520
   0.48877  0.05076 -0.74955
   0.47489  0.05097 -0.76653
   0.46101  0.05113 -0.78500
   0.44713  0.05125 -0.80254
   0.43325  0.05131 -0.82129
   0.41937  0.05133 -0.83977
   0.40549  0.05129 -0.86020
   0.39161  0.05121 -0.88083
   0.37774  0.05108 -0.90220
   0.36387  0.05090 -0.92566
   0.35000  0.05066 -0.94895
   0.33614  0.05037 -0.97397
   0.32228  0.05003 -1.00138
   0.30843  0.04963 -1.02851
   0.29458  0.04917 -1.05921
   0.28075  0.04865 -1.09051
   0.26692  0.04807 -1.12456
   0.25311  0.04743 -1.16286
   0.23930  0.04671 -1.20077
   0.22552  0.04593 -1.24466
   0.21175  0.04507 -1.29191
   0.19800  0.04413 -1.34408
   0.18427  0.04310 -1.40193
   0.17058  0.04198 -1.46576
   0.15692  0.04075 -1.53849
   0.14330  0.03942 -1.62013
   0.12974  0.03797 -1.71584
   0.11623  0.03638 -1.82695
   0.10282  0.03463 -1.95865
   0.08953  0.03272 -2.11851
   0.07639  0.03060 -2.31735
   0.06342  0.02824 -2.57510
   0.05085  0.02561 -2.91166
   0.03895  0.02270 -3.36664
   0.02782  0.01946 -4.08143
   0.01866  0.01612 -5.02268
   0.01222  0.01316 -6.11949
   0.00763  0.01052 -7.78414
   0.00439  0.00806 -9.68595
   0.00231  0.00585-10.80161
   0.00099  0.00395-12.55219
   0.00024  0.00231-14.67300
  -0.00004  0.00084-16.10713
   0.00013 -0.00055-13.48499
   0.00079 -0.00191 -8.05383
   0.00199 -0.00334 -4.17874
   0.00391 -0.00488 -1.77102
   0.00696 -0.00649 -0.20487
   0.01190 -0.00804  0.66602
   0.01887 -0.00970  0.92580
   0.02818 -0.01155  0.99805
   0.03977 -0.01322  0.98344
   0.05260 -0.01460  0.93905
   0.06584 -0.01577  0.88917
   0.07922 -0.01673  0.84200
   0.09274 -0.01752  0.79957
   0.10640 -0.01817  0.76122
   0.12013 -0.01872  0.72669
   0.13390 -0.01916  0.69553
   0.14769 -0.01953  0.66772
   0.16150 -0.01982  0.64230
   0.17535 -0.02005  0.61914
   0.18922 -0.02022  0.59805
   0.20310 -0.02034  0.57825
   0.21699 -0.02041  0.56040
   0.23089 -0.02044  0.54348
   0.24480 -0.02043  0.52798
   0.25872 -0.02039  0.51340
   0.27265 -0.02031  0.49995
   0.28658 -0.02019  0.48733
   0.30052 -0.02005  0.47470
   0.31446 -0.01989  0.46376
   0.32840 -0.01970  0.45274
   0.34235 -0.01948  0.44314
   0.35630 -0.01924  0.43309
   0.37025 -0.01897  0.42366
   0.38421 -0.01869  0.41530
   0.39817 -0.01839  0.40735
   0.41213 -0.01806  0.39894
   0.42609 -0.01773  0.39201
   0.44005 -0.01737  0.38455
   0.45402 -0.01699  0.37694
   0.46799 -0.01660  0.37126
   0.48195 -0.01620  0.36528
   0.49592 -0.01578  0.35884
   0.50989 -0.01535  0.35321
   0.52386 -0.01490  0.34795
   0.53784 -0.01445  0.34219
   0.55181 -0.01398  0.33754
   0.56578 -0.01349  0.33237
   0.57976 -0.01300  0.32850
   0.59374 -0.01249  0.32378
   0.60772 -0.01198  0.31998
   0.62169 -0.01146  0.31565
   0.63567 -0.01092  0.31197
   0.64965 -0.01038  0.30900
   0.66364 -0.00983  0.30515
   0.67762 -0.00928  0.30198
   0.69161 -0.00871  0.29962
   0.70559 -0.00814  0.29623
   0.71958 -0.00757  0.29489
   0.73357 -0.00699  0.29167
   0.74757 -0.00641  0.29001
   0.76157 -0.00583  0.28894
   0.77557 -0.00524  0.28698
   0.78956 -0.00466  0.28542
   0.80356 -0.00408  0.28525
   0.81754 -0.00350  0.28431
   0.83152 -0.00294  0.28499
   0.84549 -0.00238  0.28386
   0.85945 -0.00184  0.28565
   0.87340 -0.00131  0.28740
   0.88732 -0.00082  0.28929
   0.90123 -0.00035  0.29073
   0.91511  0.00007  0.29538
   0.92894  0.00043  0.29765
   0.94269  0.00071  0.30368
   0.95635  0.00089  0.31004
   0.96982  0.00092  0.31513
   0.98270  0.00075  0.32504
   0.99415  0.00034  0.32914
   1.00000  0.00000  0.33803
