                                                
 Alfa =  10.00000 Re =  4000000.000 Xflap,Yflap =     0.000000    0.000000
#    x        y        Cp  
   1.00000  0.00070  0.35760
   0.99502  0.00192  0.17596
   0.98674  0.00394  0.09106
   0.97725  0.00620  0.03734
   0.96626  0.00877 -0.02127
   0.95356  0.01166 -0.07139
   0.93970  0.01473 -0.11994
   0.92611  0.01766 -0.16456
   0.91240  0.02054 -0.20265
   0.89831  0.02342 -0.24224
   0.88438  0.02620 -0.28739
   0.87069  0.02884 -0.32769
   0.85710  0.03134 -0.36685
   0.84349  0.03372 -0.40434
   0.82980  0.03595 -0.43352
   0.81598  0.03802 -0.46429
   0.80202  0.03990 -0.47496
   0.78793  0.04157 -0.46517
   0.77376  0.04310 -0.44101
   0.75958  0.04456 -0.41451
   0.74542  0.04607 -0.39003
   0.73135  0.04771 -0.37698
   0.71741  0.04956 -0.37912
   0.70365  0.05172 -0.40881
   0.69009  0.05423 -0.51422
   0.67673  0.05690 -0.66995
   0.66352  0.05941 -0.84016
   0.65039  0.06149 -0.97727
   0.63726  0.06293 -0.99879
   0.62407  0.06381 -0.95385
   0.61080  0.06428 -0.88280
   0.59743  0.06449 -0.79566
   0.58394  0.06460 -0.71384
   0.57035  0.06476 -0.64127
   0.55666  0.06513 -0.59461
   0.54291  0.06587 -0.61130
   0.52913  0.06696 -0.70003
   0.51532  0.06819 -0.79895
   0.50143  0.06934 -0.90457
   0.48742  0.07024 -0.92965
   0.47325  0.07092 -0.92631
   0.45895  0.07150 -0.91575
   0.44457  0.07209 -0.93235
   0.43021  0.07274 -0.98380
   0.41591  0.07336 -1.04863
   0.40168  0.07386 -1.10650
   0.38747  0.07418 -1.13550
   0.37321  0.07434 -1.14885
   0.35885  0.07436 -1.16012
   0.34439  0.07431 -1.17071
   0.32985  0.07422 -1.19261
   0.31533  0.07410 -1.22307
   0.30080  0.07399 -1.26995
   0.28636  0.07388 -1.35576
   0.27211  0.07369 -1.45352
   0.25803  0.07334 -1.55026
   0.24404  0.07272 -1.60772
   0.22999  0.07180 -1.62100
   0.21578  0.07066 -1.62440
   0.20140  0.06938 -1.63765
   0.18693  0.06804 -1.69471
   0.17250  0.06663 -1.77929
   0.15819  0.06514 -1.88320
   0.14401  0.06350 -2.00655
   0.12994  0.06166 -2.14789
   0.11598  0.05957 -2.29847
   0.10221  0.05715 -2.44484
   0.08868  0.05440 -2.54254
   0.07514  0.05135 -2.69185
   0.06160  0.04808 -3.10175
   0.04848  0.04431 -3.55845
   0.03855  0.04083 -3.86373
   0.03050  0.03754 -4.19346
   0.02147  0.03322 -4.49633
   0.01260  0.02836 -5.07597
   0.00714  0.02521 -7.17160
   0.00437  0.02337 -9.49487
   0.00256  0.02192-12.39600
   0.00132  0.02066-16.28281
   0.00051  0.01953-21.22267
   0.00008  0.01846-26.12439
   0.00001  0.01743-25.97156
   0.00032  0.01641-17.68439
   0.00101  0.01537-10.23027
   0.00214  0.01427 -5.45559
   0.00380  0.01306 -2.60998
   0.00630  0.01161 -0.87149
   0.01072  0.00953  0.24937
   0.02039  0.00576  0.84599
   0.02990  0.00323  0.98502
   0.03816  0.00189  0.99869
   0.04845  0.00092  0.97183
   0.06197  0.00038  0.92472
   0.07578  0.00021  0.88327
   0.08962  0.00005  0.83999
   0.10358  0.00001  0.79896
   0.11789  0.00023  0.76662
   0.13236  0.00064  0.74079
   0.14684  0.00112  0.71921
   0.16127  0.00157  0.69721
   0.17568  0.00200  0.67403
   0.19006  0.00245  0.65265
   0.20444  0.00297  0.63339
   0.21884  0.00358  0.61877
   0.23327  0.00427  0.60617
   0.24774  0.00502  0.59537
   0.26223  0.00581  0.58733
   0.27672  0.00661  0.57966
   0.29122  0.00741  0.57315
   0.30570  0.00819  0.56618
   0.32016  0.00893  0.56018
   0.33462  0.00963  0.55332
   0.34907  0.01027  0.54545
   0.36352  0.01086  0.53701
   0.37800  0.01142  0.52877
   0.39248  0.01199  0.52036
   0.40694  0.01258  0.51614
   0.42135  0.01319  0.51715
   0.43569  0.01377  0.51723
   0.45000  0.01424  0.51652
   0.46431  0.01458  0.50961
   0.47868  0.01480  0.49997
   0.49313  0.01494  0.49051
   0.50765  0.01504  0.48039
   0.52220  0.01512  0.47349
   0.53675  0.01519  0.46486
   0.55130  0.01526  0.45975
   0.56584  0.01532  0.45684
   0.58035  0.01536  0.45191
   0.59483  0.01537  0.44936
   0.60927  0.01532  0.44470
   0.62370  0.01521  0.43837
   0.63811  0.01504  0.43154
   0.65253  0.01482  0.42455
   0.66695  0.01456  0.41803
   0.68139  0.01427  0.41090
   0.69587  0.01394  0.40539
   0.71040  0.01359  0.39564
   0.72490  0.01321  0.39146
   0.73935  0.01283  0.38374
   0.75374  0.01242  0.37647
   0.76810  0.01201  0.37191
   0.78249  0.01159  0.36411
   0.79695  0.01116  0.36118
   0.81143  0.01073  0.35731
   0.82572  0.01028  0.35453
   0.83979  0.00981  0.35283
   0.85369  0.00930  0.35029
   0.86749  0.00872  0.34646
   0.88132  0.00807  0.34436
   0.89533  0.00732  0.33658
   0.90968  0.00643  0.32591
   0.92374  0.00546  0.31110
   0.93755  0.00446  0.29377
   0.95168  0.00343  0.28128
   0.96498  0.00246  0.26791
   0.97647  0.00164  0.26614
   0.98633  0.00095  0.25864
   0.99488  0.00035  0.27109
   1.00000  0.00000  0.35760
