                                                
 Alfa =  10.00000 Re =  4000000.000 Xflap,Yflap =     0.000000    0.000000
#    x        y        Cp  
   1.00000  0.00000  0.24113
   0.99455  0.00132  0.16500
   0.98541  0.00348  0.02396
   0.97479  0.00593 -0.03915
   0.96234  0.00870 -0.07625
   0.94792  0.01178 -0.12913
   0.93289  0.01485 -0.16834
   0.91807  0.01776 -0.20286
   0.90286  0.02065 -0.23663
   0.88758  0.02348 -0.26347
   0.87258  0.02619 -0.29744
   0.85769  0.02881 -0.31063
   0.84275  0.03138 -0.34646
   0.82768  0.03391 -0.38086
   0.81243  0.03640 -0.39451
   0.79698  0.03886 -0.42450
   0.78140  0.04127 -0.45850
   0.76586  0.04362 -0.46746
   0.75033  0.04591 -0.50147
   0.73479  0.04817 -0.51984
   0.71921  0.05038 -0.54625
   0.70358  0.05258 -0.58261
   0.68798  0.05474 -0.60406
   0.67242  0.05686 -0.65185
   0.65688  0.05893 -0.68453
   0.64136  0.06092 -0.72406
   0.62585  0.06283 -0.76737
   0.61034  0.06464 -0.80590
   0.59482  0.06633 -0.84248
   0.57929  0.06789 -0.87678
   0.56373  0.06933 -0.91017
   0.54816  0.07065 -0.94058
   0.53257  0.07185 -0.98180
   0.51697  0.07294 -1.00042
   0.50135  0.07391 -1.03833
   0.48574  0.07477 -1.06881
   0.47013  0.07551 -1.11081
   0.45454  0.07613 -1.14500
   0.43895  0.07662 -1.18176
   0.42338  0.07696 -1.21865
   0.40782  0.07716 -1.25817
   0.39225  0.07720 -1.29499
   0.37668  0.07709 -1.32088
   0.36109  0.07682 -1.36023
   0.34549  0.07640 -1.38886
   0.32987  0.07585 -1.42351
   0.31425  0.07516 -1.46381
   0.29863  0.07434 -1.50849
   0.28305  0.07339 -1.56396
   0.26752  0.07229 -1.62810
   0.25205  0.07102 -1.69603
   0.23665  0.06956 -1.76810
   0.22132  0.06788 -1.84791
   0.20606  0.06596 -1.92312
   0.19083  0.06378 -1.99213
   0.17560  0.06137 -2.06163
   0.16030  0.05878 -2.17364
   0.14483  0.05607 -2.42394
   0.12941  0.05315 -2.91828
   0.11418  0.04964 -3.56195
   0.10013  0.04540 -5.14381
   0.08790  0.04093 -3.60754
   0.07674  0.03760-88.75903
   0.06560  0.03583 -3.24651
   0.05537  0.03290*********
   0.04808  0.02726 -4.98878
   0.04329  0.02077-10.87522
   0.03983  0.01500 -1.06558
   0.03708  0.01017-74.84193
   0.03475  0.00624 -0.46166
   0.03268  0.00317  0.19730
   0.03077  0.00093  0.85985
   0.02896 -0.00046  0.94031
   0.02719 -0.00092  0.90180
   0.02541 -0.00034  0.88144
   0.02355  0.00148  0.72300
   0.02148  0.00437 -0.11417
   0.01906  0.00773 -3.00316
   0.01623  0.01059-11.43064
   0.01316  0.01197-24.57326
   0.01013  0.01170-22.27936
   0.00745  0.01051-18.22610
   0.00521  0.00897-16.51078
   0.00339  0.00733-16.07500
   0.00195  0.00569-16.58829
   0.00087  0.00413-18.28628
   0.00016  0.00266-21.36718
  -0.00017  0.00134-26.39331
  -0.00007  0.00018-30.01688
   0.00056 -0.00076-18.03206
   0.00182 -0.00148 -6.51467
   0.00387 -0.00198 -1.77953
   0.00722 -0.00220  0.16193
   0.01439 -0.00180  0.88269
   0.02598 -0.00027  0.99747
   0.03693  0.00130  0.99234
   0.04955  0.00309 -2.52356
   0.06415  0.00522 -2.15225
   0.07905  0.00723  0.63188
   0.09363  0.00899  0.97604
   0.10860  0.01103  0.85107
   0.12380  0.01341  0.79632
   0.13889  0.01583  0.77767
   0.15388  0.01797  0.76568
   0.16894  0.01973  0.74839
   0.18424  0.02122  0.72935
   0.19983  0.02259  0.70922
   0.21548  0.02394  0.69586
   0.23103  0.02525  0.68223
   0.24656  0.02653  0.67485
   0.26216  0.02776  0.66594
   0.27786  0.02892  0.65862
   0.29354  0.03000  0.65249
   0.30913  0.03095  0.64154
   0.32468  0.03179  0.64001
   0.34020  0.03251  0.62954
   0.35572  0.03312  0.62527
   0.37127  0.03361  0.61664
   0.38685  0.03398  0.60902
   0.40247  0.03423  0.60238
   0.41811  0.03437  0.59140
   0.43377  0.03440  0.58654
   0.44945  0.03433  0.57471
   0.46514  0.03416  0.56874
   0.48083  0.03391  0.55907
   0.49653  0.03358  0.55099
   0.51223  0.03318  0.53773
   0.52793  0.03272  0.53229
   0.54362  0.03220  0.52601
   0.55932  0.03161  0.51372
   0.57502  0.03096  0.50912
   0.59071  0.03025  0.49663
   0.60640  0.02947  0.48978
   0.62208  0.02864  0.47811
   0.63777  0.02777  0.46888
   0.65346  0.02686  0.46086
   0.66916  0.02593  0.44664
   0.68487  0.02500  0.44156
   0.70061  0.02406  0.43292
   0.71636  0.02313  0.42637
   0.73210  0.02219  0.41353
   0.74782  0.02121  0.42567
   0.76353  0.02018  0.40321
   0.77926  0.01905  0.40643
   0.79492  0.01782  0.39675
   0.81042  0.01648  0.38743
   0.82572  0.01505  0.35623
   0.84081  0.01361  0.34403
   0.85575  0.01221  0.32776
   0.87064  0.01088  0.29983
   0.88560  0.00968  0.29157
   0.90081  0.00865  0.29275
   0.91641  0.00780  0.29860
   0.93184  0.00700  0.31959
   0.94734  0.00604  0.33908
   0.96182  0.00484  0.33053
   0.97439  0.00351  0.31373
   0.98515  0.00217  0.29022
   0.99445  0.00085  0.30977
   1.00000  0.00000  0.24113
