                                                
 Alfa =  10.00000 Re =  4000000.000 Xflap,Yflap =     0.000000    0.000000
#    x        y        Cp  
   1.00000  0.00120  0.51959
   0.99476  0.00218  0.33325
   0.98606  0.00380  0.25076
   0.97611  0.00562  0.18824
   0.96465  0.00768  0.13222
   0.95157  0.01000  0.08440
   0.93757  0.01242  0.03763
   0.92381  0.01476 -0.00141
   0.90987  0.01707 -0.03772
   0.89568  0.01936 -0.07304
   0.88174  0.02155 -0.10342
   0.86797  0.02365 -0.13292
   0.85423  0.02569 -0.15854
   0.84044  0.02768 -0.18525
   0.82652  0.02963 -0.21055
   0.81246  0.03155 -0.23472
   0.79824  0.03343 -0.26046
   0.78391  0.03527 -0.28463
   0.76951  0.03705 -0.30726
   0.75509  0.03878 -0.33273
   0.74068  0.04045 -0.35450
   0.72630  0.04205 -0.37889
   0.71196  0.04358 -0.40078
   0.69765  0.04504 -0.42224
   0.68336  0.04643 -0.44482
   0.66909  0.04775 -0.46582
   0.65482  0.04901 -0.48640
   0.64054  0.05019 -0.50653
   0.62624  0.05132 -0.52750
   0.61193  0.05237 -0.54720
   0.59760  0.05336 -0.56684
   0.58326  0.05428 -0.58780
   0.56892  0.05513 -0.60630
   0.55456  0.05592 -0.62548
   0.54021  0.05663 -0.64643
   0.52586  0.05728 -0.66531
   0.51150  0.05786 -0.68526
   0.49714  0.05837 -0.70536
   0.48278  0.05881 -0.72528
   0.46842  0.05918 -0.74733
   0.45405  0.05949 -0.76732
   0.43968  0.05972 -0.79031
   0.42531  0.05988 -0.81169
   0.41094  0.05998 -0.83478
   0.39658  0.06000 -0.86031
   0.38223  0.05995 -0.88562
   0.36791  0.05982 -0.91293
   0.35360  0.05960 -0.94063
   0.33931  0.05931 -0.96982
   0.32503  0.05892 -0.99877
   0.31077  0.05843 -1.03021
   0.29650  0.05785 -1.06047
   0.28222  0.05715 -1.09341
   0.26792  0.05635 -1.12570
   0.25361  0.05544 -1.16083
   0.23930  0.05440 -1.19596
   0.22499  0.05325 -1.23610
   0.21073  0.05197 -1.27671
   0.19655  0.05058 -1.32375
   0.18249  0.04906 -1.37721
   0.16854  0.04741 -1.43458
   0.15465  0.04558 -1.49500
   0.14072  0.04356 -1.55363
   0.12664  0.04131 -1.61440
   0.11246  0.03885 -1.68877
   0.09845  0.03623 -1.78661
   0.08495  0.03351 -1.92942
   0.07167  0.03056 -2.09876
   0.05785  0.02710 -2.29952
   0.04485  0.02342 -2.55451
   0.03449  0.02015 -2.86800
   0.02485  0.01674 -3.40646
   0.01381  0.01200 -4.53222
   0.00840  0.00905 -5.67377
   0.00543  0.00712 -7.00907
   0.00343  0.00556 -8.52142
   0.00201  0.00418-10.33969
   0.00101  0.00292-12.39527
   0.00037  0.00173-14.40128
   0.00004  0.00057-15.35775
   0.00004 -0.00057-13.21560
   0.00037 -0.00173 -9.23923
   0.00101 -0.00292 -5.73206
   0.00201 -0.00418 -3.24373
   0.00343 -0.00556 -1.57170
   0.00543 -0.00712 -0.47111
   0.00840 -0.00905  0.26552
   0.01381 -0.01200  0.75854
   0.02485 -0.01674  0.98490
   0.03449 -0.02015  0.99772
   0.04485 -0.02342  0.96839
   0.05785 -0.02710  0.91307
   0.07167 -0.03056  0.85116
   0.08495 -0.03351  0.79599
   0.09845 -0.03623  0.74514
   0.11246 -0.03885  0.69521
   0.12664 -0.04131  0.64733
   0.14072 -0.04356  0.60325
   0.15465 -0.04558  0.56368
   0.16854 -0.04741  0.52884
   0.18249 -0.04906  0.49733
   0.19655 -0.05058  0.46852
   0.21073 -0.05197  0.44056
   0.22499 -0.05325  0.41458
   0.23930 -0.05440  0.38999
   0.25361 -0.05544  0.36726
   0.26792 -0.05635  0.34642
   0.28222 -0.05715  0.32641
   0.29650 -0.05785  0.30830
   0.31077 -0.05843  0.29138
   0.32503 -0.05892  0.27602
   0.33931 -0.05931  0.26141
   0.35360 -0.05960  0.24865
   0.36791 -0.05982  0.23578
   0.38223 -0.05995  0.22390
   0.39658 -0.06000  0.21321
   0.41094 -0.05998  0.20225
   0.42531 -0.05988  0.19187
   0.43968 -0.05972  0.18224
   0.45405 -0.05949  0.17220
   0.46842 -0.05918  0.16434
   0.48278 -0.05881  0.15484
   0.49714 -0.05837  0.14747
   0.51150 -0.05786  0.13931
   0.52586 -0.05728  0.13206
   0.54021 -0.05663  0.12705
   0.55456 -0.05592  0.11919
   0.56892 -0.05513  0.11393
   0.58326 -0.05428  0.10912
   0.59760 -0.05336  0.10456
   0.61193 -0.05237  0.09948
   0.62624 -0.05132  0.09711
   0.64054 -0.05019  0.09351
   0.65482 -0.04901  0.09143
   0.66909 -0.04775  0.08936
   0.68336 -0.04643  0.08792
   0.69765 -0.04504  0.08656
   0.71196 -0.04358  0.08718
   0.72630 -0.04205  0.08721
   0.74068 -0.04045  0.08801
   0.75509 -0.03878  0.09077
   0.76951 -0.03705  0.09246
   0.78391 -0.03527  0.09465
   0.79824 -0.03343  0.09920
   0.81246 -0.03155  0.10188
   0.82652 -0.02963  0.10643
   0.84044 -0.02768  0.11159
   0.85423 -0.02569  0.11603
   0.86797 -0.02365  0.12501
   0.88174 -0.02155  0.13166
   0.89568 -0.01936  0.14195
   0.90987 -0.01707  0.15353
   0.92381 -0.01476  0.16786
   0.93757 -0.01242  0.18726
   0.95157 -0.01000  0.20667
   0.96465 -0.00768  0.23332
   0.97611 -0.00562  0.26523
   0.98605 -0.00380  0.30445
   0.99476 -0.00218  0.36460
   1.00000 -0.00120  0.51959
