                                                
 Alfa =  10.00000 Re =  4000000.000 Xflap,Yflap =     0.000000    0.000000
#    x        y        Cp  
   1.00000  0.00000  0.44195
   0.99395  0.00299  0.17830
   0.98344  0.00755  0.07819
   0.97137  0.01249 -0.03761
   0.95815  0.01752 -0.10484
   0.94405  0.02261 -0.16693
   0.92939  0.02771 -0.23026
   0.91481  0.03261 -0.31116
   0.90011  0.03722 -0.32345
   0.88509  0.04188 -0.38726
   0.87013  0.04640 -0.45790
   0.85496  0.05075 -0.49821
   0.83958  0.05499 -0.54850
   0.82422  0.05904 -0.59865
   0.80879  0.06292 -0.63825
   0.79325  0.06665 -0.68030
   0.77768  0.07021 -0.72267
   0.76207  0.07361 -0.75934
   0.74638  0.07685 -0.79583
   0.73064  0.07996 -0.83415
   0.71489  0.08290 -0.87236
   0.69918  0.08567 -0.91267
   0.68343  0.08827 -0.94254
   0.66754  0.09071 -0.96665
   0.65158  0.09304 -1.00205
   0.63575  0.09520 -1.04459
   0.61995  0.09717 -1.06844
   0.60391  0.09898 -1.07854
   0.58773  0.10072 -1.11192
   0.57174  0.10232 -1.15945
   0.55587  0.10372 -1.18524
   0.53979  0.10496 -1.19211
   0.52352  0.10611 -1.21878
   0.50736  0.10716 -1.26120
   0.49130  0.10805 -1.28944
   0.47508  0.10880 -1.30493
   0.45875  0.10946 -1.34371
   0.44267  0.11002 -1.40275
   0.42675  0.11038 -1.43653
   0.41061  0.11057 -1.44472
   0.39428  0.11066 -1.48389
   0.37821  0.11066 -1.55392
   0.36237  0.11045 -1.59262
   0.34630  0.11005 -1.60331
   0.33004  0.10954 -1.65325
   0.31408  0.10893 -1.73470
   0.29833  0.10812 -1.78349
   0.28241  0.10708 -1.81258
   0.26649  0.10591 -1.88720
   0.25091  0.10458 -1.97878
   0.23536  0.10297 -2.00798
   0.21955  0.10114 -2.06122
   0.20412  0.09921 -2.20928
   0.18920  0.09702 -2.29740
   0.17405  0.09444 -2.31014
   0.15890  0.09167 -2.45822
   0.14449  0.08873 -2.62658
   0.13025  0.08535 -2.66021
   0.11603  0.08166 -2.80639
   0.10257  0.07777 -3.01854
   0.08957  0.07345 -3.08520
   0.07699  0.06881 -3.27385
   0.06543  0.06401 -3.49683
   0.05461  0.05884 -3.51819
   0.04477  0.05367 -3.79423
   0.03641  0.04869 -4.05176
   0.02922  0.04376 -4.01633
   0.02313  0.03920 -4.29972
   0.01826  0.03513 -4.73902
   0.01438  0.03132 -4.75932
   0.01119  0.02772 -4.62232
   0.00854  0.02443 -4.73410
   0.00637  0.02146 -5.08390
   0.00470  0.01875 -5.31132
   0.00344  0.01623 -5.02649
   0.00246  0.01384 -4.52006
   0.00163  0.01155 -4.14548
   0.00086  0.00935 -4.19245
   0.00016  0.00727 -4.84832
  -0.00036  0.00533 -5.70257
  -0.00062  0.00352 -6.58074
  -0.00058  0.00184 -7.06992
  -0.00012  0.00025 -6.05267
   0.00083 -0.00128 -2.89498
   0.00202 -0.00289 -1.77855
   0.00335 -0.00458 -1.31650
   0.00492 -0.00627 -0.79613
   0.00686 -0.00796 -0.24473
   0.00919 -0.00969  0.18140
   0.01194 -0.01153  0.45618
   0.01517 -0.01352  0.65096
   0.01900 -0.01568  0.79331
   0.02358 -0.01803  0.89345
   0.02916 -0.02057  0.95948
   0.03604 -0.02334  0.99333
   0.04452 -0.02643  0.99922
   0.05463 -0.02981  0.98327
   0.06622 -0.03331  0.95146
   0.07897 -0.03676  0.91003
   0.09264 -0.04002  0.86578
   0.10707 -0.04312  0.82089
   0.12181 -0.04602  0.77496
   0.13684 -0.04862  0.73538
   0.15233 -0.05107  0.69738
   0.16785 -0.05334  0.65673
   0.18341 -0.05538  0.62390
   0.19927 -0.05726  0.59291
   0.21505 -0.05900  0.55649
   0.23069 -0.06048  0.52872
   0.24668 -0.06178  0.50840
   0.26282 -0.06302  0.47840
   0.27861 -0.06408  0.44704
   0.29434 -0.06487  0.42979
   0.31042 -0.06551  0.41432
   0.32657 -0.06604  0.39141
   0.34252 -0.06641  0.37142
   0.35855 -0.06658  0.35961
   0.37480 -0.06664  0.34627
   0.39097 -0.06660  0.32636
   0.40692 -0.06639  0.31066
   0.42298 -0.06600  0.30347
   0.43924 -0.06548  0.29438
   0.45540 -0.06487  0.27667
   0.47130 -0.06411  0.26366
   0.48724 -0.06315  0.25951
   0.50333 -0.06203  0.25359
   0.51931 -0.06079  0.24204
   0.53504 -0.05939  0.23346
   0.55080 -0.05776  0.23564
   0.56673 -0.05594  0.23863
   0.58257 -0.05399  0.23306
   0.59814 -0.05188  0.23125
   0.61370 -0.04952  0.24235
   0.62948 -0.04692  0.25687
   0.64530 -0.04420  0.26218
   0.66091 -0.04133  0.27171
   0.67652 -0.03824  0.29103
   0.69238 -0.03495  0.31318
   0.70830 -0.03155  0.32889
   0.72407 -0.02806  0.34884
   0.73982 -0.02444  0.37815
   0.75576 -0.02075  0.40496
   0.77188 -0.01708  0.42508
   0.78788 -0.01345  0.45204
   0.80351 -0.01000  0.47944
   0.81903 -0.00679  0.49598
   0.83461 -0.00374  0.51452
   0.84987 -0.00094  0.53928
   0.86488  0.00150  0.55258
   0.87993  0.00364  0.56654
   0.89472  0.00546  0.58412
   0.90918  0.00687  0.59716
   0.92335  0.00785  0.61045
   0.93702  0.00838  0.62321
   0.95004  0.00838  0.63559
   0.96231  0.00783  0.64365
   0.97369  0.00669  0.64747
   0.98429  0.00490  0.63743
   0.99397  0.00240  0.64780
   1.00000  0.00000  0.44195
