                                                
 Alfa =  10.00000 Re =  4000000.000 Xflap,Yflap =     0.000000    0.000000
#    x        y        Cp  
   1.00000  0.00028  0.23343
   0.99370  0.00059  0.12187
   0.98213  0.00122  0.05418
   0.96880  0.00189  0.02248
   0.95468  0.00252 -0.00069
   0.94022  0.00312 -0.01651
   0.92559  0.00370 -0.02731
   0.91087  0.00427 -0.04108
   0.89614  0.00483 -0.05274
   0.88141  0.00540 -0.06403
   0.86668  0.00596 -0.07454
   0.85195  0.00653 -0.08492
   0.83723  0.00710 -0.09532
   0.82250  0.00768 -0.10533
   0.80778  0.00827 -0.11518
   0.79307  0.00886 -0.12512
   0.77836  0.00946 -0.13439
   0.76366  0.01008 -0.14365
   0.74897  0.01070 -0.15304
   0.73430  0.01134 -0.16237
   0.71965  0.01201 -0.17327
   0.70500  0.01270 -0.18495
   0.69035  0.01341 -0.19589
   0.67569  0.01414 -0.20983
   0.66102  0.01490 -0.22389
   0.64634  0.01567 -0.23818
   0.63164  0.01646 -0.25346
   0.61694  0.01726 -0.26869
   0.60223  0.01807 -0.28402
   0.58751  0.01888 -0.29947
   0.57280  0.01970 -0.31585
   0.55808  0.02052 -0.33259
   0.54336  0.02135 -0.34996
   0.52863  0.02218 -0.36804
   0.51390  0.02302 -0.38619
   0.49917  0.02385 -0.40558
   0.48444  0.02468 -0.42577
   0.46972  0.02551 -0.44610
   0.45500  0.02634 -0.46798
   0.44028  0.02716 -0.49108
   0.42557  0.02797 -0.51456
   0.41087  0.02878 -0.53992
   0.39618  0.02957 -0.56589
   0.38148  0.03036 -0.59436
   0.36680  0.03113 -0.62315
   0.35212  0.03188 -0.65527
   0.33746  0.03261 -0.68860
   0.32281  0.03333 -0.72481
   0.30817  0.03401 -0.76286
   0.29354  0.03467 -0.80470
   0.27891  0.03529 -0.84928
   0.26431  0.03588 -0.89894
   0.24975  0.03641 -0.95395
   0.23523  0.03690 -1.01503
   0.22077  0.03731 -1.08026
   0.20634  0.03764 -1.15111
   0.19196  0.03787 -1.22870
   0.17763  0.03800 -1.31460
   0.16337  0.03800 -1.41360
   0.14922  0.03787 -1.52398
   0.13518  0.03756 -1.64796
   0.12125  0.03706 -1.79005
   0.10749  0.03634 -1.95703
   0.09402  0.03538 -2.16090
   0.08093  0.03411 -2.39555
   0.06827  0.03250 -2.67282
   0.05627  0.03051 -2.99938
   0.04531  0.02819 -3.39981
   0.03563  0.02558 -3.84897
   0.02736  0.02275 -4.37424
   0.02072  0.01987 -4.81485
   0.01559  0.01715 -5.16331
   0.01158  0.01462 -5.50008
   0.00831  0.01223 -6.05665
   0.00565  0.00993 -6.73826
   0.00362  0.00775 -7.19349
   0.00212  0.00575 -7.67822
   0.00106  0.00395 -8.38887
   0.00038  0.00231 -8.95201
   0.00004  0.00076 -9.00725
   0.00004 -0.00076 -7.65427
   0.00038 -0.00231 -5.41940
   0.00106 -0.00395 -3.46002
   0.00212 -0.00575 -1.94763
   0.00362 -0.00775 -0.90080
   0.00565 -0.00993 -0.14649
   0.00831 -0.01223  0.38673
   0.01158 -0.01462  0.70466
   0.01559 -0.01715  0.88561
   0.02072 -0.01987  0.97880
   0.02736 -0.02275  0.99886
   0.03563 -0.02558  0.96487
   0.04531 -0.02819  0.90360
   0.05627 -0.03051  0.83389
   0.06827 -0.03250  0.76538
   0.08093 -0.03411  0.70453
   0.09402 -0.03538  0.65227
   0.10749 -0.03634  0.60831
   0.12125 -0.03706  0.57004
   0.13518 -0.03756  0.53715
   0.14922 -0.03787  0.50884
   0.16337 -0.03800  0.48485
   0.17763 -0.03800  0.46411
   0.19196 -0.03787  0.44560
   0.20634 -0.03764  0.42918
   0.22077 -0.03731  0.41488
   0.23523 -0.03690  0.40258
   0.24975 -0.03641  0.39170
   0.26431 -0.03588  0.38186
   0.27891 -0.03529  0.37255
   0.29354 -0.03467  0.36344
   0.30817 -0.03401  0.35538
   0.32281 -0.03333  0.34750
   0.33746 -0.03261  0.34051
   0.35212 -0.03188  0.33380
   0.36680 -0.03113  0.32742
   0.38148 -0.03036  0.32123
   0.39618 -0.02957  0.31582
   0.41087 -0.02878  0.30989
   0.42557 -0.02797  0.30507
   0.44028 -0.02716  0.29986
   0.45500 -0.02634  0.29546
   0.46972 -0.02551  0.29059
   0.48444 -0.02468  0.28654
   0.49917 -0.02385  0.28207
   0.51390 -0.02302  0.27779
   0.52863 -0.02218  0.27410
   0.54336 -0.02135  0.27026
   0.55808 -0.02052  0.26634
   0.57280 -0.01970  0.26328
   0.58751 -0.01888  0.25940
   0.60223 -0.01807  0.25608
   0.61694 -0.01726  0.25274
   0.63164 -0.01646  0.24945
   0.64634 -0.01567  0.24675
   0.66102 -0.01490  0.24369
   0.67569 -0.01414  0.24076
   0.69035 -0.01341  0.23724
   0.70500 -0.01270  0.23355
   0.71965 -0.01201  0.22909
   0.73430 -0.01134  0.22427
   0.74897 -0.01070  0.21943
   0.76366 -0.01008  0.21310
   0.77836 -0.00946  0.20832
   0.79307 -0.00886  0.20233
   0.80778 -0.00827  0.19726
   0.82250 -0.00768  0.19145
   0.83723 -0.00710  0.18666
   0.85195 -0.00653  0.18006
   0.86668 -0.00596  0.17504
   0.88141 -0.00540  0.16883
   0.89614 -0.00483  0.16285
   0.91087 -0.00427  0.15635
   0.92559 -0.00370  0.15091
   0.94022 -0.00312  0.14195
   0.95468 -0.00252  0.13492
   0.96880 -0.00189  0.13201
   0.98213 -0.00122  0.13583
   0.99370 -0.00059  0.16776
   1.00000 -0.00028  0.23343
