                                                
 Alfa =  10.00000 Re =  4000000.000 Xflap,Yflap =     0.000000    0.000000
#    x        y        Cp  
   1.00000  0.00000  0.42318
   0.99367  0.00278  0.19046
   0.98360  0.00715 -0.04195
   0.97271  0.01124 -0.16509
   0.96068  0.01506 -0.19340
   0.94727  0.01887 -0.21120
   0.93283  0.02275 -0.24049
   0.91776  0.02661 -0.26981
   0.90220  0.03046 -0.30029
   0.88632  0.03428 -0.33047
   0.87026  0.03803 -0.36201
   0.85408  0.04172 -0.39424
   0.83781  0.04534 -0.42542
   0.82148  0.04890 -0.45821
   0.80513  0.05238 -0.49221
   0.78876  0.05579 -0.52565
   0.77238  0.05912 -0.56080
   0.75600  0.06237 -0.59524
   0.73961  0.06553 -0.63063
   0.72322  0.06861 -0.66592
   0.70682  0.07160 -0.70250
   0.69042  0.07450 -0.73998
   0.67404  0.07731 -0.77821
   0.65767  0.08001 -0.81623
   0.64130  0.08261 -0.85515
   0.62494  0.08511 -0.89462
   0.60858  0.08749 -0.93447
   0.59224  0.08976 -0.97587
   0.57591  0.09192 -1.01862
   0.55961  0.09394 -1.06117
   0.54332  0.09584 -1.10430
   0.52705  0.09760 -1.14739
   0.51079  0.09923 -1.19228
   0.49455  0.10071 -1.23699
   0.47833  0.10205 -1.28365
   0.46213  0.10323 -1.32987
   0.44597  0.10426 -1.37887
   0.42983  0.10512 -1.42708
   0.41374  0.10581 -1.47662
   0.39768  0.10633 -1.52828
   0.38168  0.10666 -1.57958
   0.36572  0.10681 -1.63149
   0.34980  0.10676 -1.68348
   0.33393  0.10650 -1.73669
   0.31812  0.10605 -1.79249
   0.30238  0.10537 -1.85009
   0.28675  0.10448 -1.90862
   0.27121  0.10335 -1.96666
   0.25575  0.10198 -2.02250
   0.24038  0.10035 -2.08021
   0.22511  0.09848 -2.13768
   0.20993  0.09634 -2.19656
   0.19488  0.09393 -2.25823
   0.17997  0.09126 -2.32467
   0.16525  0.08832 -2.39569
   0.15075  0.08511 -2.47408
   0.13654  0.08163 -2.55820
   0.12267  0.07788 -2.65153
   0.10925  0.07387 -2.75279
   0.09637  0.06962 -2.86007
   0.08415  0.06517 -2.97796
   0.07273  0.06059 -3.10104
   0.06226  0.05596 -3.23971
   0.05286  0.05137 -3.37744
   0.04457  0.04692 -3.52626
   0.03737  0.04266 -3.67253
   0.03118  0.03864 -3.81531
   0.02588  0.03487 -3.97250
   0.02138  0.03136 -4.11562
   0.01753  0.02808 -4.26066
   0.01426  0.02501 -4.41940
   0.01146  0.02213 -4.57256
   0.00907  0.01941 -4.70282
   0.00703  0.01684 -4.86056
   0.00528  0.01438 -5.05111
   0.00382  0.01203 -5.22338
   0.00262  0.00979 -5.37920
   0.00166  0.00764 -5.48659
   0.00092  0.00557 -5.64294
   0.00039  0.00359 -5.81592
   0.00008  0.00167 -5.99124
   0.00002 -0.00016 -6.30020
   0.00029 -0.00200 -6.40781
   0.00111 -0.00377 -3.78007
   0.00229 -0.00548 -2.27869
   0.00375 -0.00716 -1.27820
   0.00547 -0.00882 -0.59476
   0.00744 -0.01049 -0.11945
   0.00970 -0.01218  0.22678
   0.01229 -0.01390  0.48636
   0.01525 -0.01565  0.67391
   0.01864 -0.01748  0.80624
   0.02252 -0.01939  0.89633
   0.02700 -0.02139  0.95533
   0.03221 -0.02349  0.98825
   0.03828 -0.02572  0.99985
   0.04540 -0.02808  0.99386
   0.05372 -0.03056  0.97349
   0.06336 -0.03315  0.94187
   0.07437 -0.03578  0.90234
   0.08661 -0.03840  0.85826
   0.09991 -0.04094  0.81191
   0.11400 -0.04335  0.76579
   0.12866 -0.04558  0.72054
   0.14368 -0.04760  0.67736
   0.15895 -0.04941  0.63628
   0.17439 -0.05100  0.59785
   0.18993 -0.05237  0.56078
   0.20551 -0.05352  0.52591
   0.22109 -0.05443  0.49255
   0.23660 -0.05510  0.46126
   0.25203 -0.05551  0.43262
   0.26741 -0.05564  0.40769
   0.28277 -0.05549  0.38739
   0.29815 -0.05507  0.37040
   0.31359 -0.05436  0.35757
   0.32908 -0.05339  0.34846
   0.34467 -0.05217  0.34261
   0.36034 -0.05070  0.34003
   0.37611 -0.04901  0.33985
   0.39199 -0.04710  0.34259
   0.40800 -0.04499  0.34757
   0.42419 -0.04270  0.35533
   0.44056 -0.04027  0.36325
   0.45711 -0.03773  0.37173
   0.47381 -0.03510  0.37973
   0.49063 -0.03241  0.38809
   0.50750 -0.02970  0.39575
   0.52439 -0.02698  0.40345
   0.54125 -0.02428  0.41058
   0.55805 -0.02162  0.41741
   0.57481 -0.01900  0.42428
   0.59152 -0.01643  0.43109
   0.60817 -0.01392  0.43750
   0.62478 -0.01149  0.44383
   0.64133 -0.00914  0.44976
   0.65784 -0.00688  0.45587
   0.67430 -0.00472  0.46113
   0.69073 -0.00268  0.46607
   0.70713 -0.00074  0.47114
   0.72349  0.00108  0.47582
   0.73981  0.00277  0.48036
   0.75609  0.00432  0.48495
   0.77231  0.00572  0.48887
   0.78847  0.00697  0.49317
   0.80456  0.00806  0.49608
   0.82059  0.00896  0.50015
   0.83655  0.00969  0.50247
   0.85242  0.01021  0.50518
   0.86817  0.01053  0.50749
   0.88377  0.01063  0.50995
   0.89915  0.01048  0.51234
   0.91426  0.01009  0.51312
   0.92901  0.00941  0.51318
   0.94331  0.00843  0.51214
   0.95701  0.00716  0.50717
   0.96999  0.00557  0.49587
   0.98212  0.00368  0.47782
   0.99322  0.00155  0.46920
   1.00000  0.00000  0.42318
