                                                
 Alfa =  10.00000 Re =  4000000.000 Xflap,Yflap =     0.000000    0.000000
#    x        y        Cp  
   1.00000  0.00140  0.53185
   0.99431  0.00317  0.30044
   0.98489  0.00606  0.20491
   0.97423  0.00928  0.12405
   0.96215  0.01286  0.05351
   0.94862  0.01678 -0.01580
   0.93405  0.02089 -0.08100
   0.91910  0.02498 -0.14530
   0.90430  0.02887 -0.20192
   0.88973  0.03254 -0.24956
   0.87529  0.03601 -0.29152
   0.86084  0.03933 -0.32975
   0.84630  0.04254 -0.36405
   0.83159  0.04565 -0.39752
   0.81670  0.04868 -0.42823
   0.80162  0.05163 -0.45961
   0.78639  0.05451 -0.49148
   0.77108  0.05729 -0.52403
   0.75574  0.05998 -0.55619
   0.74041  0.06256 -0.58791
   0.72510  0.06502 -0.61954
   0.70982  0.06736 -0.64968
   0.69458  0.06959 -0.67914
   0.67934  0.07170 -0.70794
   0.66410  0.07371 -0.73512
   0.64884  0.07561 -0.76279
   0.63355  0.07741 -0.79005
   0.61822  0.07910 -0.81667
   0.60287  0.08069 -0.84504
   0.58749  0.08219 -0.87216
   0.57209  0.08358 -0.90103
   0.55668  0.08486 -0.92946
   0.54127  0.08604 -0.95906
   0.52586  0.08711 -0.98836
   0.51047  0.08806 -1.01801
   0.49510  0.08891 -1.04779
   0.47975  0.08963 -1.07892
   0.46443  0.09024 -1.11028
   0.44914  0.09073 -1.14129
   0.43387  0.09109 -1.17237
   0.41861  0.09132 -1.20469
   0.40336  0.09142 -1.23490
   0.38809  0.09138 -1.26431
   0.37280  0.09121 -1.29486
   0.35747  0.09090 -1.32363
   0.34212  0.09046 -1.35470
   0.32675  0.08989 -1.38784
   0.31139  0.08919 -1.42274
   0.29607  0.08837 -1.46359
   0.28084  0.08742 -1.51108
   0.26572  0.08634 -1.56291
   0.25074  0.08511 -1.61711
   0.23588  0.08372 -1.67373
   0.22114  0.08216 -1.73312
   0.20647  0.08040 -1.79245
   0.19183  0.07843 -1.85393
   0.17718  0.07624 -1.91655
   0.16257  0.07382 -1.98689
   0.14811  0.07119 -2.07285
   0.13400  0.06839 -2.18933
   0.12034  0.06537 -2.31312
   0.10714  0.06208 -2.43675
   0.09429  0.05847 -2.53732
   0.08168  0.05449 -2.62247
   0.06946  0.05025 -2.77143
   0.05801  0.04584 -2.98422
   0.04778  0.04140 -3.17682
   0.03902  0.03708 -3.34737
   0.03162  0.03300 -3.52062
   0.02530  0.02911 -3.70560
   0.01984  0.02534 -3.90591
   0.01521  0.02177 -4.03538
   0.01149  0.01862 -4.25471
   0.00857  0.01592 -4.63704
   0.00629  0.01358 -5.06513
   0.00449  0.01150 -5.51108
   0.00306  0.00959 -5.96235
   0.00193  0.00782 -6.41854
   0.00108  0.00614 -6.81218
   0.00046  0.00454 -7.10182
   0.00008  0.00299 -7.14897
  -0.00008  0.00148 -6.86920
   0.00000 -0.00001 -6.10747
   0.00033 -0.00150 -4.85577
   0.00091 -0.00299 -3.57806
   0.00174 -0.00450 -2.43937
   0.00282 -0.00604 -1.51366
   0.00419 -0.00762 -0.77744
   0.00589 -0.00924 -0.21556
   0.00797 -0.01093  0.21337
   0.01054 -0.01267  0.52769
   0.01369 -0.01441  0.75409
   0.01755 -0.01606  0.90301
   0.02230 -0.01758  0.97892
   0.02817 -0.01907  0.99990
   0.03540 -0.02064  0.98864
   0.04410 -0.02221  0.95584
   0.05423 -0.02363  0.91149
   0.06599 -0.02483  0.86587
   0.07956 -0.02594  0.81985
   0.09395 -0.02699  0.77028
   0.10824 -0.02780  0.72772
   0.12268 -0.02835  0.69406
   0.13758 -0.02873  0.66542
   0.15305 -0.02900  0.63895
   0.16884 -0.02922  0.61210
   0.18460 -0.02937  0.58636
   0.20016 -0.02944  0.56346
   0.21556 -0.02941  0.54380
   0.23088 -0.02928  0.52609
   0.24622 -0.02908  0.51104
   0.26162 -0.02879  0.49674
   0.27713 -0.02844  0.48449
   0.29276 -0.02802  0.47323
   0.30851 -0.02755  0.46289
   0.32434 -0.02703  0.45336
   0.34024 -0.02648  0.44464
   0.35617 -0.02589  0.43683
   0.37212 -0.02528  0.42920
   0.38808 -0.02465  0.42262
   0.40404 -0.02402  0.41540
   0.42000 -0.02338  0.40883
   0.43597 -0.02274  0.40236
   0.45194 -0.02209  0.39623
   0.46791 -0.02145  0.38946
   0.48388 -0.02080  0.38391
   0.49986 -0.02016  0.37774
   0.51583 -0.01951  0.37245
   0.53182 -0.01887  0.36674
   0.54780 -0.01822  0.36120
   0.56378 -0.01758  0.35621
   0.57976 -0.01694  0.35115
   0.59574 -0.01629  0.34592
   0.61172 -0.01565  0.34175
   0.62769 -0.01500  0.33697
   0.64366 -0.01436  0.33240
   0.65962 -0.01372  0.32854
   0.67558 -0.01307  0.32414
   0.69155 -0.01243  0.32066
   0.70752 -0.01179  0.31663
   0.72348 -0.01114  0.31309
   0.73940 -0.01050  0.30986
   0.75531 -0.00986  0.30694
   0.77121 -0.00922  0.30360
   0.78712 -0.00858  0.30086
   0.80307 -0.00794  0.29894
   0.81898 -0.00730  0.29588
   0.83478 -0.00666  0.29478
   0.85048 -0.00603  0.29302
   0.86613 -0.00540  0.29216
   0.88179 -0.00477  0.29149
   0.89757 -0.00413  0.29272
   0.91345 -0.00349  0.29322
   0.92918 -0.00285  0.29695
   0.94494 -0.00221  0.30286
   0.95968 -0.00162  0.31179
   0.97272 -0.00109  0.32532
   0.98409 -0.00064  0.34648
   0.99403 -0.00024  0.38385
   1.00000  0.00000  0.53185
