                                                
 Alfa =  10.00000 Re =  4000000.000 Xflap,Yflap =     0.000000    0.000000
#    x        y        Cp  
   1.00000 -0.00950  0.23808
   0.99289 -0.00722  0.06893
   0.98107 -0.00353 -0.01559
   0.96790  0.00041 -0.08542
   0.95351  0.00459 -0.15346
   0.93814  0.00891 -0.23203
   0.92200  0.01319 -0.28943
   0.90536  0.01736 -0.33198
   0.88841  0.02147 -0.40565
   0.87123  0.02533 -0.42813
   0.85395  0.02909 -0.49514
   0.83658  0.03259 -0.51767
   0.81921  0.03594 -0.57088
   0.80184  0.03907 -0.60517
   0.78458  0.04197 -0.63093
   0.76742  0.04470 -0.66311
   0.75032  0.04725 -0.70552
   0.73329  0.04957 -0.71738
   0.71639  0.05174 -0.74545
   0.69960  0.05375 -0.76992
   0.68283  0.05560 -0.79234
   0.66599  0.05731 -0.81082
   0.64897  0.05889 -0.83049
   0.63161  0.06037 -0.84040
   0.61387  0.06180 -0.87270
   0.59609  0.06308 -0.89527
   0.57803  0.06421 -0.89533
   0.55963  0.06532 -0.94171
   0.54100  0.06625 -0.94074
   0.52231  0.06711 -0.97279
   0.50349  0.06787 -1.00771
   0.48466  0.06846 -1.01025
   0.46582  0.06899 -1.05709
   0.44691  0.06937 -1.07660
   0.42807  0.06962 -1.09157
   0.40910  0.06981 -1.13087
   0.39035  0.06990 -1.16270
   0.37165  0.06991 -1.22145
   0.35315  0.06973 -1.23184
   0.33496  0.06950 -1.29967
   0.31699  0.06912 -1.34032
   0.29896  0.06857 -1.36753
   0.28113  0.06795 -1.43063
   0.26338  0.06718 -1.47556
   0.24556  0.06629 -1.53930
   0.22803  0.06528 -1.60808
   0.21074  0.06416 -1.71106
   0.19370  0.06280 -1.76434
   0.17694  0.06133 -1.84387
   0.16047  0.05975 -1.99315
   0.14449  0.05794 -2.05706
   0.12924  0.05611 -2.21369
   0.11496  0.05421 -2.41525
   0.10191  0.05222 -2.56227
   0.09003  0.05020 -2.71684
   0.07949  0.04830 -3.04499
   0.07017  0.04634 -3.17971
   0.06187  0.04445 -3.43513
   0.05452  0.04263 -3.77171
   0.04799  0.04082 -4.07414
   0.04214  0.03900 -4.31351
   0.03685  0.03723 -4.70793
   0.03210  0.03546 -5.20922
   0.02781  0.03364 -5.60433
   0.02393  0.03175 -5.89531
   0.02037  0.02982 -6.19813
   0.01713  0.02785 -6.64081
   0.01418  0.02584 -7.12293
   0.01154  0.02377 -7.54952
   0.00919  0.02162 -7.86441
   0.00712  0.01939 -8.05593
   0.00534  0.01708 -8.07465
   0.00384  0.01469 -7.81684
   0.00262  0.01226 -7.38912
   0.00164  0.00979 -6.87457
   0.00091  0.00733 -6.31662
   0.00040  0.00489 -5.76301
   0.00010  0.00247 -5.17497
   0.00000  0.00008 -4.61069
   0.00009 -0.00233 -4.00388
   0.00038 -0.00475 -3.42076
   0.00088 -0.00719 -2.83975
   0.00160 -0.00967 -2.27965
   0.00257 -0.01215 -1.74809
   0.00379 -0.01460 -1.24065
   0.00528 -0.01700 -0.76744
   0.00706 -0.01932 -0.32568
   0.00913 -0.02156  0.04087
   0.01149 -0.02373  0.33097
   0.01413 -0.02581  0.55405
   0.01707 -0.02783  0.71903
   0.02032 -0.02978  0.83447
   0.02389 -0.03170  0.91176
   0.02781 -0.03356  0.96100
   0.03213 -0.03536  0.98876
   0.03692 -0.03714  0.99942
   0.04222 -0.03893  0.99750
   0.04811 -0.04075  0.98576
   0.05468 -0.04257  0.96675
   0.06208 -0.04440  0.94250
   0.07044 -0.04630  0.91340
   0.07983 -0.04827  0.87767
   0.09046 -0.05018  0.84567
   0.10245 -0.05220  0.80782
   0.11566 -0.05427  0.76459
   0.12990 -0.05619  0.72818
   0.14517 -0.05803  0.69361
   0.16108 -0.05981  0.65184
   0.17734 -0.06136  0.62403
   0.19370 -0.06280  0.59133
   0.21008 -0.06411  0.56142
   0.22648 -0.06526  0.53400
   0.24288 -0.06628  0.50863
   0.25928 -0.06716  0.48434
   0.27569 -0.06793  0.46019
   0.29210 -0.06857  0.43732
   0.30852 -0.06906  0.41624
   0.32495 -0.06940  0.39786
   0.34137 -0.06961  0.38066
   0.35780 -0.06970  0.36312
   0.37426 -0.06966  0.34585
   0.39075 -0.06949  0.32950
   0.40728 -0.06916  0.31534
   0.42388 -0.06869  0.30266
   0.44060 -0.06808  0.28944
   0.45752 -0.06733  0.27569
   0.47474 -0.06643  0.25115
   0.49226 -0.06523  0.23941
   0.50996 -0.06370  0.23150
   0.52777 -0.06185  0.22892
   0.54562 -0.05968  0.23033
   0.56346 -0.05719  0.23609
   0.58124 -0.05439  0.24667
   0.59892 -0.05130  0.26490
   0.61648 -0.04798  0.28831
   0.63408 -0.04449  0.30673
   0.65207 -0.04076  0.33345
   0.67059 -0.03687  0.34612
   0.68960 -0.03269  0.38005
   0.70918 -0.02838  0.40367
   0.72864 -0.02410  0.42814
   0.74734 -0.01998  0.46160
   0.76522 -0.01620  0.48544
   0.78261 -0.01269  0.51346
   0.79955 -0.00958  0.53995
   0.81608 -0.00698  0.54774
   0.83212 -0.00473  0.57159
   0.84761 -0.00302  0.58199
   0.86273 -0.00182  0.58895
   0.87749 -0.00108  0.59256
   0.89183 -0.00080  0.60033
   0.90589 -0.00106  0.59047
   0.91958 -0.00167  0.59423
   0.93281 -0.00278  0.58543
   0.94569 -0.00436  0.57172
   0.95820 -0.00637  0.55008
   0.97031 -0.00877  0.52093
   0.98194 -0.01148  0.47619
   0.99299 -0.01444  0.42383
   1.00000 -0.01650  0.23808
