                                                
 Alfa =  10.00000 Re =  4000000.000 Xflap,Yflap =     0.000000    0.000000
#    x        y        Cp  
   1.00000  0.00500  0.57490
   0.99499  0.00667  0.29427
   0.98679  0.00925  0.14130
   0.97761  0.01191  0.02784
   0.96726  0.01462 -0.05951
   0.95559  0.01733 -0.13275
   0.94261  0.01992 -0.17178
   0.92862  0.02230 -0.18252
   0.91411  0.02448 -0.17504
   0.89949  0.02657 -0.16657
   0.88494  0.02868 -0.18214
   0.87043  0.03081 -0.20247
   0.85596  0.03295 -0.22759
   0.84149  0.03509 -0.25632
   0.82702  0.03720 -0.28452
   0.81253  0.03926 -0.31259
   0.79801  0.04127 -0.33869
   0.78346  0.04320 -0.35958
   0.76888  0.04506 -0.38010
   0.75427  0.04685 -0.39745
   0.73963  0.04858 -0.41312
   0.72497  0.05026 -0.43018
   0.71028  0.05189 -0.44532
   0.69556  0.05347 -0.46141
   0.68083  0.05502 -0.47656
   0.66609  0.05654 -0.49374
   0.65132  0.05803 -0.50989
   0.63655  0.05949 -0.52767
   0.62176  0.06092 -0.54582
   0.60696  0.06234 -0.56454
   0.59215  0.06374 -0.58653
   0.57733  0.06513 -0.60913
   0.56250  0.06650 -0.63449
   0.54766  0.06784 -0.66049
   0.53283  0.06917 -0.68841
   0.51801  0.07046 -0.71799
   0.50322  0.07173 -0.74998
   0.48845  0.07296 -0.78576
   0.47374  0.07414 -0.82435
   0.45908  0.07527 -0.86302
   0.44446  0.07633 -0.90459
   0.42990  0.07730 -0.94573
   0.41535  0.07818 -0.98740
   0.40082  0.07896 -1.02767
   0.38627  0.07963 -1.06312
   0.37168  0.08018 -1.09748
   0.35703  0.08064 -1.13254
   0.34232  0.08100 -1.16900
   0.32757  0.08128 -1.20842
   0.31280  0.08148 -1.25456
   0.29805  0.08161 -1.30988
   0.28337  0.08167 -1.38418
   0.26881  0.08161 -1.46683
   0.25440  0.08140 -1.55303
   0.24015  0.08100 -1.64325
   0.22606  0.08038 -1.72958
   0.21211  0.07950 -1.81223
   0.19829  0.07834 -1.87961
   0.18454  0.07687 -1.92060
   0.17080  0.07511 -1.95363
   0.15696  0.07310 -1.98909
   0.14285  0.07083 -2.05106
   0.12834  0.06827 -2.14558
   0.11379  0.06544 -2.26811
   0.09966  0.06242 -2.44306
   0.08688  0.05937 -2.71819
   0.07514  0.05604 -2.96126
   0.06310  0.05185 -3.00980
   0.05033  0.04664 -3.04625
   0.03985  0.04188 -3.30772
   0.03173  0.03771 -3.60570
   0.02427  0.03322 -3.82182
   0.01540  0.02676 -3.60031
   0.00952  0.02214 -4.17270
   0.00622  0.01934 -5.08354
   0.00400  0.01721 -6.02724
   0.00241  0.01542 -7.11000
   0.00127  0.01384 -8.29538
   0.00048  0.01240 -9.56638
   0.00001  0.01105-10.59384
  -0.00018  0.00978-10.80217
  -0.00006  0.00855 -9.60926
   0.00037  0.00735 -6.89468
   0.00113  0.00616 -4.30731
   0.00222  0.00497 -2.40541
   0.00368  0.00378 -1.09487
   0.00558  0.00258 -0.22673
   0.00804  0.00139  0.34952
   0.01129  0.00029  0.71614
   0.01565 -0.00043  0.93293
   0.02160 -0.00030  0.99876
   0.02936  0.00025  0.99271
   0.03921  0.00028  0.96643
   0.05120 -0.00002  0.92132
   0.06465 -0.00007  0.87736
   0.07881  0.00002  0.84057
   0.09337  0.00001  0.80254
   0.10818 -0.00001  0.76800
   0.12309 -0.00002  0.73788
   0.13799 -0.00001  0.71120
   0.15290  0.00000  0.68681
   0.16778  0.00000  0.66413
   0.18267  0.00000  0.64368
   0.19758  0.00000  0.62387
   0.21250 -0.00000  0.60644
   0.22741 -0.00000  0.58910
   0.24232 -0.00000  0.57373
   0.25723 -0.00000  0.55884
   0.27215 -0.00000  0.54518
   0.28706 -0.00000  0.53173
   0.30199  0.00000  0.51928
   0.31691  0.00000  0.50737
   0.33182  0.00000  0.49574
   0.34674  0.00000  0.48489
   0.36166  0.00000  0.47431
   0.37658  0.00000  0.46381
   0.39150  0.00000  0.45451
   0.40642  0.00000  0.44481
   0.42135  0.00000  0.43581
   0.43627  0.00000  0.42712
   0.45119  0.00000  0.41843
   0.46611  0.00000  0.41027
   0.48103  0.00000  0.40229
   0.49596  0.00000  0.39388
   0.51088 -0.00000  0.38701
   0.52580 -0.00000  0.37871
   0.54072 -0.00000  0.37163
   0.55565 -0.00000  0.36430
   0.57057 -0.00000  0.35706
   0.58549 -0.00000  0.35002
   0.60041  0.00000  0.34447
   0.61532  0.00000  0.33687
   0.63023  0.00001  0.33118
   0.64513  0.00001  0.32459
   0.66003  0.00002  0.31851
   0.67493  0.00001  0.31162
   0.68983  0.00001  0.30641
   0.70473 -0.00000  0.29859
   0.71964 -0.00002  0.29341
   0.73455 -0.00004  0.28397
   0.74948 -0.00006  0.27749
   0.76440 -0.00006  0.27087
   0.77931 -0.00005  0.26460
   0.79419 -0.00002  0.25729
   0.80901  0.00004  0.25412
   0.82377  0.00010  0.25167
   0.83846  0.00017  0.24830
   0.85307  0.00021  0.24490
   0.86763  0.00022  0.24064
   0.88217  0.00017  0.23158
   0.89674  0.00004  0.21897
   0.91137 -0.00016  0.18814
   0.92601 -0.00032  0.15371
   0.94030 -0.00026  0.12279
   0.95371  0.00016  0.11584
   0.96586  0.00091  0.13657
   0.97665  0.00189  0.17726
   0.98623  0.00300  0.24030
   0.99478  0.00418  0.34230
   1.00000  0.00500  0.57490
