                                                
 Alfa =  10.00000 Re =  4000000.000 Xflap,Yflap =     0.000000    0.000000
#    x        y        Cp  
   1.00000  0.00367  0.71336
   0.98967  0.00750  0.51121
   0.97514  0.01281  0.40318
   0.96067  0.01801  0.32154
   0.94558  0.02334  0.25258
   0.92931  0.02900  0.18674
   0.91135  0.03513  0.12356
   0.89116  0.04187  0.05785
   0.86870  0.04919 -0.00823
   0.84425  0.05698 -0.07715
   0.81821  0.06505 -0.14744
   0.79086  0.07329 -0.21824
   0.76274  0.08151 -0.29206
   0.73428  0.08957 -0.36451
   0.70581  0.09738 -0.44151
   0.67772  0.10481 -0.51804
   0.65033  0.11177 -0.59457
   0.62322  0.11839 -0.67524
   0.59622  0.12468 -0.75745
   0.56962  0.13057 -0.84150
   0.54352  0.13603 -0.93230
   0.51790  0.14105 -1.02407
   0.49294  0.14558 -1.11672
   0.46869  0.14964 -1.21630
   0.44524  0.15319 -1.31280
   0.42265  0.15626 -1.41958
   0.40091  0.15882 -1.51776
   0.38004  0.16091 -1.62679
   0.36000  0.16252 -1.72743
   0.34078  0.16369 -1.83208
   0.32237  0.16443 -1.93281
   0.30472  0.16477 -2.03345
   0.28781  0.16472 -2.13457
   0.27164  0.16430 -2.22455
   0.25616  0.16355 -2.32012
   0.24137  0.16248 -2.40871
   0.22725  0.16112 -2.49827
   0.21378  0.15948 -2.57698
   0.20092  0.15759 -2.65378
   0.18867  0.15548 -2.73728
   0.17701  0.15316 -2.79630
   0.16590  0.15065 -2.87210
   0.15534  0.14796 -2.92563
   0.14530  0.14512 -2.98834
   0.13576  0.14213 -3.02987
   0.12669  0.13903 -3.07520
   0.11808  0.13580 -3.12141
   0.10990  0.13247 -3.14800
   0.10214  0.12905 -3.16603
   0.09477  0.12554 -3.20528
   0.08778  0.12195 -3.18999
   0.08114  0.11830 -3.20737
   0.07485  0.11459 -3.21603
   0.06889  0.11081 -3.19625
   0.06325  0.10698 -3.17069
   0.05790  0.10310 -3.15999
   0.05285  0.09917 -3.10957
   0.04808  0.09521 -3.06560
   0.04357  0.09120 -3.02044
   0.03932  0.08716 -2.96086
   0.03532  0.08308 -2.88471
   0.03157  0.07897 -2.80543
   0.02805  0.07483 -2.72294
   0.02477  0.07066 -2.60411
   0.02170  0.06646 -2.50140
   0.01885  0.06224 -2.39766
   0.01623  0.05800 -2.24270
   0.01381  0.05373 -2.12621
   0.01160  0.04945 -1.98729
   0.00960  0.04515 -1.82265
   0.00779  0.04085 -1.67712
   0.00618  0.03653 -1.51981
   0.00477  0.03221 -1.35264
   0.00355  0.02788 -1.19605
   0.00252  0.02356 -1.02522
   0.00168  0.01924 -0.85553
   0.00102  0.01492 -0.68301
   0.00052  0.01063 -0.53578
   0.00019  0.00636 -0.38288
   0.00002  0.00211 -0.25002
   0.00002 -0.00211 -0.11215
   0.00019 -0.00636  0.02778
   0.00052 -0.01063  0.14970
   0.00102 -0.01492  0.27087
   0.00168 -0.01924  0.37693
   0.00252 -0.02355  0.47794
   0.00355 -0.02788  0.57250
   0.00477 -0.03221  0.65998
   0.00618 -0.03653  0.73614
   0.00779 -0.04084  0.80333
   0.00960 -0.04515  0.86048
   0.01160 -0.04945  0.90677
   0.01381 -0.05373  0.94387
   0.01623 -0.05799  0.97136
   0.01885 -0.06224  0.98917
   0.02170 -0.06646  0.99848
   0.02476 -0.07066  0.99942
   0.02805 -0.07483  0.99270
   0.03156 -0.07897  0.97887
   0.03532 -0.08308  0.95866
   0.03932 -0.08716  0.93259
   0.04357 -0.09120  0.90151
   0.04808 -0.09520  0.86621
   0.05285 -0.09917  0.82663
   0.05790 -0.10310  0.78313
   0.06325 -0.10697  0.73823
   0.06889 -0.11081  0.69027
   0.07485 -0.11458  0.63970
   0.08114 -0.11830  0.58997
   0.08778 -0.12195  0.53947
   0.09476 -0.12554  0.48433
   0.10214 -0.12904  0.43494
   0.10990 -0.13247  0.38214
   0.11808 -0.13580  0.33015
   0.12669 -0.13903  0.28118
   0.13576 -0.14213  0.23274
   0.14530 -0.14512  0.18411
   0.15534 -0.14796  0.14014
   0.16590 -0.15065  0.09575
   0.17701 -0.15316  0.05705
   0.18867 -0.15548  0.01646
   0.20092 -0.15759 -0.01660
   0.21377 -0.15948 -0.04964
   0.22725 -0.16112 -0.07980
   0.24137 -0.16248 -0.10494
   0.25616 -0.16355 -0.12775
   0.27164 -0.16430 -0.14566
   0.28781 -0.16472 -0.16306
   0.30472 -0.16477 -0.17366
   0.32236 -0.16443 -0.18155
   0.34078 -0.16369 -0.18643
   0.36000 -0.16252 -0.18674
   0.38004 -0.16091 -0.18600
   0.40091 -0.15882 -0.17823
   0.42265 -0.15626 -0.17249
   0.44524 -0.15319 -0.15990
   0.46869 -0.14964 -0.14890
   0.49294 -0.14559 -0.13387
   0.51790 -0.14105 -0.11905
   0.54352 -0.13603 -0.10205
   0.56962 -0.13057 -0.08249
   0.59622 -0.12468 -0.06404
   0.62322 -0.11839 -0.04410
   0.65033 -0.11177 -0.02218
   0.67772 -0.10481 -0.00057
   0.70580 -0.09738  0.02307
   0.73427 -0.08957  0.04899
   0.76274 -0.08151  0.07429
   0.79086 -0.07329  0.10296
   0.81820 -0.06505  0.13185
   0.84425 -0.05698  0.16344
   0.86870 -0.04920  0.19674
   0.89116 -0.04187  0.23098
   0.91135 -0.03513  0.26775
   0.92931 -0.02900  0.30553
   0.94558 -0.02334  0.34785
   0.96067 -0.01801  0.39445
   0.97514 -0.01281  0.45416
   0.98967 -0.00750  0.53970
   1.00000 -0.00367  0.71336
