                                                
 Alfa =  10.00000 Re =  4000000.000 Xflap,Yflap =     0.000000    0.000000
#    x        y        Cp  
   1.00000  0.00000  0.38966
   0.99304  0.00085  0.22705
   0.98134  0.00229  0.14794
   0.96805  0.00390  0.08946
   0.95321  0.00567  0.03894
   0.93707  0.00753 -0.00712
   0.91995  0.00942 -0.05032
   0.90217  0.01126 -0.08886
   0.88391  0.01299 -0.12061
   0.86529  0.01460 -0.14668
   0.84637  0.01608 -0.16833
   0.82719  0.01743 -0.18617
   0.80776  0.01866 -0.20009
   0.78804  0.01977 -0.20905
   0.76800  0.02079 -0.21410
   0.74765  0.02175 -0.21719
   0.72709  0.02271 -0.22060
   0.70654  0.02370 -0.22692
   0.68601  0.02477 -0.24062
   0.66539  0.02591 -0.26179
   0.64463  0.02711 -0.28591
   0.62383  0.02831 -0.30983
   0.60313  0.02947 -0.33289
   0.58249  0.03058 -0.34726
   0.56191  0.03166 -0.35918
   0.54155  0.03274 -0.37049
   0.52151  0.03389 -0.38749
   0.50176  0.03513 -0.41248
   0.48218  0.03651 -0.45960
   0.46273  0.03794 -0.51978
   0.44372  0.03929 -0.58027
   0.42527  0.04045 -0.63733
   0.40733  0.04133 -0.68033
   0.38965  0.04189 -0.68734
   0.37189  0.04217 -0.66135
   0.35417  0.04235 -0.62945
   0.33709  0.04258 -0.60149
   0.32098  0.04297 -0.58673
   0.30577  0.04364 -0.59816
   0.29139  0.04459 -0.62302
   0.27779  0.04594 -0.71474
   0.26450  0.04766 -0.96064
   0.25137  0.04925 -1.22340
   0.23855  0.05029 -1.39173
   0.22540  0.05066 -1.36173
   0.21136  0.05062 -1.28632
   0.19663  0.05049 -1.26393
   0.18150  0.05047 -1.35344
   0.16647  0.05049 -1.50060
   0.15212  0.05037 -1.65689
   0.13861  0.05004 -1.79737
   0.12601  0.04949 -1.92160
   0.11431  0.04877 -2.04325
   0.10354  0.04795 -2.18267
   0.09383  0.04710 -2.41446
   0.08518  0.04615 -2.68358
   0.07739  0.04502 -2.86758
   0.07026  0.04368 -2.93007
   0.06366  0.04223 -2.96876
   0.05755  0.04073 -2.98361
   0.05193  0.03928 -3.01508
   0.04674  0.03793 -3.22933
   0.04198  0.03665 -3.58110
   0.03761  0.03539 -4.00585
   0.03360  0.03407 -4.45533
   0.02994  0.03265 -4.81583
   0.02657  0.03109 -4.97332
   0.02348  0.02941 -5.01325
   0.02063  0.02764 -4.96780
   0.01799  0.02580 -4.79481
   0.01554  0.02392 -4.57583
   0.01326  0.02203 -4.38343
   0.01110  0.02017 -4.16607
   0.00903  0.01838 -4.04072
   0.00699  0.01673 -4.79401
   0.00506  0.01511 -6.61892
   0.00343  0.01333 -7.69867
   0.00216  0.01132 -7.21234
   0.00124  0.00917 -6.26207
   0.00061  0.00696 -5.24694
   0.00021  0.00472 -4.35829
   0.00002  0.00247 -3.60244
  -0.00001  0.00021 -2.95132
   0.00013 -0.00205 -2.46023
   0.00043 -0.00433 -2.02495
   0.00094 -0.00660 -1.62970
   0.00170 -0.00884 -1.19881
   0.00275 -0.01103 -0.78414
   0.00418 -0.01304 -0.29773
   0.00604 -0.01481  0.27177
   0.00821 -0.01642  0.60900
   0.01055 -0.01802  0.77422
   0.01303 -0.01967  0.86902
   0.01564 -0.02139  0.92756
   0.01842 -0.02316  0.96675
   0.02139 -0.02491  0.99040
   0.02459 -0.02661  0.99974
   0.02807 -0.02823  0.99610
   0.03186 -0.02973  0.98189
   0.03603 -0.03109  0.96160
   0.04065 -0.03237  0.93887
   0.04577 -0.03361  0.91603
   0.05149 -0.03491  0.89297
   0.05790 -0.03637  0.86685
   0.06508 -0.03802  0.83733
   0.07315 -0.03992  0.80333
   0.08219 -0.04206  0.76398
   0.09219 -0.04441  0.71711
   0.10309 -0.04686  0.66697
   0.11490 -0.04928  0.61920
   0.12764 -0.05165  0.57306
   0.14122 -0.05391  0.52910
   0.15552 -0.05605  0.48632
   0.17035 -0.05802  0.44458
   0.18554 -0.05977  0.40617
   0.20098 -0.06123  0.37663
   0.21676 -0.06243  0.36447
   0.23260 -0.06352  0.36128
   0.24804 -0.06477  0.33661
   0.26318 -0.06628  0.27329
   0.27771 -0.06773  0.18066
   0.29183 -0.06866  0.13262
   0.30611 -0.06906  0.11282
   0.32072 -0.06903  0.10173
   0.33580 -0.06857  0.10239
   0.35155 -0.06772  0.11132
   0.36810 -0.06650  0.12520
   0.38559 -0.06495  0.14351
   0.40409 -0.06314  0.16090
   0.42345 -0.06119  0.17019
   0.44343 -0.05913  0.17778
   0.46386 -0.05701  0.18310
   0.48453 -0.05486  0.18669
   0.50530 -0.05272  0.18786
   0.52615 -0.05061  0.18552
   0.54707 -0.04850  0.18227
   0.56795 -0.04638  0.17829
   0.58874 -0.04425  0.17439
   0.60947 -0.04207  0.17287
   0.63021 -0.03984  0.17328
   0.65102 -0.03755  0.17506
   0.67191 -0.03523  0.17713
   0.69285 -0.03289  0.17999
   0.71379 -0.03055  0.18190
   0.73469 -0.02823  0.18425
   0.75551 -0.02594  0.18559
   0.77625 -0.02370  0.18640
   0.79692 -0.02151  0.18671
   0.81756 -0.01938  0.18442
   0.83818 -0.01729  0.18024
   0.85869 -0.01522  0.17733
   0.87889 -0.01317  0.17493
   0.89858 -0.01113  0.17479
   0.91759 -0.00912  0.17895
   0.93565 -0.00717  0.18648
   0.95247 -0.00532  0.19702
   0.96772 -0.00362  0.21176
   0.98123 -0.00211  0.23383
   0.99302 -0.00078  0.27483
   1.00000  0.00000  0.38966
