                                                
 Alfa =  10.00000 Re =  4000000.000 Xflap,Yflap =     0.000000    0.000000
#    x        y        Cp  
   1.00000  0.00000  0.39399
   0.99364  0.00183  0.30030
   0.98288  0.00523  0.18110
   0.97076  0.00911  0.06888
   0.95762  0.01310  0.00191
   0.94354  0.01713 -0.04199
   0.92865  0.02121 -0.07304
   0.91321  0.02536 -0.10261
   0.89750  0.02956 -0.13373
   0.88168  0.03381 -0.16657
   0.86581  0.03811 -0.20315
   0.85002  0.04241 -0.23740
   0.83442  0.04673 -0.27501
   0.81896  0.05110 -0.32062
   0.80345  0.05560 -0.38375
   0.78781  0.06020 -0.46037
   0.77226  0.06478 -0.55097
   0.75712  0.06915 -0.65003
   0.74243  0.07320 -0.74366
   0.72798  0.07689 -0.81394
   0.71353  0.08031 -0.87264
   0.69893  0.08348 -0.91878
   0.68415  0.08643 -0.96084
   0.66921  0.08916 -0.99428
   0.65413  0.09169 -1.02656
   0.63897  0.09403 -1.06214
   0.62377  0.09618 -1.09444
   0.60853  0.09812 -1.12449
   0.59321  0.09987 -1.14925
   0.57779  0.10145 -1.17170
   0.56226  0.10285 -1.19444
   0.54667  0.10411 -1.21941
   0.53105  0.10520 -1.24440
   0.51542  0.10613 -1.27062
   0.49976  0.10690 -1.29506
   0.48407  0.10752 -1.32092
   0.46836  0.10799 -1.34678
   0.45264  0.10831 -1.37429
   0.43693  0.10848 -1.40330
   0.42123  0.10850 -1.43220
   0.40554  0.10836 -1.46283
   0.38987  0.10806 -1.49417
   0.37422  0.10761 -1.52446
   0.35859  0.10700 -1.55832
   0.34298  0.10622 -1.59140
   0.32741  0.10528 -1.62741
   0.31188  0.10417 -1.66451
   0.29642  0.10289 -1.70433
   0.28101  0.10144 -1.74456
   0.26567  0.09980 -1.78740
   0.25040  0.09797 -1.83222
   0.23521  0.09595 -1.87946
   0.22014  0.09374 -1.93104
   0.20518  0.09131 -1.98431
   0.19036  0.08868 -2.04134
   0.17568  0.08582 -2.10248
   0.16117  0.08274 -2.16857
   0.14690  0.07943 -2.24346
   0.13289  0.07588 -2.32209
   0.11920  0.07209 -2.40870
   0.10590  0.06808 -2.50216
   0.09309  0.06385 -2.60893
   0.08093  0.05945 -2.72570
   0.06955  0.05494 -2.85370
   0.05911  0.05040 -2.99231
   0.04976  0.04594 -3.14204
   0.04157  0.04164 -3.30988
   0.03452  0.03758 -3.47459
   0.02853  0.03379 -3.64983
   0.02346  0.03028 -3.82486
   0.01918  0.02702 -3.99182
   0.01554  0.02401 -4.19412
   0.01246  0.02120 -4.39543
   0.00984  0.01856 -4.58668
   0.00762  0.01608 -4.79459
   0.00573  0.01373 -5.06621
   0.00414  0.01149 -5.34322
   0.00285  0.00935 -5.56296
   0.00181  0.00730 -5.75838
   0.00100  0.00531 -5.98957
   0.00041  0.00340 -6.34922
   0.00008  0.00154 -6.57265
   0.00002 -0.00024 -7.46682
   0.00041 -0.00199 -7.20867
   0.00145 -0.00357 -3.42401
   0.00285 -0.00502 -1.80677
   0.00453 -0.00639 -0.77620
   0.00646 -0.00772 -0.16167
   0.00867 -0.00902  0.24719
   0.01119 -0.01030  0.52967
   0.01407 -0.01158  0.72325
   0.01737 -0.01288  0.84890
   0.02116 -0.01422  0.92894
   0.02556 -0.01560  0.97578
   0.03070 -0.01703  0.99711
   0.03673 -0.01851  0.99842
   0.04387 -0.02004  0.98395
   0.05232 -0.02162  0.95735
   0.06222 -0.02321  0.92186
   0.07357 -0.02475  0.88127
   0.08618 -0.02620  0.83888
   0.09984 -0.02751  0.79733
   0.11428 -0.02867  0.75812
   0.12925 -0.02967  0.72178
   0.14456 -0.03050  0.68858
   0.16012 -0.03119  0.65880
   0.17587 -0.03174  0.63186
   0.19177 -0.03217  0.60772
   0.20778 -0.03249  0.58475
   0.22387 -0.03272  0.56442
   0.24002 -0.03286  0.54565
   0.25621 -0.03291  0.52824
   0.27246 -0.03289  0.51227
   0.28874 -0.03280  0.49773
   0.30507 -0.03265  0.48363
   0.32143 -0.03244  0.47117
   0.33781 -0.03218  0.45881
   0.35421 -0.03187  0.44727
   0.37061 -0.03151  0.43677
   0.38702 -0.03110  0.42628
   0.40345 -0.03065  0.41696
   0.41989 -0.03015  0.40824
   0.43634 -0.02962  0.39895
   0.45279 -0.02904  0.39110
   0.46923 -0.02843  0.38305
   0.48567 -0.02777  0.37548
   0.50210 -0.02708  0.36784
   0.51851 -0.02634  0.36111
   0.53490 -0.02556  0.35471
   0.55127 -0.02473  0.34812
   0.56760 -0.02385  0.34276
   0.58390 -0.02291  0.33737
   0.60020 -0.02191  0.33395
   0.61650 -0.02085  0.33055
   0.63280 -0.01974  0.32790
   0.64908 -0.01857  0.32446
   0.66531 -0.01734  0.32247
   0.68145 -0.01603  0.32007
   0.69748 -0.01465  0.32053
   0.71340 -0.01317  0.32265
   0.72926 -0.01158  0.32806
   0.74516 -0.00987  0.33735
   0.76121 -0.00804  0.35322
   0.77742 -0.00615  0.36871
   0.79364 -0.00426  0.38571
   0.80969 -0.00245  0.40225
   0.82548 -0.00078  0.41625
   0.84105  0.00073  0.42917
   0.85648  0.00204  0.43910
   0.87177  0.00316  0.44815
   0.88690  0.00406  0.45655
   0.90181  0.00471  0.46345
   0.91647  0.00509  0.46873
   0.93084  0.00519  0.47294
   0.94480  0.00498  0.47286
   0.95819  0.00445  0.47215
   0.97089  0.00359  0.46422
   0.98274  0.00242  0.45382
   0.99351  0.00103  0.44238
   1.00000  0.00000  0.39399
