                                                
 Alfa =  10.00000 Re =  4000000.000 Xflap,Yflap =     0.000000    0.000000
#    x        y        Cp  
   1.00000  0.00000  0.24467
   0.99415  0.00055  0.20503
   0.98337  0.00173  0.16339
   0.97065  0.00332  0.11341
   0.95677  0.00518  0.07233
   0.94243  0.00719  0.03366
   0.92783  0.00930 -0.00493
   0.91305  0.01146 -0.04130
   0.89822  0.01364 -0.07525
   0.88341  0.01580 -0.10765
   0.86864  0.01794 -0.13753
   0.85390  0.02004 -0.16985
   0.83919  0.02210 -0.19717
   0.82450  0.02411 -0.22394
   0.80983  0.02607 -0.25053
   0.79515  0.02797 -0.27546
   0.78047  0.02982 -0.29829
   0.76579  0.03161 -0.32175
   0.75109  0.03335 -0.34244
   0.73639  0.03503 -0.36571
   0.72167  0.03667 -0.38604
   0.70695  0.03824 -0.40615
   0.69221  0.03977 -0.42728
   0.67747  0.04125 -0.44772
   0.66273  0.04268 -0.46807
   0.64798  0.04405 -0.48897
   0.63323  0.04538 -0.50928
   0.61847  0.04665 -0.53001
   0.60370  0.04788 -0.55073
   0.58893  0.04905 -0.57230
   0.57416  0.05017 -0.59373
   0.55940  0.05124 -0.61625
   0.54465  0.05225 -0.63821
   0.52990  0.05320 -0.66122
   0.51514  0.05410 -0.68358
   0.50038  0.05493 -0.70567
   0.48561  0.05571 -0.73051
   0.47085  0.05644 -0.75408
   0.45610  0.05710 -0.78060
   0.44135  0.05770 -0.80630
   0.42662  0.05824 -0.83343
   0.41189  0.05870 -0.86068
   0.39717  0.05910 -0.88919
   0.38245  0.05943 -0.91885
   0.36773  0.05968 -0.94950
   0.35304  0.05987 -0.98218
   0.33835  0.05997 -1.01581
   0.32368  0.05999 -1.05236
   0.30903  0.05993 -1.08919
   0.29440  0.05979 -1.13015
   0.27979  0.05954 -1.17267
   0.26523  0.05921 -1.21863
   0.25071  0.05876 -1.26783
   0.23621  0.05820 -1.31866
   0.22175  0.05753 -1.37471
   0.20734  0.05672 -1.43419
   0.19299  0.05579 -1.50346
   0.17873  0.05472 -1.57779
   0.16458  0.05348 -1.65865
   0.15052  0.05207 -1.74886
   0.13658  0.05047 -1.84850
   0.12281  0.04866 -1.96332
   0.10927  0.04664 -2.09589
   0.09599  0.04436 -2.24438
   0.08301  0.04182 -2.41638
   0.07050  0.03900 -2.62220
   0.05867  0.03592 -2.87157
   0.04773  0.03259 -3.14886
   0.03788  0.02908 -3.45894
   0.02944  0.02558 -3.81651
   0.02257  0.02224 -4.21975
   0.01712  0.01915 -4.59490
   0.01280  0.01631 -4.98739
   0.00940  0.01374 -5.37082
   0.00673  0.01143 -5.90502
   0.00463  0.00934 -6.69844
   0.00302  0.00737 -7.30244
   0.00182  0.00548 -7.63348
   0.00094  0.00364 -7.82463
   0.00036  0.00188 -8.07281
   0.00009  0.00022 -8.18771
   0.00014 -0.00134 -7.71736
   0.00057 -0.00283 -5.84570
   0.00137 -0.00429 -3.59081
   0.00257 -0.00577 -1.87686
   0.00422 -0.00733 -0.72192
   0.00633 -0.00900 -0.03364
   0.00900 -0.01074  0.43057
   0.01230 -0.01249  0.72817
   0.01626 -0.01426  0.89315
   0.02113 -0.01608  0.97503
   0.02735 -0.01801  0.99999
   0.03545 -0.02005  0.98142
   0.04537 -0.02201  0.93588
   0.05656 -0.02375  0.88059
   0.06885 -0.02526  0.82480
   0.08201 -0.02652  0.77243
   0.09569 -0.02754  0.72606
   0.10966 -0.02835  0.68530
   0.12382 -0.02899  0.64895
   0.13814 -0.02947  0.61739
   0.15259 -0.02982  0.58908
   0.16714 -0.03005  0.56410
   0.18175 -0.03019  0.54128
   0.19640 -0.03023  0.52076
   0.21110 -0.03020  0.50211
   0.22582 -0.03009  0.48537
   0.24059 -0.02991  0.46991
   0.25539 -0.02968  0.45616
   0.27023 -0.02940  0.44257
   0.28507 -0.02907  0.43057
   0.29992 -0.02870  0.41903
   0.31479 -0.02828  0.40844
   0.32966 -0.02783  0.39840
   0.34454 -0.02734  0.38951
   0.35944 -0.02682  0.38084
   0.37435 -0.02627  0.37272
   0.38927 -0.02570  0.36510
   0.40420 -0.02509  0.35811
   0.41914 -0.02447  0.35125
   0.43407 -0.02382  0.34435
   0.44900 -0.02315  0.33869
   0.46393 -0.02246  0.33273
   0.47887 -0.02175  0.32750
   0.49381 -0.02101  0.32273
   0.50876 -0.02026  0.31852
   0.52372 -0.01949  0.31447
   0.53870 -0.01871  0.31056
   0.55369 -0.01792  0.30691
   0.56869 -0.01712  0.30418
   0.58370 -0.01631  0.30035
   0.59872 -0.01550  0.29752
   0.61374 -0.01469  0.29422
   0.62876 -0.01388  0.29076
   0.64379 -0.01307  0.28868
   0.65881 -0.01226  0.28498
   0.67383 -0.01145  0.28348
   0.68885 -0.01064  0.28068
   0.70385 -0.00984  0.27879
   0.71885 -0.00904  0.27696
   0.73383 -0.00825  0.27511
   0.74880 -0.00747  0.27426
   0.76377 -0.00671  0.27213
   0.77872 -0.00596  0.27181
   0.79364 -0.00524  0.27001
   0.80854 -0.00454  0.26876
   0.82344 -0.00387  0.26804
   0.83833 -0.00323  0.26527
   0.85322 -0.00263  0.26453
   0.86809 -0.00205  0.26316
   0.88291 -0.00153  0.26241
   0.89770 -0.00105  0.26141
   0.91246 -0.00063  0.25936
   0.92720 -0.00027  0.25699
   0.94183  0.00001  0.25732
   0.95626  0.00022  0.25432
   0.97024  0.00032  0.25522
   0.98316  0.00030  0.25690
   0.99412  0.00015  0.25412
   1.00001  0.00000  0.24467
