                                                
 Alfa =  10.00000 Re =  4000000.000 Xflap,Yflap =     0.000000    0.000000
#    x        y        Cp  
   1.00000  0.00000  0.25178
   0.99453  0.00070  0.24500
   0.98431  0.00219  0.19110
   0.97208  0.00420  0.15665
   0.95868  0.00662  0.11683
   0.94474  0.00930  0.07831
   0.93050  0.01218  0.03726
   0.91606  0.01519 -0.00295
   0.90149  0.01830 -0.04178
   0.88686  0.02148 -0.08154
   0.87217  0.02471 -0.12274
   0.85741  0.02796 -0.16365
   0.84264  0.03121 -0.20372
   0.82791  0.03443 -0.24597
   0.81323  0.03760 -0.28398
   0.79859  0.04073 -0.32601
   0.78399  0.04380 -0.36554
   0.76942  0.04680 -0.40575
   0.75488  0.04972 -0.44534
   0.74036  0.05257 -0.48537
   0.72586  0.05533 -0.52347
   0.71136  0.05799 -0.56252
   0.69687  0.06057 -0.60014
   0.68239  0.06304 -0.63830
   0.66792  0.06541 -0.67674
   0.65346  0.06767 -0.71321
   0.63900  0.06981 -0.74833
   0.62455  0.07184 -0.78457
   0.61009  0.07376 -0.81870
   0.59562  0.07555 -0.85347
   0.58115  0.07722 -0.88579
   0.56668  0.07877 -0.91993
   0.55221  0.08019 -0.95080
   0.53774  0.08148 -0.98278
   0.52326  0.08264 -1.01224
   0.50878  0.08368 -1.04328
   0.49430  0.08457 -1.07048
   0.47982  0.08534 -1.09849
   0.46534  0.08597 -1.12656
   0.45085  0.08647 -1.15096
   0.43634  0.08683 -1.17545
   0.42181  0.08707 -1.19914
   0.40726  0.08718 -1.22269
   0.39269  0.08716 -1.24720
   0.37813  0.08702 -1.27237
   0.36356  0.08676 -1.29854
   0.34899  0.08638 -1.32561
   0.33442  0.08588 -1.35318
   0.31985  0.08525 -1.38386
   0.30530  0.08451 -1.41689
   0.29078  0.08365 -1.45329
   0.27631  0.08266 -1.49073
   0.26187  0.08153 -1.53179
   0.24746  0.08027 -1.57324
   0.23310  0.07887 -1.62002
   0.21879  0.07732 -1.67225
   0.20457  0.07562 -1.72903
   0.19045  0.07376 -1.79102
   0.17644  0.07172 -1.85911
   0.16255  0.06949 -1.93071
   0.14881  0.06707 -2.01149
   0.13525  0.06444 -2.10000
   0.12190  0.06157 -2.19585
   0.10878  0.05847 -2.30087
   0.09595  0.05510 -2.41652
   0.08343  0.05146 -2.54916
   0.07135  0.04755 -2.69898
   0.05986  0.04338 -2.86551
   0.04913  0.03901 -3.05110
   0.03920  0.03445 -3.27105
   0.03040  0.02987 -3.52043
   0.02323  0.02564 -3.85841
   0.01762  0.02185 -4.18312
   0.01316  0.01837 -4.43747
   0.00959  0.01517 -4.65794
   0.00680  0.01236 -4.92477
   0.00466  0.00995 -5.53591
   0.00306  0.00784 -6.29903
   0.00187  0.00589 -6.81784
   0.00103  0.00402 -7.03012
   0.00047  0.00220 -7.14692
   0.00020  0.00044 -7.35974
   0.00023 -0.00119 -7.44368
   0.00063 -0.00267 -6.64398
   0.00146 -0.00400 -4.13143
   0.00274 -0.00522 -1.94288
   0.00452 -0.00641 -0.55834
   0.00687 -0.00764  0.18672
   0.00983 -0.00896  0.57763
   0.01352 -0.01033  0.81484
   0.01795 -0.01166  0.93937
   0.02327 -0.01296  0.99153
   0.02999 -0.01426  0.99789
   0.03890 -0.01559  0.97038
   0.04995 -0.01677  0.92220
   0.06201 -0.01765  0.87060
   0.07484 -0.01825  0.82135
   0.08842 -0.01860  0.77668
   0.10248 -0.01871  0.73781
   0.11676 -0.01864  0.70452
   0.13122 -0.01841  0.67561
   0.14585 -0.01806  0.65056
   0.16062 -0.01761  0.62855
   0.17549 -0.01709  0.60882
   0.19041 -0.01650  0.59135
   0.20537 -0.01586  0.57593
   0.22037 -0.01518  0.56117
   0.23541 -0.01447  0.54881
   0.25048 -0.01373  0.53718
   0.26559 -0.01297  0.52668
   0.28073 -0.01220  0.51682
   0.29590 -0.01142  0.50773
   0.31106 -0.01064  0.49952
   0.32622 -0.00987  0.49081
   0.34137 -0.00910  0.48359
   0.35651 -0.00833  0.47651
   0.37164 -0.00758  0.46924
   0.38676 -0.00683  0.46368
   0.40188 -0.00610  0.45697
   0.41700 -0.00538  0.45110
   0.43211 -0.00468  0.44566
   0.44721 -0.00399  0.44057
   0.46230 -0.00331  0.43527
   0.47739 -0.00266  0.43061
   0.49246 -0.00203  0.42565
   0.50754 -0.00142  0.42072
   0.52261 -0.00083  0.41625
   0.53769 -0.00026  0.41196
   0.55277  0.00028  0.40698
   0.56784  0.00080  0.40366
   0.58291  0.00130  0.39904
   0.59796  0.00177  0.39526
   0.61301  0.00221  0.39138
   0.62805  0.00262  0.38694
   0.64310  0.00301  0.38366
   0.65815  0.00336  0.37843
   0.67320  0.00369  0.37585
   0.68825  0.00399  0.37082
   0.70329  0.00425  0.36782
   0.71832  0.00448  0.36347
   0.73334  0.00468  0.35984
   0.74835  0.00485  0.35642
   0.76335  0.00497  0.35230
   0.77834  0.00506  0.34815
   0.79335  0.00510  0.34412
   0.80835  0.00511  0.33911
   0.82334  0.00508  0.33572
   0.83830  0.00500  0.33198
   0.85325  0.00487  0.32666
   0.86818  0.00470  0.32325
   0.88312  0.00447  0.31708
   0.89803  0.00419  0.31269
   0.91289  0.00385  0.30756
   0.92769  0.00344  0.30374
   0.94242  0.00296  0.29743
   0.95696  0.00240  0.29190
   0.97098  0.00177  0.28844
   0.98384  0.00109  0.27723
   0.99446  0.00041  0.29132
   1.00000  0.00000  0.25178
