                                                
 Alfa =  10.00000 Re =  4000000.000 Xflap,Yflap =     0.000000    0.000000
#    x        y        Cp  
   1.00000  0.00000  0.37171
   0.99483  0.00099  0.21296
   0.98624  0.00260  0.13341
   0.97642  0.00440  0.07467
   0.96511  0.00642  0.02748
   0.95214  0.00866 -0.01542
   0.93787  0.01103 -0.05140
   0.92371  0.01332 -0.08036
   0.90948  0.01557 -0.10475
   0.89496  0.01783 -0.13194
   0.88062  0.02006 -0.15643
   0.86644  0.02224 -0.18517
   0.85229  0.02439 -0.21121
   0.83810  0.02653 -0.23727
   0.82382  0.02864 -0.26447
   0.80942  0.03075 -0.29089
   0.79490  0.03283 -0.31825
   0.78032  0.03487 -0.34535
   0.76570  0.03687 -0.37129
   0.75109  0.03881 -0.39843
   0.73650  0.04070 -0.42554
   0.72194  0.04252 -0.45051
   0.70742  0.04428 -0.47662
   0.69293  0.04596 -0.50140
   0.67843  0.04758 -0.52533
   0.66393  0.04913 -0.54837
   0.64941  0.05062 -0.57192
   0.63487  0.05204 -0.59551
   0.62032  0.05340 -0.62015
   0.60575  0.05470 -0.64433
   0.59118  0.05594 -0.67210
   0.57664  0.05711 -0.70016
   0.56213  0.05820 -0.73072
   0.54765  0.05920 -0.75871
   0.53322  0.06010 -0.78830
   0.51882  0.06089 -0.81478
   0.50443  0.06157 -0.84066
   0.49005  0.06211 -0.85836
   0.47564  0.06254 -0.87293
   0.46120  0.06286 -0.88572
   0.44671  0.06308 -0.89764
   0.43216  0.06322 -0.90824
   0.41756  0.06329 -0.92059
   0.40291  0.06330 -0.93649
   0.38823  0.06327 -0.95583
   0.37352  0.06318 -0.98024
   0.35881  0.06305 -1.00752
   0.34412  0.06285 -1.03704
   0.32945  0.06259 -1.06979
   0.31481  0.06226 -1.10334
   0.30023  0.06186 -1.13993
   0.28572  0.06137 -1.17927
   0.27127  0.06081 -1.22155
   0.25689  0.06014 -1.26505
   0.24258  0.05938 -1.31196
   0.22830  0.05850 -1.36041
   0.21404  0.05751 -1.41181
   0.19975  0.05638 -1.46446
   0.18540  0.05511 -1.51871
   0.17097  0.05369 -1.57946
   0.15653  0.05215 -1.65218
   0.14220  0.05051 -1.75564
   0.12813  0.04875 -1.88740
   0.11438  0.04680 -2.03322
   0.10086  0.04460 -2.18512
   0.08743  0.04208 -2.32684
   0.07403  0.03925 -2.52802
   0.06093  0.03612 -2.89996
   0.04891  0.03262 -3.25131
   0.03867  0.02896 -3.48778
   0.02976  0.02523 -3.75644
   0.02100  0.02095 -4.34051
   0.01322  0.01623 -4.87518
   0.00875  0.01299 -5.47296
   0.00592  0.01061 -6.22187
   0.00391  0.00867 -7.08344
   0.00243  0.00697 -8.05670
   0.00134  0.00545 -9.14468
   0.00057  0.00404-10.31645
   0.00008  0.00271-11.27111
  -0.00013  0.00145-11.58701
  -0.00005  0.00023-10.56596
   0.00033 -0.00096 -7.82059
   0.00103 -0.00214 -5.00354
   0.00207 -0.00334 -2.84862
   0.00350 -0.00458 -1.36307
   0.00541 -0.00590 -0.36379
   0.00805 -0.00735  0.28918
   0.01192 -0.00904  0.70933
   0.01831 -0.01107  0.94709
   0.02799 -0.01308  0.99958
   0.03883 -0.01498  0.96782
   0.05058 -0.01660  0.90636
   0.06291 -0.01763  0.84107
   0.07558 -0.01805  0.78552
   0.08873 -0.01794  0.74365
   0.10254 -0.01744  0.71218
   0.11687 -0.01669  0.68594
   0.13146 -0.01579  0.66589
   0.14610 -0.01483  0.64991
   0.16072 -0.01388  0.63502
   0.17530 -0.01298  0.62052
   0.18988 -0.01214  0.60703
   0.20446 -0.01137  0.59398
   0.21905 -0.01066  0.58107
   0.23365 -0.01001  0.56847
   0.24826 -0.00941  0.55616
   0.26291 -0.00886  0.54449
   0.27757 -0.00836  0.53269
   0.29226 -0.00788  0.52148
   0.30697 -0.00745  0.51080
   0.32171 -0.00703  0.50071
   0.33646 -0.00665  0.49077
   0.35123 -0.00628  0.48143
   0.36601 -0.00593  0.47184
   0.38079 -0.00561  0.46366
   0.39557 -0.00529  0.45513
   0.41033 -0.00499  0.44786
   0.42508 -0.00471  0.44139
   0.43981 -0.00445  0.43461
   0.45451 -0.00421  0.42825
   0.46919 -0.00402  0.42209
   0.48385 -0.00386  0.41536
   0.49849 -0.00376  0.40781
   0.51313 -0.00371  0.39850
   0.52776 -0.00369  0.38917
   0.54240 -0.00371  0.37810
   0.55706 -0.00375  0.36767
   0.57172 -0.00378  0.35757
   0.58640 -0.00380  0.34736
   0.60108 -0.00380  0.33919
   0.61576 -0.00376  0.33320
   0.63044 -0.00369  0.32794
   0.64511 -0.00360  0.32465
   0.65978 -0.00351  0.31925
   0.67444 -0.00344  0.31624
   0.68910 -0.00338  0.31043
   0.70378 -0.00335  0.30582
   0.71848 -0.00335  0.29655
   0.73321 -0.00338  0.28744
   0.74797 -0.00342  0.27759
   0.76274 -0.00345  0.26872
   0.77750 -0.00346  0.25744
   0.79221 -0.00343  0.25058
   0.80684 -0.00336  0.24220
   0.82135 -0.00323  0.23962
   0.83572 -0.00306  0.23647
   0.84999 -0.00285  0.23383
   0.86421 -0.00262  0.23225
   0.87848 -0.00236  0.23082
   0.89292 -0.00209  0.23109
   0.90759 -0.00180  0.22988
   0.92192 -0.00152  0.22918
   0.93606 -0.00124  0.22930
   0.95050 -0.00096  0.22969
   0.96405 -0.00069  0.23355
   0.97581 -0.00047  0.24005
   0.98593 -0.00027  0.25243
   0.99472 -0.00010  0.28124
   1.00000  0.00000  0.37171
