                                                
 Alfa =  10.00000 Re =  4000000.000 Xflap,Yflap =     0.000000    0.000000
#    x        y        Cp  
   1.00000  0.00000  0.55106
   0.99423  0.00149  0.29123
   0.98486  0.00373  0.15749
   0.97452  0.00595  0.06149
   0.96309  0.00811 -0.00636
   0.95057  0.01012 -0.05227
   0.93711  0.01189 -0.05956
   0.92302  0.01348 -0.04652
   0.90867  0.01502 -0.02676
   0.89428  0.01669 -0.02594
   0.87992  0.01857 -0.05201
   0.86558  0.02062 -0.08836
   0.85122  0.02277 -0.13266
   0.83684  0.02495 -0.17993
   0.82240  0.02709 -0.22850
   0.80789  0.02915 -0.27479
   0.79327  0.03105 -0.30807
   0.77851  0.03276 -0.32673
   0.76360  0.03433 -0.33787
   0.74853  0.03578 -0.34378
   0.73331  0.03715 -0.34807
   0.71795  0.03847 -0.35175
   0.70247  0.03979 -0.35803
   0.68690  0.04113 -0.37203
   0.67129  0.04249 -0.39225
   0.65566  0.04386 -0.41454
   0.64004  0.04522 -0.44027
   0.62447  0.04656 -0.46679
   0.60894  0.04787 -0.49502
   0.59347  0.04913 -0.52304
   0.57806  0.05032 -0.55157
   0.56271  0.05145 -0.58071
   0.54742  0.05251 -0.60861
   0.53217  0.05347 -0.63712
   0.51695  0.05435 -0.66339
   0.50174  0.05512 -0.68789
   0.48650  0.05578 -0.70781
   0.47121  0.05635 -0.72430
   0.45586  0.05682 -0.74026
   0.44043  0.05722 -0.75616
   0.42494  0.05756 -0.77292
   0.40938  0.05785 -0.79207
   0.39380  0.05809 -0.81566
   0.37821  0.05830 -0.84558
   0.36265  0.05847 -0.87953
   0.34714  0.05857 -0.91521
   0.33169  0.05860 -0.95393
   0.31631  0.05855 -0.99400
   0.30100  0.05841 -1.03579
   0.28574  0.05817 -1.07821
   0.27053  0.05782 -1.12300
   0.25536  0.05736 -1.16811
   0.24022  0.05678 -1.21780
   0.22511  0.05607 -1.26925
   0.21003  0.05523 -1.32495
   0.19498  0.05426 -1.38637
   0.17997  0.05314 -1.45513
   0.16501  0.05186 -1.53186
   0.15016  0.05042 -1.62039
   0.13548  0.04880 -1.73155
   0.12103  0.04698 -1.85384
   0.10686  0.04492 -1.98972
   0.09302  0.04258 -2.12935
   0.07952  0.03996 -2.28502
   0.06640  0.03706 -2.51069
   0.05399  0.03392 -2.79671
   0.04320  0.03074 -3.14418
   0.03437  0.02770 -3.53773
   0.02706  0.02473 -3.94359
   0.02083  0.02174 -4.44754
   0.01560  0.01871 -4.81279
   0.01155  0.01590 -5.06904
   0.00848  0.01347 -5.46285
   0.00615  0.01134 -5.90239
   0.00434  0.00944 -6.39235
   0.00292  0.00769 -6.88216
   0.00182  0.00605 -7.40084
   0.00099  0.00449 -7.80922
   0.00042  0.00299 -8.06444
   0.00009  0.00153 -7.97625
  -0.00000  0.00008 -7.36519
   0.00016 -0.00135 -6.00656
   0.00058 -0.00280 -4.47575
   0.00125 -0.00429 -3.08430
   0.00219 -0.00583 -1.94852
   0.00343 -0.00746 -1.04752
   0.00502 -0.00922 -0.37508
   0.00708 -0.01116  0.12919
   0.00977 -0.01337  0.49359
   0.01335 -0.01600  0.74544
   0.01801 -0.01904  0.90053
   0.02360 -0.02212  0.98018
   0.02991 -0.02495  0.99997
   0.03742 -0.02773  0.98380
   0.04693 -0.03083  0.94675
   0.05843 -0.03450  0.88824
   0.06971 -0.03787  0.81243
   0.08051 -0.04036  0.75141
   0.09224 -0.04230  0.71908
   0.10610 -0.04428  0.68656
   0.12148 -0.04653  0.63479
   0.13672 -0.04870  0.58131
   0.15111 -0.05053  0.53446
   0.16510 -0.05201  0.50174
   0.17928 -0.05326  0.47604
   0.19402 -0.05438  0.45419
   0.20939 -0.05544  0.42991
   0.22500 -0.05643  0.40313
   0.24051 -0.05732  0.37775
   0.25612 -0.05811  0.35240
   0.27171 -0.05877  0.32874
   0.28704 -0.05928  0.30704
   0.30215 -0.05964  0.28892
   0.31712 -0.05985  0.27437
   0.33208 -0.05993  0.26203
   0.34709 -0.05988  0.25207
   0.36220 -0.05973  0.24301
   0.37745 -0.05949  0.23492
   0.39284 -0.05917  0.22747
   0.40834 -0.05879  0.21885
   0.42388 -0.05834  0.20950
   0.43944 -0.05784  0.19984
   0.45497 -0.05727  0.19099
   0.47045 -0.05663  0.18174
   0.48586 -0.05592  0.17424
   0.50123 -0.05513  0.16722
   0.51655 -0.05426  0.16181
   0.53186 -0.05332  0.15708
   0.54717 -0.05229  0.15359
   0.56249 -0.05119  0.15143
   0.57784 -0.05001  0.14871
   0.59321 -0.04877  0.14774
   0.60861 -0.04746  0.14772
   0.62405 -0.04609  0.14829
   0.63953 -0.04466  0.14945
   0.65504 -0.04319  0.15083
   0.67060 -0.04169  0.15243
   0.68619 -0.04016  0.15329
   0.70183 -0.03862  0.15344
   0.71747 -0.03708  0.15207
   0.73308 -0.03553  0.14941
   0.74867 -0.03396  0.14622
   0.76426 -0.03237  0.14386
   0.77990 -0.03075  0.14053
   0.79545 -0.02909  0.13876
   0.81084 -0.02741  0.13575
   0.82602 -0.02569  0.13375
   0.84097 -0.02393  0.13358
   0.85574 -0.02210  0.13386
   0.87040 -0.02019  0.13779
   0.88505 -0.01818  0.14429
   0.89985 -0.01602  0.15571
   0.91497 -0.01369  0.17549
   0.93043 -0.01120  0.20072
   0.94577 -0.00869  0.22783
   0.96015 -0.00635  0.25485
   0.97299 -0.00428  0.28477
   0.98423 -0.00249  0.32214
   0.99408 -0.00093  0.38581
   1.00000  0.00000  0.55106
