                                                
 Alfa =  10.00000 Re =  4000000.000 Xflap,Yflap =     0.000000    0.000000
#    x        y        Cp  
   1.00000  0.00080  0.62320
   0.99321  0.00307  0.40445
   0.98204  0.00683  0.31408
   0.96953  0.01106  0.23765
   0.95557  0.01582  0.16968
   0.94032  0.02107  0.09902
   0.92427  0.02658  0.02467
   0.90796  0.03212 -0.04894
   0.89165  0.03749 -0.11386
   0.87527  0.04267 -0.16649
   0.85869  0.04772 -0.21245
   0.84182  0.05271 -0.25424
   0.82459  0.05765 -0.29373
   0.80702  0.06257 -0.33269
   0.78917  0.06747 -0.37367
   0.77122  0.07234 -0.42041
   0.75328  0.07711 -0.46860
   0.73546  0.08175 -0.51838
   0.71778  0.08623 -0.56671
   0.70022  0.09056 -0.61479
   0.68269  0.09473 -0.65847
   0.66510  0.09877 -0.69830
   0.64737  0.10272 -0.73721
   0.62946  0.10661 -0.77717
   0.61134  0.11045 -0.82032
   0.59306  0.11426 -0.86831
   0.57469  0.11803 -0.92776
   0.55632  0.12174 -0.99652
   0.53806  0.12534 -1.07284
   0.51999  0.12879 -1.15395
   0.50218  0.13205 -1.24153
   0.48469  0.13510 -1.33580
   0.46757  0.13791 -1.43908
   0.45083  0.14045 -1.54748
   0.43446  0.14268 -1.65643
   0.41842  0.14458 -1.76384
   0.40266  0.14613 -1.86764
   0.38712  0.14732 -1.96128
   0.37172  0.14814 -2.03823
   0.35640  0.14858 -2.10135
   0.34111  0.14867 -2.15825
   0.32581  0.14842 -2.20820
   0.31047  0.14782 -2.25489
   0.29504  0.14687 -2.29819
   0.27951  0.14558 -2.34095
   0.26388  0.14392 -2.38509
   0.24816  0.14190 -2.42857
   0.23243  0.13951 -2.47239
   0.21681  0.13676 -2.51711
   0.20146  0.13368 -2.56500
   0.18658  0.13033 -2.62074
   0.17231  0.12676 -2.70094
   0.15872  0.12297 -2.78032
   0.14571  0.11891 -2.84743
   0.13311  0.11449 -2.88481
   0.12072  0.10965 -2.88581
   0.10855  0.10441 -2.88113
   0.09685  0.09893 -2.88417
   0.08599  0.09344 -2.95016
   0.07623  0.08809 -3.06707
   0.06751  0.08275 -3.11760
   0.05955  0.07727 -3.00900
   0.05213  0.07163 -2.84677
   0.04526  0.06602 -2.70694
   0.03904  0.06067 -2.66068
   0.03357  0.05571 -2.66417
   0.02882  0.05114 -2.67153
   0.02470  0.04689 -2.67105
   0.02111  0.04292 -2.65034
   0.01797  0.03916 -2.58093
   0.01516  0.03556 -2.49540
   0.01264  0.03212 -2.41071
   0.01034  0.02883 -2.36204
   0.00825  0.02572 -2.39610
   0.00640  0.02279 -2.47993
   0.00478  0.02005 -2.57087
   0.00341  0.01748 -2.65913
   0.00225  0.01505 -2.74633
   0.00132  0.01274 -2.81041
   0.00058  0.01054 -2.85165
   0.00005  0.00843 -2.84655
  -0.00030  0.00639 -2.79168
  -0.00044  0.00441 -2.65520
  -0.00039  0.00249 -2.42472
  -0.00012  0.00061 -2.07988
   0.00038 -0.00124 -1.62218
   0.00111 -0.00307 -1.11890
   0.00207 -0.00489 -0.66016
   0.00326 -0.00671 -0.26265
   0.00467 -0.00852  0.06656
   0.00634 -0.01032  0.33377
   0.00826 -0.01212  0.54179
   0.01046 -0.01390  0.70178
   0.01293 -0.01565  0.82016
   0.01567 -0.01731  0.90330
   0.01867 -0.01886  0.95733
   0.02196 -0.02028  0.98744
   0.02556 -0.02157  0.99918
   0.02951 -0.02277  0.99815
   0.03386 -0.02389  0.98894
   0.03870 -0.02497  0.97501
   0.04411 -0.02606  0.95892
   0.05017 -0.02725  0.94164
   0.05695 -0.02869  0.92079
   0.06453 -0.03044  0.89215
   0.07298 -0.03243  0.85575
   0.08250 -0.03449  0.81612
   0.09348 -0.03654  0.78139
   0.10627 -0.03871  0.74522
   0.12056 -0.04106  0.69859
   0.13535 -0.04332  0.64896
   0.14996 -0.04525  0.60278
   0.16456 -0.04675  0.56970
   0.17980 -0.04792  0.54855
   0.19627 -0.04890  0.53255
   0.21418 -0.04987  0.51156
   0.23302 -0.05088  0.48227
   0.25193 -0.05182  0.45140
   0.27033 -0.05260  0.42176
   0.28804 -0.05317  0.39452
   0.30519 -0.05351  0.37214
   0.32207 -0.05359  0.35668
   0.33896 -0.05345  0.34624
   0.35611 -0.05311  0.33840
   0.37365 -0.05261  0.33281
   0.39167 -0.05196  0.32782
   0.41013 -0.05120  0.32289
   0.42885 -0.05036  0.31526
   0.44764 -0.04944  0.30791
   0.46635 -0.04845  0.30039
   0.48492 -0.04738  0.29424
   0.50337 -0.04622  0.28914
   0.52175 -0.04497  0.28575
   0.54016 -0.04363  0.28424
   0.55867 -0.04220  0.28342
   0.57733 -0.04071  0.28303
   0.59613 -0.03915  0.28315
   0.61506 -0.03755  0.28278
   0.63407 -0.03591  0.28251
   0.65312 -0.03424  0.28158
   0.67218 -0.03255  0.28139
   0.69121 -0.03084  0.28115
   0.71023 -0.02911  0.28103
   0.72922 -0.02736  0.28137
   0.74820 -0.02558  0.28204
   0.76717 -0.02379  0.28301
   0.78613 -0.02198  0.28508
   0.80508 -0.02014  0.28699
   0.82403 -0.01829  0.29108
   0.84297 -0.01641  0.29564
   0.86185 -0.01453  0.30070
   0.88066 -0.01266  0.30745
   0.89933 -0.01079  0.31550
   0.91778 -0.00896  0.32520
   0.93569 -0.00718  0.33758
   0.95249 -0.00551  0.35355
   0.96763 -0.00401  0.37514
   0.98103 -0.00268  0.40709
   0.99286 -0.00151  0.45489
   1.00000 -0.00080  0.62320
