                                                
 Alfa =  10.00000 Re =  4000000.000 Xflap,Yflap =     0.000000    0.000000
#    x        y        Cp  
   1.00000  0.00130  0.43831
   0.99379  0.00259  0.25386
   0.98356  0.00470  0.17713
   0.97201  0.00704  0.11456
   0.95897  0.00964  0.06182
   0.94448  0.01247  0.01335
   0.92893  0.01545 -0.03203
   0.91295  0.01843 -0.07246
   0.89696  0.02135 -0.11062
   0.88105  0.02417 -0.14397
   0.86515  0.02692 -0.17639
   0.84921  0.02961 -0.20572
   0.83319  0.03224 -0.23514
   0.81708  0.03483 -0.26267
   0.80087  0.03737 -0.29094
   0.78459  0.03985 -0.31768
   0.76826  0.04229 -0.34568
   0.75191  0.04467 -0.37250
   0.73557  0.04698 -0.40032
   0.71923  0.04923 -0.42696
   0.70293  0.05142 -0.45469
   0.68665  0.05353 -0.48236
   0.67039  0.05558 -0.51092
   0.65416  0.05755 -0.53859
   0.63794  0.05945 -0.56739
   0.62174  0.06128 -0.59629
   0.60554  0.06302 -0.62426
   0.58933  0.06469 -0.65253
   0.57310  0.06627 -0.67949
   0.55686  0.06777 -0.70734
   0.54059  0.06919 -0.73599
   0.52431  0.07053 -0.76518
   0.50801  0.07180 -0.79538
   0.49172  0.07300 -0.82859
   0.47545  0.07411 -0.86398
   0.45922  0.07513 -0.90047
   0.44302  0.07606 -0.93934
   0.42689  0.07688 -0.97914
   0.41081  0.07759 -1.01986
   0.39479  0.07818 -1.06227
   0.37884  0.07864 -1.10547
   0.36295  0.07897 -1.15039
   0.34713  0.07916 -1.19517
   0.33137  0.07920 -1.24113
   0.31567  0.07908 -1.28873
   0.30003  0.07880 -1.33535
   0.28443  0.07835 -1.38288
   0.26888  0.07771 -1.43059
   0.25338  0.07690 -1.48040
   0.23795  0.07591 -1.53346
   0.22259  0.07472 -1.58819
   0.20733  0.07334 -1.64724
   0.19217  0.07175 -1.71091
   0.17714  0.06996 -1.78005
   0.16226  0.06795 -1.85428
   0.14761  0.06572 -1.93937
   0.13324  0.06326 -2.03553
   0.11924  0.06057 -2.13931
   0.10569  0.05764 -2.24721
   0.09263  0.05446 -2.35124
   0.08021  0.05111 -2.46271
   0.06868  0.04769 -2.62657
   0.05831  0.04431 -2.82950
   0.04922  0.04100 -3.03198
   0.04135  0.03782 -3.23326
   0.03462  0.03480 -3.44574
   0.02888  0.03197 -3.66886
   0.02397  0.02932 -3.96596
   0.01974  0.02680 -4.34574
   0.01609  0.02432 -4.63289
   0.01295  0.02188 -4.80191
   0.01026  0.01950 -4.93505
   0.00799  0.01724 -5.08022
   0.00609  0.01509 -5.22101
   0.00450  0.01305 -5.38569
   0.00319  0.01111 -5.52678
   0.00212  0.00924 -5.64402
   0.00127  0.00744 -5.70469
   0.00064  0.00569 -5.70101
   0.00020  0.00399 -5.57113
  -0.00003  0.00231 -5.27878
  -0.00005  0.00066 -4.77902
   0.00014 -0.00099 -4.00021
   0.00056 -0.00263 -3.10940
   0.00120 -0.00429 -2.25119
   0.00206 -0.00596 -1.50451
   0.00315 -0.00767 -0.87534
   0.00449 -0.00942 -0.36437
   0.00611 -0.01121  0.04239
   0.00804 -0.01305  0.35680
   0.01034 -0.01494  0.59600
   0.01303 -0.01685  0.76980
   0.01614 -0.01872  0.88942
   0.01975 -0.02052  0.96134
   0.02391 -0.02228  0.99410
   0.02872 -0.02406  0.99928
   0.03431 -0.02592  0.98531
   0.04083 -0.02782  0.95664
   0.04843 -0.02974  0.91708
   0.05719 -0.03162  0.87032
   0.06721 -0.03342  0.82077
   0.07850 -0.03508  0.77175
   0.09108 -0.03659  0.72529
   0.10483 -0.03795  0.68140
   0.11942 -0.03916  0.63880
   0.13442 -0.04018  0.60014
   0.14957 -0.04098  0.56638
   0.16482 -0.04158  0.53724
   0.18028 -0.04200  0.51208
   0.19598 -0.04226  0.49022
   0.21190 -0.04238  0.47017
   0.22793 -0.04238  0.45231
   0.24405 -0.04227  0.43660
   0.26025 -0.04205  0.42289
   0.27657 -0.04175  0.41106
   0.29303 -0.04137  0.40052
   0.30961 -0.04095  0.38952
   0.32626 -0.04049  0.37846
   0.34294 -0.03999  0.36813
   0.35961 -0.03946  0.35767
   0.37626 -0.03888  0.34811
   0.39288 -0.03827  0.33917
   0.40946 -0.03762  0.33069
   0.42601 -0.03694  0.32277
   0.44256 -0.03621  0.31531
   0.45910 -0.03545  0.30849
   0.47565 -0.03465  0.30217
   0.49222 -0.03381  0.29677
   0.50880 -0.03293  0.29152
   0.52542 -0.03201  0.28741
   0.54207 -0.03106  0.28352
   0.55876 -0.03009  0.28020
   0.57548 -0.02909  0.27715
   0.59223 -0.02807  0.27389
   0.60901 -0.02705  0.27084
   0.62580 -0.02602  0.26793
   0.64261 -0.02498  0.26413
   0.65942 -0.02393  0.26135
   0.67622 -0.02289  0.25803
   0.69303 -0.02184  0.25516
   0.70984 -0.02078  0.25168
   0.72664 -0.01973  0.24860
   0.74344 -0.01866  0.24520
   0.76024 -0.01759  0.24252
   0.77701 -0.01651  0.23981
   0.79375 -0.01541  0.23787
   0.81044 -0.01430  0.23659
   0.82707 -0.01318  0.23616
   0.84364 -0.01206  0.23621
   0.86016 -0.01093  0.23676
   0.87666 -0.00979  0.23789
   0.89319 -0.00866  0.23940
   0.90980 -0.00753  0.24074
   0.92645 -0.00641  0.24329
   0.94266 -0.00530  0.24751
   0.95777 -0.00427  0.25578
   0.97128 -0.00333  0.26703
   0.98318 -0.00249  0.28781
   0.99367 -0.00175  0.32044
   1.00000 -0.00130  0.43831
