                                                
 Alfa =  10.00000 Re =  4000000.000 Xflap,Yflap =     0.000000    0.000000
#    x        y        Cp  
   1.00000  0.00000  0.38136
   0.99531  0.00097  0.22352
   0.98752  0.00258  0.14757
   0.97857  0.00441  0.11224
   0.96814  0.00652  0.05593
   0.95593  0.00897  0.01937
   0.94229  0.01167 -0.02615
   0.92898  0.01427 -0.06025
   0.91568  0.01684 -0.09373
   0.90195  0.01945 -0.12178
   0.88804  0.02206 -0.15934
   0.87441  0.02459 -0.18588
   0.86092  0.02706 -0.20727
   0.84742  0.02950 -0.23312
   0.83382  0.03194 -0.26993
   0.82005  0.03437 -0.28670
   0.80611  0.03680 -0.32202
   0.79201  0.03923 -0.35070
   0.77794  0.04163 -0.37781
   0.76392  0.04398 -0.41740
   0.74989  0.04629 -0.43335
   0.73584  0.04855 -0.48232
   0.72172  0.05077 -0.50039
   0.70755  0.05293 -0.54207
   0.69339  0.05503 -0.57519
   0.67925  0.05704 -0.60426
   0.66512  0.05898 -0.63086
   0.65099  0.06083 -0.67401
   0.63684  0.06260 -0.70150
   0.62268  0.06428 -0.73226
   0.60850  0.06586 -0.76676
   0.59429  0.06734 -0.79295
   0.58006  0.06872 -0.81951
   0.56582  0.07000 -0.85125
   0.55156  0.07117 -0.87397
   0.53730  0.07225 -0.90157
   0.52304  0.07323 -0.92926
   0.50876  0.07412 -0.95890
   0.49449  0.07491 -0.98276
   0.48020  0.07561 -1.01459
   0.46592  0.07622 -1.04754
   0.45163  0.07672 -1.07744
   0.43734  0.07712 -1.11676
   0.42304  0.07740 -1.14613
   0.40875  0.07757 -1.18149
   0.39447  0.07762 -1.22068
   0.38020  0.07754 -1.25153
   0.36596  0.07733 -1.29428
   0.35173  0.07697 -1.33315
   0.33752  0.07645 -1.36810
   0.32333  0.07578 -1.40653
   0.30914  0.07494 -1.44459
   0.29495  0.07391 -1.48103
   0.28074  0.07270 -1.50725
   0.26651  0.07128 -1.54073
   0.25227  0.06968 -1.56393
   0.23802  0.06787 -1.59603
   0.22381  0.06587 -1.62323
   0.20964  0.06367 -1.65168
   0.19558  0.06129 -1.67752
   0.18167  0.05872 -1.70921
   0.16790  0.05597 -1.73751
   0.15420  0.05301 -1.76494
   0.14038  0.04978 -1.77307
   0.12673  0.04638 -1.77045
   0.11334  0.04296 -1.79433
   0.09978  0.03948 -1.88720
   0.08641  0.03603 -2.18894
   0.07372  0.03226 -2.45991
   0.06112  0.02763 -2.30780
   0.04890  0.02283 -2.23098
   0.03843  0.01887 -2.59856
   0.03033  0.01565 -3.08097
   0.02158  0.01161 -3.22569
   0.01336  0.00762 -3.39864
   0.00712  0.00496 -5.71984
   0.00413  0.00358 -8.67748
   0.00223  0.00254-13.09713
   0.00099  0.00165-20.92936
   0.00026  0.00085-36.42490
  -0.00000  0.00010-54.10183
   0.00021 -0.00063-31.36913
   0.00090 -0.00137-12.58411
   0.00210 -0.00214 -5.27905
   0.00394 -0.00300 -1.96539
   0.00682 -0.00405 -0.30067
   0.01254 -0.00580  0.60650
   0.02134 -0.00848  0.90864
   0.03072 -0.01131  0.99013
   0.03939 -0.01372  0.99853
   0.05030 -0.01644  0.97092
   0.06317 -0.01914  0.91861
   0.07637 -0.02143  0.86161
   0.08986 -0.02342  0.80105
   0.10358 -0.02501  0.74287
   0.11778 -0.02613  0.69745
   0.13200 -0.02685  0.66174
   0.14627 -0.02733  0.63274
   0.16058 -0.02774  0.60108
   0.17482 -0.02807  0.56440
   0.18900 -0.02824  0.53008
   0.20314 -0.02817  0.49916
   0.21728 -0.02780  0.48082
   0.23142 -0.02715  0.46380
   0.24557 -0.02626  0.45691
   0.25975 -0.02517  0.45073
   0.27396 -0.02390  0.44707
   0.28819 -0.02250  0.45100
   0.30243 -0.02100  0.44973
   0.31667 -0.01944  0.45546
   0.33091 -0.01784  0.45941
   0.34514 -0.01626  0.46312
   0.35935 -0.01470  0.46747
   0.37355 -0.01321  0.47017
   0.38774 -0.01181  0.47547
   0.40194 -0.01054  0.47341
   0.41615 -0.00941  0.46920
   0.43037 -0.00840  0.46545
   0.44462 -0.00751  0.45758
   0.45890 -0.00669  0.44838
   0.47320 -0.00594  0.44256
   0.48752 -0.00524  0.43215
   0.50186 -0.00456  0.42822
   0.51620 -0.00389  0.42235
   0.53054 -0.00324  0.41804
   0.54489 -0.00261  0.41732
   0.55922 -0.00202  0.41357
   0.57355 -0.00147  0.40923
   0.58787 -0.00098  0.40546
   0.60217 -0.00056  0.40506
   0.61647 -0.00021  0.39485
   0.63075  0.00008  0.38968
   0.64503  0.00032  0.38340
   0.65931  0.00051  0.37563
   0.67360  0.00067  0.36484
   0.68791  0.00081  0.36219
   0.70225  0.00093  0.35344
   0.71658  0.00104  0.34583
   0.73085  0.00114  0.34615
   0.74508  0.00123  0.33544
   0.75928  0.00129  0.33091
   0.77347  0.00134  0.33201
   0.78771  0.00135  0.32154
   0.80202  0.00134  0.31935
   0.81624  0.00129  0.30976
   0.83026  0.00121  0.30636
   0.84412  0.00112  0.29501
   0.85785  0.00102  0.29103
   0.87156  0.00090  0.28494
   0.88537  0.00079  0.27523
   0.89946  0.00067  0.26729
   0.91352  0.00057  0.27199
   0.92711  0.00048  0.25564
   0.94060  0.00039  0.26194
   0.95452  0.00030  0.25768
   0.96720  0.00022  0.25914
   0.97799  0.00015  0.26122
   0.98721  0.00009  0.26327
   0.99521  0.00003  0.28775
   1.00000  0.00000  0.38136
