                                                
 Alfa =  10.00000 Re =  4000000.000 Xflap,Yflap =     0.000000    0.000000
#    x        y        Cp  
   1.00000  0.00250  0.29416
   0.99410  0.00327  0.21348
   0.98438  0.00461  0.17914
   0.97346  0.00624  0.15042
   0.96115  0.00823  0.11856
   0.94745  0.01063  0.08071
   0.93274  0.01340  0.02492
   0.91759  0.01636 -0.03417
   0.90246  0.01927 -0.09349
   0.88745  0.02202 -0.13227
   0.87244  0.02462 -0.15942
   0.85736  0.02711 -0.17996
   0.84212  0.02955 -0.19520
   0.82669  0.03198 -0.21190
   0.81109  0.03442 -0.22765
   0.79537  0.03692 -0.24943
   0.77960  0.03948 -0.28303
   0.76387  0.04205 -0.31894
   0.74823  0.04459 -0.35808
   0.73270  0.04706 -0.39756
   0.71726  0.04943 -0.43382
   0.70189  0.05167 -0.46682
   0.68654  0.05377 -0.48661
   0.67115  0.05575 -0.49994
   0.65567  0.05765 -0.50968
   0.64011  0.05951 -0.51885
   0.62445  0.06137 -0.52896
   0.60873  0.06325 -0.54424
   0.59298  0.06519 -0.57130
   0.57728  0.06718 -0.61172
   0.56165  0.06920 -0.65958
   0.54612  0.07118 -0.71088
   0.53069  0.07310 -0.76472
   0.51533  0.07491 -0.81882
   0.50000  0.07659 -0.86825
   0.48464  0.07812 -0.90664
   0.46920  0.07950 -0.93926
   0.45366  0.08074 -0.96891
   0.43798  0.08188 -0.99741
   0.42218  0.08291 -1.02824
   0.40630  0.08386 -1.06065
   0.39039  0.08473 -1.10197
   0.37453  0.08553 -1.15161
   0.35877  0.08622 -1.20658
   0.34312  0.08681 -1.26457
   0.32759  0.08727 -1.32743
   0.31214  0.08759 -1.39426
   0.29672  0.08777 -1.46584
   0.28126  0.08777 -1.54583
   0.26573  0.08757 -1.63006
   0.25015  0.08713 -1.71894
   0.23463  0.08643 -1.80920
   0.21932  0.08545 -1.89994
   0.20444  0.08418 -1.98919
   0.19017  0.08264 -2.08189
   0.17661  0.08085 -2.17092
   0.16357  0.07875 -2.24137
   0.15070  0.07627 -2.27828
   0.13740  0.07323 -2.21787
   0.12313  0.06963 -2.13384
   0.10848  0.06587 -2.12112
   0.09547  0.06273 -2.39644
   0.08493  0.06016 -2.97271
   0.07603  0.05744 -3.40981
   0.06778  0.05404 -3.23899
   0.05929  0.04980 -2.78006
   0.05034  0.04515 -2.47832
   0.04193  0.04105 -2.78582
   0.03489  0.03758 -3.28703
   0.02899  0.03433 -3.75931
   0.02386  0.03095 -4.01597
   0.01914  0.02718 -3.76586
   0.01476  0.02317 -3.45356
   0.01101  0.01954 -3.48719
   0.00801  0.01650 -3.83354
   0.00570  0.01395 -4.22306
   0.00389  0.01171 -4.63923
   0.00249  0.00970 -5.06481
   0.00141  0.00785 -5.46747
   0.00063  0.00611 -5.79090
   0.00010  0.00446 -5.97603
  -0.00017  0.00288 -5.88173
  -0.00020  0.00135 -5.40540
   0.00004 -0.00015 -4.48601
   0.00054 -0.00164 -3.26694
   0.00132 -0.00312 -2.13453
   0.00235 -0.00460 -1.22434
   0.00366 -0.00607 -0.52084
   0.00527 -0.00752  0.00716
   0.00720 -0.00894  0.39270
   0.00951 -0.01030  0.66654
   0.01225 -0.01151  0.85107
   0.01547 -0.01243  0.95949
   0.01934 -0.01296  0.99819
   0.02415 -0.01317  0.99484
   0.03028 -0.01336  0.97421
   0.03803 -0.01371  0.93910
   0.04712 -0.01404  0.89129
   0.05714 -0.01403  0.84662
   0.06861 -0.01359  0.81468
   0.08219 -0.01298  0.78283
   0.09719 -0.01240  0.74441
   0.11249 -0.01175  0.71364
   0.12796 -0.01101  0.69026
   0.14358 -0.01027  0.67068
   0.15935 -0.00958  0.65198
   0.17523 -0.00897  0.63316
   0.19117 -0.00843  0.61488
   0.20716 -0.00796  0.59732
   0.22319 -0.00753  0.58025
   0.23925 -0.00715  0.56402
   0.25535 -0.00678  0.54840
   0.27146 -0.00642  0.53366
   0.28758 -0.00604  0.52013
   0.30369 -0.00565  0.50859
   0.31977 -0.00522  0.49956
   0.33581 -0.00479  0.49174
   0.35179 -0.00436  0.48508
   0.36773 -0.00397  0.47896
   0.38364 -0.00362  0.47227
   0.39952 -0.00333  0.46524
   0.41540 -0.00312  0.45628
   0.43130 -0.00297  0.44543
   0.44725 -0.00288  0.43467
   0.46325 -0.00282  0.42337
   0.47932 -0.00277  0.41241
   0.49544 -0.00272  0.40197
   0.51161 -0.00265  0.39318
   0.52783 -0.00256  0.38579
   0.54406 -0.00245  0.37922
   0.56031 -0.00234  0.37337
   0.57655 -0.00223  0.36819
   0.59279 -0.00212  0.36229
   0.60900 -0.00203  0.35728
   0.62517 -0.00196  0.35202
   0.64131 -0.00191  0.34693
   0.65741 -0.00190  0.34131
   0.67348 -0.00192  0.33492
   0.68952 -0.00199  0.32896
   0.70554 -0.00211  0.32003
   0.72156 -0.00227  0.30982
   0.73759 -0.00247  0.29862
   0.75362 -0.00267  0.28778
   0.76966 -0.00286  0.27633
   0.78569 -0.00303  0.26594
   0.80167 -0.00315  0.25689
   0.81760 -0.00321  0.25204
   0.83345 -0.00322  0.24715
   0.84923 -0.00320  0.24477
   0.86498 -0.00317  0.24153
   0.88076 -0.00314  0.23792
   0.89667 -0.00312  0.23456
   0.91280 -0.00313  0.22604
   0.92906 -0.00314  0.21734
   0.94499 -0.00313  0.20944
   0.95973 -0.00305  0.20811
   0.97276 -0.00293  0.20911
   0.98411 -0.00278  0.21761
   0.99403 -0.00261  0.23708
   1.00000 -0.00250  0.29416
