                                                
 Alfa =  10.00000 Re =  4000000.000 Xflap,Yflap =     0.000000    0.000000
#    x        y        Cp  
   1.00000  0.00000  0.63182
   0.99265  0.00238  0.49153
   0.98148  0.00644  0.37763
   0.96931  0.01110  0.27164
   0.95585  0.01622  0.18902
   0.94123  0.02169  0.10823
   0.92559  0.02739  0.03898
   0.90905  0.03325 -0.02601
   0.89183  0.03918 -0.08928
   0.87405  0.04512 -0.14447
   0.85579  0.05104 -0.19767
   0.83716  0.05694 -0.24873
   0.81824  0.06281 -0.30066
   0.79914  0.06863 -0.35417
   0.77996  0.07437 -0.41266
   0.76077  0.08000 -0.47250
   0.74162  0.08548 -0.53425
   0.72252  0.09081 -0.59688
   0.70348  0.09596 -0.66036
   0.68452  0.10092 -0.72533
   0.66564  0.10568 -0.79177
   0.64683  0.11023 -0.85691
   0.62807  0.11455 -0.92324
   0.60939  0.11866 -0.99151
   0.59079  0.12252 -1.06122
   0.57225  0.12614 -1.12798
   0.55379  0.12951 -1.20092
   0.53546  0.13262 -1.27651
   0.51723  0.13543 -1.34852
   0.49909  0.13796 -1.41882
   0.48103  0.14019 -1.48910
   0.46304  0.14212 -1.55727
   0.44512  0.14375 -1.62407
   0.42727  0.14507 -1.69171
   0.40952  0.14608 -1.76087
   0.39189  0.14678 -1.83027
   0.37440  0.14716 -1.90165
   0.35706  0.14721 -1.97206
   0.33989  0.14692 -2.04185
   0.32291  0.14628 -2.10961
   0.30612  0.14529 -2.17598
   0.28954  0.14393 -2.23792
   0.27318  0.14222 -2.29863
   0.25706  0.14015 -2.35674
   0.24121  0.13771 -2.41028
   0.22564  0.13490 -2.45783
   0.21038  0.13172 -2.49687
   0.19543  0.12819 -2.52888
   0.18085  0.12433 -2.56065
   0.16670  0.12016 -2.58340
   0.15301  0.11570 -2.59629
   0.13984  0.11101 -2.60950
   0.12729  0.10614 -2.62623
   0.11541  0.10115 -2.63998
   0.10427  0.09610 -2.65257
   0.09390  0.09104 -2.65870
   0.08431  0.08602 -2.66603
   0.07551  0.08111 -2.67571
   0.06747  0.07632 -2.68660
   0.06016  0.07170 -2.69837
   0.05353  0.06725 -2.71272
   0.04752  0.06298 -2.72661
   0.04208  0.05888 -2.74676
   0.03715  0.05495 -2.76523
   0.03269  0.05117 -2.79816
   0.02866  0.04755 -2.81755
   0.02501  0.04404 -2.82829
   0.02172  0.04066 -2.82714
   0.01873  0.03738 -2.81347
   0.01603  0.03421 -2.80485
   0.01359  0.03113 -2.79351
   0.01138  0.02814 -2.77493
   0.00939  0.02524 -2.75978
   0.00761  0.02242 -2.74763
   0.00603  0.01968 -2.72631
   0.00464  0.01700 -2.69975
   0.00342  0.01437 -2.68671
   0.00237  0.01180 -2.65515
   0.00151  0.00927 -2.61004
   0.00084  0.00680 -2.52762
   0.00037  0.00441 -2.43057
   0.00008  0.00210 -2.27646
   0.00000 -0.00017 -2.05912
   0.00012 -0.00245 -1.74716
   0.00046 -0.00476 -1.39527
   0.00102 -0.00712 -1.03414
   0.00182 -0.00951 -0.65941
   0.00286 -0.01192 -0.31468
   0.00412 -0.01433 -0.02007
   0.00557 -0.01674  0.22029
   0.00723 -0.01915  0.41532
   0.00910 -0.02156  0.57521
   0.01117 -0.02400  0.69941
   0.01345 -0.02644  0.79750
   0.01597 -0.02888  0.87344
   0.01874 -0.03131  0.92955
   0.02177 -0.03373  0.96793
   0.02509 -0.03614  0.99057
   0.02872 -0.03852  0.99963
   0.03269 -0.04088  0.99711
   0.03703 -0.04322  0.98511
   0.04177 -0.04554  0.96553
   0.04695 -0.04784  0.93999
   0.05262 -0.05012  0.91001
   0.05883 -0.05239  0.87654
   0.06565 -0.05465  0.84057
   0.07315 -0.05690  0.80283
   0.08140 -0.05913  0.76366
   0.09048 -0.06133  0.72417
   0.10048 -0.06348  0.68512
   0.11145 -0.06558  0.64639
   0.12347 -0.06760  0.60911
   0.13655 -0.06954  0.57265
   0.15066 -0.07137  0.53737
   0.16575 -0.07307  0.50302
   0.18169 -0.07461  0.47042
   0.19837 -0.07597  0.43992
   0.21568 -0.07712  0.41151
   0.23349 -0.07808  0.38539
   0.25171 -0.07882  0.36098
   0.27023 -0.07936  0.33820
   0.28899 -0.07968  0.31791
   0.30796 -0.07979  0.29979
   0.32709 -0.07970  0.28299
   0.34635 -0.07942  0.26794
   0.36572 -0.07896  0.25496
   0.38517 -0.07831  0.24213
   0.40466 -0.07750  0.23009
   0.42416 -0.07651  0.21990
   0.44367 -0.07535  0.21017
   0.46316 -0.07401  0.20186
   0.48264 -0.07248  0.19581
   0.50215 -0.07076  0.19249
   0.52170 -0.06886  0.19104
   0.54132 -0.06677  0.19096
   0.56100 -0.06452  0.19244
   0.58077 -0.06210  0.19584
   0.60064 -0.05951  0.20071
   0.62062 -0.05677  0.20692
   0.64072 -0.05390  0.21467
   0.66098 -0.05089  0.22381
   0.68139 -0.04778  0.23310
   0.70195 -0.04458  0.24344
   0.72263 -0.04132  0.25399
   0.74337 -0.03804  0.26361
   0.76410 -0.03475  0.27408
   0.78473 -0.03148  0.28519
   0.80522 -0.02828  0.29521
   0.82552 -0.02516  0.30490
   0.84557 -0.02215  0.31395
   0.86534 -0.01928  0.31901
   0.88475 -0.01652  0.32205
   0.90350 -0.01382  0.32914
   0.92139 -0.01117  0.34351
   0.93823 -0.00858  0.36725
   0.95382 -0.00613  0.40027
   0.96801 -0.00394  0.43399
   0.98077 -0.00202  0.48930
   0.99238 -0.00056  0.56212
   1.00000  0.00000  0.63182
