                                                
 Alfa =  10.00000 Re =  4000000.000 Xflap,Yflap =     0.000000    0.000000
#    x        y        Cp  
   1.00000  0.00000  0.31713
   0.99423  0.00126  0.22496
   0.98332  0.00385  0.10305
   0.97071  0.00685 -0.00210
   0.95751  0.00977 -0.06525
   0.94389  0.01256 -0.10612
   0.92993  0.01526 -0.13509
   0.91576  0.01789 -0.16386
   0.90151  0.02046 -0.19147
   0.88722  0.02296 -0.21834
   0.87290  0.02541 -0.24552
   0.85855  0.02781 -0.27020
   0.84418  0.03016 -0.29636
   0.82982  0.03245 -0.32138
   0.81545  0.03469 -0.34671
   0.80107  0.03687 -0.36993
   0.78667  0.03900 -0.39340
   0.77227  0.04108 -0.41879
   0.75786  0.04310 -0.44072
   0.74345  0.04507 -0.46591
   0.72904  0.04699 -0.48821
   0.71461  0.04884 -0.51202
   0.70017  0.05065 -0.53502
   0.68573  0.05240 -0.55899
   0.67129  0.05409 -0.58389
   0.65686  0.05572 -0.60743
   0.64243  0.05729 -0.63238
   0.62799  0.05880 -0.65513
   0.61355  0.06025 -0.68051
   0.59909  0.06163 -0.70477
   0.58464  0.06295 -0.72928
   0.57019  0.06421 -0.75658
   0.55575  0.06539 -0.78166
   0.54131  0.06651 -0.80876
   0.52688  0.06755 -0.83394
   0.51244  0.06852 -0.86234
   0.49800  0.06942 -0.88818
   0.48356  0.07024 -0.91662
   0.46913  0.07098 -0.94566
   0.45470  0.07164 -0.97484
   0.44028  0.07222 -1.00454
   0.42587  0.07271 -1.03524
   0.41146  0.07311 -1.06747
   0.39707  0.07342 -1.09905
   0.38269  0.07364 -1.13251
   0.36831  0.07376 -1.16644
   0.35395  0.07378 -1.20218
   0.33961  0.07369 -1.23969
   0.32528  0.07350 -1.27711
   0.31098  0.07319 -1.31728
   0.29670  0.07277 -1.35820
   0.28244  0.07222 -1.40090
   0.26821  0.07155 -1.44607
   0.25401  0.07075 -1.49425
   0.23985  0.06981 -1.54495
   0.22574  0.06873 -1.59913
   0.21168  0.06749 -1.65539
   0.19767  0.06609 -1.71647
   0.18372  0.06451 -1.78199
   0.16985  0.06276 -1.85496
   0.15609  0.06082 -1.93384
   0.14244  0.05867 -2.01929
   0.12890  0.05630 -2.11402
   0.11551  0.05369 -2.21877
   0.10234  0.05083 -2.34044
   0.08942  0.04771 -2.47713
   0.07673  0.04428 -2.64108
   0.06439  0.04053 -2.83112
   0.05282  0.03655 -3.06464
   0.04215  0.03238 -3.33294
   0.03211  0.02785 -3.66777
   0.02363  0.02341 -4.06406
   0.01751  0.01971 -4.55570
   0.01290  0.01646 -4.99505
   0.00908  0.01329 -5.33723
   0.00598  0.01028 -5.65200
   0.00372  0.00780 -6.30335
   0.00212  0.00582 -7.84954
   0.00104  0.00414 -9.48373
   0.00038  0.00258-10.74662
   0.00008  0.00108-10.75180
   0.00014 -0.00047 -8.73083
   0.00055 -0.00207 -6.49120
   0.00134 -0.00373 -4.56553
   0.00256 -0.00538 -2.84429
   0.00432 -0.00697 -1.25759
   0.00682 -0.00850 -0.11007
   0.01028 -0.01010  0.51932
   0.01489 -0.01204  0.79522
   0.02084 -0.01429  0.93863
   0.02813 -0.01656  0.99546
   0.03723 -0.01877  0.99274
   0.04856 -0.02101  0.95501
   0.06112 -0.02306  0.90276
   0.07393 -0.02474  0.85053
   0.08715 -0.02615  0.80183
   0.10084 -0.02732  0.75687
   0.11474 -0.02828  0.71641
   0.12872 -0.02904  0.68054
   0.14279 -0.02963  0.64868
   0.15697 -0.03007  0.62026
   0.17123 -0.03038  0.59459
   0.18554 -0.03057  0.57126
   0.19989 -0.03064  0.55055
   0.21427 -0.03062  0.53197
   0.22870 -0.03051  0.51516
   0.24317 -0.03031  0.49988
   0.25766 -0.03005  0.48551
   0.27217 -0.02972  0.47276
   0.28669 -0.02933  0.46058
   0.30122 -0.02887  0.44993
   0.31578 -0.02837  0.43994
   0.33035 -0.02781  0.43093
   0.34495 -0.02721  0.42279
   0.35955 -0.02657  0.41507
   0.37416 -0.02590  0.40720
   0.38877 -0.02519  0.40085
   0.40339 -0.02445  0.39474
   0.41802 -0.02368  0.38912
   0.43266 -0.02287  0.38412
   0.44731 -0.02205  0.37908
   0.46197 -0.02121  0.37471
   0.47664 -0.02034  0.37093
   0.49131 -0.01946  0.36704
   0.50599 -0.01857  0.36331
   0.52068 -0.01766  0.36057
   0.53537 -0.01674  0.35740
   0.55007 -0.01581  0.35514
   0.56479 -0.01487  0.35259
   0.57950 -0.01393  0.35006
   0.59422 -0.01299  0.34854
   0.60894 -0.01204  0.34690
   0.62366 -0.01110  0.34502
   0.63836 -0.01016  0.34406
   0.65306 -0.00922  0.34335
   0.66775 -0.00829  0.34208
   0.68244 -0.00738  0.34139
   0.69713 -0.00648  0.34060
   0.71181 -0.00558  0.34026
   0.72647 -0.00471  0.34078
   0.74112 -0.00386  0.34067
   0.75575 -0.00303  0.34116
   0.77038 -0.00223  0.34160
   0.78499 -0.00146  0.34207
   0.79960 -0.00073  0.34271
   0.81419 -0.00003  0.34383
   0.82876  0.00062  0.34489
   0.84329  0.00122  0.34708
   0.85780  0.00175  0.34868
   0.87227  0.00223  0.34963
   0.88671  0.00262  0.35292
   0.90109  0.00293  0.35517
   0.91539  0.00312  0.35834
   0.92955  0.00319  0.36070
   0.94354  0.00309  0.36347
   0.95730  0.00279  0.36186
   0.97065  0.00227  0.35856
   0.98320  0.00151  0.35199
   0.99413  0.00060  0.34971
   1.00000  0.00000  0.31713
