                                                
 Alfa =  10.00000 Re =  4000000.000 Xflap,Yflap =     0.000000    0.000000
#    x        y        Cp  
   1.00000  0.00000  0.20394
   0.99468  0.00035  0.14651
   0.98588  0.00094  0.12136
   0.97589  0.00165  0.09394
   0.96451  0.00250  0.07068
   0.95165  0.00351  0.05174
   0.93788  0.00466  0.03032
   0.92431  0.00585  0.00850
   0.91063  0.00709 -0.01394
   0.89672  0.00840 -0.03451
   0.88291  0.00973 -0.05494
   0.86912  0.01108 -0.07527
   0.85524  0.01246 -0.09727
   0.84127  0.01386 -0.11728
   0.82731  0.01527 -0.13798
   0.81334  0.01668 -0.15863
   0.79936  0.01810 -0.18038
   0.78539  0.01951 -0.20079
   0.77143  0.02091 -0.22230
   0.75748  0.02230 -0.24399
   0.74354  0.02367 -0.26349
   0.72959  0.02501 -0.28519
   0.71564  0.02633 -0.30361
   0.70170  0.02763 -0.32507
   0.68775  0.02890 -0.34522
   0.67380  0.03015 -0.36708
   0.65986  0.03136 -0.38823
   0.64592  0.03254 -0.40828
   0.63199  0.03369 -0.43143
   0.61807  0.03480 -0.45228
   0.60414  0.03587 -0.47552
   0.59022  0.03689 -0.49472
   0.57630  0.03787 -0.51956
   0.56237  0.03880 -0.53994
   0.54844  0.03969 -0.56298
   0.53452  0.04053 -0.58777
   0.52061  0.04131 -0.61154
   0.50671  0.04203 -0.63530
   0.49282  0.04269 -0.65952
   0.47892  0.04329 -0.68336
   0.46501  0.04381 -0.70656
   0.45110  0.04428 -0.73108
   0.43721  0.04467 -0.76023
   0.42336  0.04498 -0.78651
   0.40956  0.04519 -0.81527
   0.39577  0.04530 -0.83591
   0.38196  0.04529 -0.85178
   0.36811  0.04519 -0.86379
   0.35421  0.04501 -0.87753
   0.34028  0.04477 -0.89617
   0.32634  0.04447 -0.91989
   0.31243  0.04410 -0.94362
   0.29854  0.04366 -0.96907
   0.28467  0.04315 -0.99563
   0.27080  0.04256 -1.02145
   0.25693  0.04190 -1.04987
   0.24306  0.04116 -1.08020
   0.22919  0.04035 -1.11515
   0.21534  0.03946 -1.15135
   0.20151  0.03849 -1.19243
   0.18769  0.03743 -1.23703
   0.17388  0.03629 -1.28668
   0.16008  0.03506 -1.34288
   0.14631  0.03373 -1.40633
   0.13259  0.03229 -1.48274
   0.11893  0.03074 -1.56901
   0.10532  0.02907 -1.67238
   0.09173  0.02726 -1.79930
   0.07820  0.02528 -1.96092
   0.06488  0.02313 -2.17747
   0.05190  0.02078 -2.46387
   0.03903  0.01810 -2.86002
   0.02668  0.01512 -3.49797
   0.01649  0.01219 -4.93286
   0.00989  0.00960 -6.40862
   0.00587  0.00755 -8.86694
   0.00327  0.00569-11.22307
   0.00161  0.00398-13.13138
   0.00060  0.00244-15.46456
   0.00008  0.00102-17.37672
   0.00003 -0.00034-15.68293
   0.00046 -0.00170 -9.96283
   0.00137 -0.00310 -5.41503
   0.00287 -0.00462 -2.50643
   0.00525 -0.00630 -0.71685
   0.00884 -0.00802  0.36394
   0.01464 -0.01007  0.83323
   0.02410 -0.01244  0.99195
   0.03619 -0.01481  0.98735
   0.04917 -0.01697  0.93941
   0.06235 -0.01884  0.88505
   0.07580 -0.02051  0.83312
   0.08944 -0.02204  0.78466
   0.10313 -0.02342  0.74081
   0.11684 -0.02468  0.70116
   0.13059 -0.02583  0.66531
   0.14440 -0.02689  0.63272
   0.15824 -0.02787  0.60249
   0.17212 -0.02878  0.57413
   0.18599 -0.02961  0.54815
   0.19987 -0.03036  0.52375
   0.21376 -0.03105  0.50129
   0.22766 -0.03167  0.48017
   0.24158 -0.03224  0.46024
   0.25551 -0.03274  0.44138
   0.26943 -0.03319  0.42281
   0.28335 -0.03359  0.40554
   0.29726 -0.03392  0.38905
   0.31117 -0.03419  0.37364
   0.32511 -0.03440  0.35907
   0.33907 -0.03455  0.34584
   0.35303 -0.03466  0.33159
   0.36697 -0.03472  0.31644
   0.38086 -0.03471  0.30163
   0.39470 -0.03462  0.28816
   0.40852 -0.03444  0.27837
   0.42235 -0.03415  0.27095
   0.43622 -0.03379  0.26434
   0.45013 -0.03335  0.25938
   0.46407 -0.03285  0.25396
   0.47800 -0.03230  0.24775
   0.49193 -0.03170  0.24348
   0.50586 -0.03104  0.23854
   0.51978 -0.03032  0.23556
   0.53372 -0.02957  0.23234
   0.54767 -0.02877  0.23022
   0.56162 -0.02792  0.22769
   0.57559 -0.02705  0.22533
   0.58955 -0.02614  0.22333
   0.60351 -0.02520  0.22209
   0.61748 -0.02424  0.21984
   0.63144 -0.02324  0.22006
   0.64541 -0.02222  0.21889
   0.65939 -0.02118  0.21761
   0.67337 -0.02011  0.21856
   0.68735 -0.01903  0.21868
   0.70134 -0.01793  0.21853
   0.71534 -0.01682  0.21912
   0.72935 -0.01571  0.22069
   0.74336 -0.01458  0.22116
   0.75738 -0.01345  0.22234
   0.77139 -0.01233  0.22400
   0.78539 -0.01121  0.22606
   0.79938 -0.01010  0.22725
   0.81337 -0.00900  0.23039
   0.82737 -0.00792  0.23248
   0.84135 -0.00687  0.23440
   0.85529 -0.00586  0.23743
   0.86915 -0.00490  0.23944
   0.88294 -0.00398  0.23956
   0.89675 -0.00311  0.24257
   0.91070 -0.00228  0.24524
   0.92453 -0.00154  0.25128
   0.93831 -0.00091  0.25278
   0.95206 -0.00041  0.25353
   0.96472 -0.00011  0.24410
   0.97597  0.00005  0.23810
   0.98589  0.00009  0.22968
   0.99467  0.00005  0.21934
   1.00000  0.00000  0.20394
