                                                
 Alfa =  10.00000 Re =  4000000.000 Xflap,Yflap =     0.000000    0.000000
#    x        y        Cp  
   1.00000  0.00200  0.32457
   0.99429  0.00344  0.15720
   0.98483  0.00580  0.08478
   0.97407  0.00843  0.02245
   0.96177  0.01138 -0.03105
   0.94787  0.01464 -0.08304
   0.93275  0.01811 -0.13178
   0.91714  0.02158 -0.17663
   0.90165  0.02495 -0.21753
   0.88641  0.02817 -0.25748
   0.87135  0.03127 -0.29420
   0.85637  0.03426 -0.32996
   0.84140  0.03715 -0.36508
   0.82637  0.03995 -0.39641
   0.81123  0.04266 -0.42609
   0.79596  0.04528 -0.45347
   0.78053  0.04781 -0.47475
   0.76493  0.05027 -0.49345
   0.74917  0.05268 -0.51305
   0.73329  0.05504 -0.53175
   0.71733  0.05738 -0.55278
   0.70136  0.05970 -0.57768
   0.68546  0.06201 -0.61416
   0.66970  0.06428 -0.65491
   0.65413  0.06646 -0.69962
   0.63873  0.06854 -0.74299
   0.62349  0.07049 -0.78492
   0.60834  0.07228 -0.82401
   0.59323  0.07391 -0.85182
   0.57805  0.07538 -0.86781
   0.56275  0.07672 -0.88030
   0.54729  0.07798 -0.89013
   0.53164  0.07917 -0.90099
   0.51583  0.08034 -0.91649
   0.49991  0.08151 -0.94053
   0.48398  0.08269 -0.98389
   0.46814  0.08386 -1.03803
   0.45245  0.08497 -1.09785
   0.43693  0.08597 -1.16168
   0.42161  0.08685 -1.22453
   0.40644  0.08755 -1.28703
   0.39140  0.08807 -1.33927
   0.37644  0.08839 -1.38332
   0.36151  0.08851 -1.42452
   0.34657  0.08845 -1.46157
   0.33160  0.08821 -1.49889
   0.31657  0.08778 -1.53408
   0.30147  0.08717 -1.57157
   0.28627  0.08638 -1.61054
   0.27097  0.08540 -1.65145
   0.25561  0.08423 -1.69552
   0.24021  0.08287 -1.74227
   0.22486  0.08132 -1.79333
   0.20964  0.07959 -1.85178
   0.19466  0.07770 -1.92352
   0.18001  0.07565 -2.01345
   0.16572  0.07339 -2.10565
   0.15171  0.07088 -2.19060
   0.13786  0.06805 -2.25208
   0.12401  0.06489 -2.30496
   0.11014  0.06142 -2.36953
   0.09630  0.05767 -2.47253
   0.08279  0.05372 -2.64354
   0.07032  0.04974 -2.89056
   0.05941  0.04581 -3.18832
   0.04970  0.04171 -3.37383
   0.04064  0.03722 -3.33374
   0.03220  0.03258 -3.31436
   0.02491  0.02836 -3.51526
   0.01906  0.02484 -4.16030
   0.01452  0.02175 -4.66841
   0.01096  0.01896 -5.02162
   0.00816  0.01644 -5.38196
   0.00593  0.01417 -5.78785
   0.00416  0.01209 -6.18731
   0.00274  0.01016 -6.62073
   0.00164  0.00834 -7.01220
   0.00081  0.00661 -7.36888
   0.00023  0.00495 -7.57082
  -0.00011  0.00335 -7.52811
  -0.00021  0.00179 -7.12550
  -0.00005  0.00027 -6.25652
   0.00036 -0.00124 -4.88334
   0.00105 -0.00274 -3.51191
   0.00199 -0.00422 -2.31563
   0.00320 -0.00570 -1.37662
   0.00469 -0.00717 -0.63803
   0.00649 -0.00861 -0.08879
   0.00864 -0.00999  0.32010
   0.01119 -0.01127  0.61706
   0.01419 -0.01232  0.82436
   0.01774 -0.01305  0.94681
   0.02207 -0.01343  0.99383
   0.02755 -0.01370  0.99887
   0.03463 -0.01414  0.98306
   0.04349 -0.01475  0.94985
   0.05366 -0.01533  0.90492
   0.06509 -0.01565  0.85795
   0.07808 -0.01571  0.81128
   0.09223 -0.01551  0.76636
   0.10676 -0.01506  0.72684
   0.12147 -0.01437  0.69316
   0.13638 -0.01345  0.66455
   0.15146 -0.01233  0.64030
   0.16664 -0.01104  0.61946
   0.18184 -0.00957  0.60223
   0.19701 -0.00794  0.58924
   0.21212 -0.00615  0.58168
   0.22717 -0.00424  0.57795
   0.24217 -0.00227  0.57679
   0.25714 -0.00027  0.57747
   0.27211  0.00169  0.57841
   0.28711  0.00358  0.57938
   0.30218  0.00534  0.57844
   0.31736  0.00696  0.57363
   0.33269  0.00843  0.56685
   0.34820  0.00980  0.55967
   0.36388  0.01108  0.55120
   0.37974  0.01230  0.54325
   0.39573  0.01349  0.53586
   0.41181  0.01466  0.53040
   0.42791  0.01582  0.52695
   0.44398  0.01695  0.52436
   0.45998  0.01803  0.52246
   0.47589  0.01906  0.52094
   0.49171  0.02002  0.51972
   0.50745  0.02091  0.51852
   0.52312  0.02171  0.51737
   0.53874  0.02242  0.51616
   0.55432  0.02303  0.51438
   0.56987  0.02354  0.51261
   0.58539  0.02394  0.51073
   0.60089  0.02421  0.50809
   0.61635  0.02436  0.50502
   0.63177  0.02438  0.50071
   0.64716  0.02427  0.49639
   0.66253  0.02403  0.49087
   0.67789  0.02367  0.48517
   0.69327  0.02316  0.47835
   0.70869  0.02252  0.46966
   0.72419  0.02175  0.45953
   0.73978  0.02086  0.44887
   0.75549  0.01986  0.43645
   0.77129  0.01876  0.42451
   0.78715  0.01759  0.41039
   0.80305  0.01636  0.39769
   0.81890  0.01509  0.38429
   0.83467  0.01380  0.37146
   0.85036  0.01249  0.35830
   0.86601  0.01117  0.34540
   0.88168  0.00984  0.33205
   0.89749  0.00851  0.31977
   0.91351  0.00717  0.30882
   0.92939  0.00585  0.29737
   0.94527  0.00454  0.28734
   0.96005  0.00332  0.27896
   0.97305  0.00224  0.27077
   0.98431  0.00131  0.26789
   0.99412  0.00049  0.27303
   1.00000  0.00000  0.32457
