                                                
 Alfa =  10.00000 Re =  4000000.000 Xflap,Yflap =     0.000000    0.000000
#    x        y        Cp  
   1.00000  0.00160  0.57123
   0.99153  0.00452  0.34972
   0.97784  0.00919  0.24961
   0.96281  0.01425  0.16793
   0.94632  0.01971  0.09949
   0.92834  0.02557  0.03838
   0.90902  0.03179 -0.01864
   0.88868  0.03832 -0.07898
   0.86773  0.04503 -0.14537
   0.84660  0.05174 -0.21352
   0.82558  0.05830 -0.28191
   0.80481  0.06463 -0.34892
   0.78427  0.07070 -0.41166
   0.76385  0.07653 -0.47019
   0.74345  0.08215 -0.52629
   0.72297  0.08758 -0.58022
   0.70232  0.09285 -0.63266
   0.68140  0.09797 -0.68144
   0.66014  0.10297 -0.72672
   0.63852  0.10788 -0.77358
   0.61658  0.11272 -0.82385
   0.59444  0.11751 -0.88104
   0.57231  0.12224 -0.95641
   0.55040  0.12680 -1.04277
   0.52893  0.13114 -1.13674
   0.50805  0.13517 -1.23648
   0.48788  0.13885 -1.34210
   0.46848  0.14215 -1.45494
   0.44984  0.14504 -1.56762
   0.43184  0.14752 -1.67897
   0.41434  0.14958 -1.78487
   0.39715  0.15123 -1.88126
   0.38009  0.15246 -1.95607
   0.36295  0.15328 -2.00908
   0.34560  0.15374 -2.05612
   0.32800  0.15385 -2.10064
   0.31023  0.15363 -2.15070
   0.29248  0.15314 -2.21630
   0.27507  0.15241 -2.32139
   0.25829  0.15142 -2.44990
   0.24230  0.15015 -2.58245
   0.22716  0.14856 -2.71209
   0.21282  0.14668 -2.83383
   0.19923  0.14448 -2.94097
   0.18632  0.14198 -3.03047
   0.17399  0.13918 -3.09488
   0.16221  0.13610 -3.14526
   0.15090  0.13276 -3.17870
   0.14002  0.12915 -3.19496
   0.12954  0.12531 -3.18534
   0.11944  0.12125 -3.16954
   0.10977  0.11706 -3.15366
   0.10061  0.11281 -3.15129
   0.09201  0.10857 -3.17967
   0.08405  0.10442 -3.27671
   0.07672  0.10031 -3.37156
   0.06999  0.09618 -3.41791
   0.06377  0.09199 -3.36089
   0.05798  0.08773 -3.24129
   0.05254  0.08346 -3.11854
   0.04744  0.07922 -3.00877
   0.04267  0.07508 -2.95986
   0.03822  0.07106 -2.95582
   0.03412  0.06716 -2.96500
   0.03035  0.06338 -2.97034
   0.02690  0.05968 -2.95901
   0.02376  0.05606 -2.93355
   0.02089  0.05249 -2.87004
   0.01827  0.04896 -2.76373
   0.01586  0.04547 -2.64660
   0.01365  0.04202 -2.51650
   0.01161  0.03861 -2.39992
   0.00974  0.03527 -2.29868
   0.00801  0.03199 -2.23654
   0.00644  0.02881 -2.18239
   0.00505  0.02571 -2.12769
   0.00382  0.02270 -2.06646
   0.00277  0.01977 -1.99606
   0.00188  0.01691 -1.91477
   0.00115  0.01412 -1.81432
   0.00058  0.01138 -1.70649
   0.00018  0.00870 -1.56540
  -0.00007  0.00605 -1.41543
  -0.00015  0.00344 -1.23735
  -0.00006  0.00085 -1.03669
   0.00021 -0.00173 -0.81300
   0.00065 -0.00430 -0.57694
   0.00126 -0.00687 -0.34756
   0.00205 -0.00944 -0.13249
   0.00300 -0.01200  0.06620
   0.00413 -0.01455  0.24571
   0.00544 -0.01710  0.40691
   0.00694 -0.01963  0.54775
   0.00862 -0.02213  0.66919
   0.01050 -0.02459  0.77060
   0.01259 -0.02699  0.85296
   0.01488 -0.02931  0.91668
   0.01738 -0.03152  0.96151
   0.02008 -0.03362  0.98835
   0.02300 -0.03559  0.99935
   0.02611 -0.03743  0.99732
   0.02943 -0.03915  0.98520
   0.03297 -0.04074  0.96557
   0.03673 -0.04221  0.94083
   0.04073 -0.04355  0.91336
   0.04498 -0.04476  0.88492
   0.04950 -0.04585  0.85712
   0.05429 -0.04681  0.83192
   0.05937 -0.04766  0.81057
   0.06476 -0.04842  0.79299
   0.07049 -0.04915  0.77822
   0.07656 -0.04993  0.76363
   0.08300 -0.05084  0.73914
   0.08984 -0.05189  0.70410
   0.09710 -0.05299  0.66173
   0.10485 -0.05401  0.61854
   0.11318 -0.05482  0.58666
   0.12223 -0.05540  0.56287
   0.13212 -0.05574  0.54495
   0.14306 -0.05585  0.53286
   0.15524 -0.05575  0.52311
   0.16882 -0.05548  0.51052
   0.18389 -0.05504  0.49742
   0.20044 -0.05443  0.48512
   0.21842 -0.05364  0.47222
   0.23773 -0.05269  0.45946
   0.25818 -0.05158  0.44751
   0.27952 -0.05033  0.43691
   0.30149 -0.04896  0.42725
   0.32396 -0.04749  0.41888
   0.34689 -0.04594  0.41116
   0.37023 -0.04434  0.40408
   0.39391 -0.04271  0.39760
   0.41788 -0.04106  0.39037
   0.44204 -0.03942  0.38296
   0.46633 -0.03777  0.37563
   0.49070 -0.03613  0.36853
   0.51512 -0.03448  0.36205
   0.53958 -0.03282  0.35628
   0.56406 -0.03116  0.35083
   0.58858 -0.02950  0.34585
   0.61311 -0.02783  0.34119
   0.63765 -0.02617  0.33684
   0.66219 -0.02450  0.33293
   0.68672 -0.02284  0.32918
   0.71120 -0.02118  0.32622
   0.73562 -0.01953  0.32358
   0.75993 -0.01788  0.32154
   0.78412 -0.01624  0.32031
   0.80817 -0.01460  0.31959
   0.83205 -0.01299  0.31992
   0.85564 -0.01139  0.32159
   0.87871 -0.00982  0.32434
   0.90098 -0.00831  0.32932
   0.92215 -0.00688  0.33615
   0.94193 -0.00554  0.34684
   0.96002 -0.00431  0.36241
   0.97634 -0.00321  0.38711
   0.99102 -0.00221  0.42928
   1.00000 -0.00160  0.57123
