                                                
 Alfa =  10.00000 Re =  4000000.000 Xflap,Yflap =     0.000000    0.000000
#    x        y        Cp  
   1.00000  0.00000  0.43386
   0.99317  0.00202  0.28247
   0.98193  0.00548  0.12663
   0.96952  0.00901  0.03975
   0.95589  0.01249  0.00751
   0.94094  0.01611 -0.01738
   0.92509  0.01989 -0.04866
   0.90880  0.02376 -0.08290
   0.89223  0.02769 -0.11798
   0.87551  0.03165 -0.15300
   0.85872  0.03562 -0.18847
   0.84192  0.03959 -0.22626
   0.82513  0.04354 -0.26408
   0.80838  0.04746 -0.30293
   0.79166  0.05134 -0.34272
   0.77497  0.05519 -0.38317
   0.75831  0.05898 -0.42418
   0.74169  0.06271 -0.46617
   0.72510  0.06638 -0.50967
   0.70854  0.06998 -0.55414
   0.69203  0.07349 -0.59938
   0.67555  0.07692 -0.64588
   0.65910  0.08024 -0.69268
   0.64268  0.08347 -0.74032
   0.62629  0.08659 -0.78968
   0.60992  0.08959 -0.83934
   0.59359  0.09246 -0.89106
   0.57728  0.09521 -0.94256
   0.56101  0.09782 -0.99627
   0.54477  0.10028 -1.05075
   0.52857  0.10259 -1.10646
   0.51241  0.10474 -1.16344
   0.49630  0.10671 -1.22137
   0.48024  0.10850 -1.28040
   0.46422  0.11010 -1.34007
   0.44826  0.11151 -1.40073
   0.43238  0.11270 -1.46255
   0.41658  0.11367 -1.52591
   0.40087  0.11440 -1.58686
   0.38524  0.11488 -1.64408
   0.36968  0.11509 -1.69658
   0.35414  0.11505 -1.74578
   0.33864  0.11473 -1.79043
   0.32315  0.11415 -1.83009
   0.30766  0.11329 -1.86835
   0.29219  0.11218 -1.90464
   0.27673  0.11079 -1.93992
   0.26131  0.10915 -1.97673
   0.24595  0.10725 -2.01601
   0.23066  0.10509 -2.05696
   0.21547  0.10267 -2.09910
   0.20040  0.09999 -2.14556
   0.18549  0.09705 -2.19511
   0.17076  0.09384 -2.24892
   0.15628  0.09036 -2.30682
   0.14207  0.08661 -2.36699
   0.12818  0.08259 -2.43065
   0.11471  0.07832 -2.50040
   0.10175  0.07384 -2.57841
   0.08944  0.06918 -2.66016
   0.07790  0.06440 -2.74931
   0.06726  0.05958 -2.83936
   0.05764  0.05482 -2.94019
   0.04909  0.05020 -3.03994
   0.04161  0.04579 -3.14125
   0.03512  0.04163 -3.24216
   0.02953  0.03773 -3.34104
   0.02472  0.03409 -3.44434
   0.02059  0.03069 -3.55631
   0.01704  0.02752 -3.65756
   0.01397  0.02454 -3.75940
   0.01132  0.02175 -3.88333
   0.00904  0.01910 -4.00811
   0.00708  0.01658 -4.11021
   0.00540  0.01419 -4.21025
   0.00397  0.01189 -4.33751
   0.00277  0.00969 -4.46711
   0.00179  0.00757 -4.59815
   0.00102  0.00553 -4.76134
   0.00046  0.00355 -4.84636
   0.00011  0.00164 -5.11098
   0.00001 -0.00020 -5.36262
   0.00026 -0.00205 -5.44503
   0.00107 -0.00382 -3.02853
   0.00222 -0.00554 -1.77699
   0.00365 -0.00721 -0.86706
   0.00531 -0.00888 -0.31994
   0.00720 -0.01057  0.07389
   0.00936 -0.01228  0.36993
   0.01181 -0.01403  0.57805
   0.01457 -0.01584  0.72972
   0.01772 -0.01772  0.83936
   0.02129 -0.01967  0.91543
   0.02537 -0.02173  0.96414
   0.03005 -0.02391  0.99097
   0.03546 -0.02623  0.99997
   0.04175 -0.02870  0.99383
   0.04905 -0.03134  0.97488
   0.05753 -0.03414  0.94526
   0.06727 -0.03708  0.90740
   0.07827 -0.04010  0.86350
   0.09046 -0.04315  0.81663
   0.10366 -0.04614  0.76793
   0.11764 -0.04903  0.72016
   0.13220 -0.05176  0.67364
   0.14719 -0.05430  0.62920
   0.16248 -0.05665  0.58716
   0.17797 -0.05880  0.54646
   0.19358 -0.06074  0.50817
   0.20928 -0.06246  0.47195
   0.22505 -0.06397  0.43791
   0.24087 -0.06528  0.40548
   0.25669 -0.06638  0.37337
   0.27246 -0.06725  0.34241
   0.28814 -0.06789  0.31358
   0.30371 -0.06827  0.28630
   0.31918 -0.06838  0.26223
   0.33457 -0.06821  0.24342
   0.34995 -0.06775  0.22893
   0.36534 -0.06699  0.21933
   0.38081 -0.06595  0.21490
   0.39638 -0.06463  0.21454
   0.41208 -0.06305  0.21850
   0.42796 -0.06123  0.22493
   0.44403 -0.05919  0.23404
   0.46030 -0.05696  0.24475
   0.47675 -0.05458  0.25526
   0.49337 -0.05209  0.26522
   0.51011 -0.04949  0.27575
   0.52696 -0.04683  0.28519
   0.54391 -0.04412  0.29465
   0.56094 -0.04137  0.30375
   0.57800 -0.03861  0.31264
   0.59504 -0.03585  0.32159
   0.61204 -0.03311  0.32973
   0.62897 -0.03042  0.33856
   0.64584 -0.02778  0.34556
   0.66267 -0.02519  0.35308
   0.67946 -0.02267  0.35996
   0.69621 -0.02022  0.36690
   0.71292 -0.01785  0.37299
   0.72958 -0.01557  0.37964
   0.74619 -0.01339  0.38505
   0.76277 -0.01131  0.39100
   0.77930 -0.00935  0.39588
   0.79577 -0.00751  0.40096
   0.81219 -0.00580  0.40616
   0.82855 -0.00423  0.40963
   0.84486 -0.00281  0.41383
   0.86110 -0.00155  0.41655
   0.87724 -0.00045  0.42023
   0.89324  0.00046  0.42288
   0.90906  0.00117  0.42499
   0.92466  0.00167  0.42648
   0.93992  0.00196  0.42668
   0.95461  0.00203  0.42876
   0.96849  0.00186  0.43141
   0.98134  0.00143  0.43350
   0.99295  0.00071  0.45384
   1.00000  0.00000  0.43386
