                                                
 Alfa =  10.00000 Re =  4000000.000 Xflap,Yflap =     0.000000    0.000000
#    x        y        Cp  
   1.00000  0.00000  0.44516
   0.99383  0.00197  0.25285
   0.98354  0.00526  0.15611
   0.97175  0.00904  0.07871
   0.95832  0.01335  0.00353
   0.94349  0.01814 -0.07799
   0.92807  0.02307 -0.17248
   0.91287  0.02777 -0.26298
   0.89813  0.03205 -0.34170
   0.88369  0.03591 -0.39239
   0.86925  0.03947 -0.42889
   0.85460  0.04280 -0.45507
   0.83959  0.04598 -0.47374
   0.82407  0.04907 -0.48834
   0.80797  0.05210 -0.49791
   0.79130  0.05511 -0.51011
   0.77419  0.05810 -0.52410
   0.75679  0.06108 -0.54024
   0.73936  0.06402 -0.55874
   0.72192  0.06694 -0.57954
   0.70457  0.06985 -0.60557
   0.68745  0.07276 -0.64336
   0.67059  0.07563 -0.69161
   0.65400  0.07842 -0.74339
   0.63763  0.08110 -0.79652
   0.62142  0.08365 -0.84970
   0.60528  0.08604 -0.89877
   0.58910  0.08826 -0.93666
   0.57276  0.09030 -0.96200
   0.55617  0.09223 -0.98280
   0.53928  0.09405 -1.00245
   0.52210  0.09583 -1.02431
   0.50471  0.09757 -1.05304
   0.48726  0.09930 -1.09969
   0.46997  0.10100 -1.16540
   0.45296  0.10261 -1.23832
   0.43629  0.10407 -1.31532
   0.41994  0.10535 -1.39410
   0.40385  0.10642 -1.46984
   0.38791  0.10726 -1.53619
   0.37200  0.10785 -1.59319
   0.35602  0.10822 -1.64635
   0.33995  0.10836 -1.69768
   0.32377  0.10828 -1.75120
   0.30756  0.10797 -1.80646
   0.29141  0.10746 -1.87147
   0.27547  0.10673 -1.94812
   0.25983  0.10577 -2.02927
   0.24453  0.10458 -2.11142
   0.22954  0.10311 -2.19216
   0.21478  0.10136 -2.26749
   0.20015  0.09929 -2.33723
   0.18550  0.09685 -2.38661
   0.17073  0.09403 -2.42679
   0.15588  0.09085 -2.47211
   0.14122  0.08741 -2.55464
   0.12714  0.08377 -2.67798
   0.11379  0.07994 -2.80317
   0.10114  0.07585 -2.91456
   0.08899  0.07141 -2.97714
   0.07726  0.06663 -3.01433
   0.06618  0.06170 -3.09395
   0.05612  0.05682 -3.24466
   0.04727  0.05210 -3.38447
   0.03962  0.04759 -3.50773
   0.03310  0.04335 -3.62626
   0.02754  0.03939 -3.73739
   0.02279  0.03567 -3.84764
   0.01869  0.03215 -3.93413
   0.01513  0.02877 -3.96402
   0.01204  0.02556 -3.98358
   0.00937  0.02257 -4.11507
   0.00711  0.01983 -4.29006
   0.00524  0.01730 -4.49345
   0.00369  0.01496 -4.69565
   0.00242  0.01278 -4.91203
   0.00141  0.01072 -5.11332
   0.00063  0.00876 -5.25772
   0.00007  0.00689 -5.36190
  -0.00027  0.00508 -5.31915
  -0.00041  0.00334 -5.14468
  -0.00032  0.00164 -4.71361
   0.00001 -0.00002 -4.04135
   0.00058 -0.00166 -3.10253
   0.00141 -0.00329 -2.19096
   0.00250 -0.00492 -1.38338
   0.00386 -0.00655 -0.73758
   0.00550 -0.00819 -0.22179
   0.00746 -0.00985  0.17207
   0.00977 -0.01152  0.46654
   0.01247 -0.01316  0.68065
   0.01555 -0.01474  0.82996
   0.01907 -0.01618  0.92630
   0.02308 -0.01750  0.97907
   0.02769 -0.01871  0.99873
   0.03309 -0.01986  0.99639
   0.03954 -0.02098  0.97882
   0.04743 -0.02208  0.95104
   0.05717 -0.02329  0.91471
   0.06885 -0.02465  0.87049
   0.08192 -0.02608  0.81990
   0.09562 -0.02741  0.76423
   0.10959 -0.02842  0.71313
   0.12396 -0.02906  0.67009
   0.13888 -0.02935  0.63238
   0.15425 -0.02936  0.59725
   0.16974 -0.02911  0.56195
   0.18500 -0.02857  0.52998
   0.19996 -0.02770  0.50406
   0.21473 -0.02648  0.48723
   0.22951 -0.02493  0.47756
   0.24446 -0.02306  0.47263
   0.25973 -0.02088  0.47211
   0.27541 -0.01842  0.47466
   0.29157 -0.01569  0.48013
   0.30820 -0.01274  0.48593
   0.32521 -0.00963  0.49287
   0.34245 -0.00641  0.50022
   0.35981 -0.00312  0.50884
   0.37713  0.00017  0.51770
   0.39430  0.00343  0.52779
   0.41124  0.00659  0.53843
   0.42787  0.00962  0.54955
   0.44418  0.01245  0.55972
   0.46020  0.01507  0.56917
   0.47595  0.01743  0.57693
   0.49152  0.01953  0.58298
   0.50699  0.02133  0.58567
   0.52244  0.02286  0.58512
   0.53794  0.02411  0.58285
   0.55357  0.02513  0.57903
   0.56936  0.02591  0.57414
   0.58532  0.02648  0.56802
   0.60148  0.02683  0.56079
   0.61782  0.02699  0.55285
   0.63431  0.02696  0.54400
   0.65094  0.02676  0.53446
   0.66771  0.02640  0.52462
   0.68459  0.02592  0.51435
   0.70157  0.02532  0.50441
   0.71866  0.02462  0.49501
   0.73584  0.02382  0.48570
   0.75307  0.02294  0.47734
   0.77032  0.02196  0.46857
   0.78753  0.02091  0.46007
   0.80463  0.01978  0.45348
   0.82154  0.01857  0.44813
   0.83820  0.01726  0.44203
   0.85458  0.01580  0.43498
   0.87065  0.01418  0.42489
   0.88641  0.01238  0.41092
   0.90188  0.01036  0.38696
   0.91708  0.00817  0.34759
   0.93191  0.00601  0.30347
   0.94616  0.00409  0.26536
   0.95955  0.00258  0.24573
   0.97192  0.00148  0.24442
   0.98325  0.00071  0.25986
   0.99359  0.00021  0.30511
   1.00000  0.00000  0.44516
