                                                
 Alfa =  10.00000 Re =  4000000.000 Xflap,Yflap =     0.000000    0.000000
#    x        y        Cp  
   1.00000  0.00220  0.59659
   0.99159  0.00488  0.37585
   0.97805  0.00912  0.26716
   0.96327  0.01364  0.18026
   0.94718  0.01843  0.10723
   0.92980  0.02347  0.04219
   0.91130  0.02868 -0.01805
   0.89189  0.03401 -0.07532
   0.87178  0.03939 -0.13136
   0.85119  0.04475 -0.18611
   0.83031  0.05003 -0.23866
   0.80925  0.05519 -0.29003
   0.78807  0.06021 -0.33935
   0.76675  0.06510 -0.38734
   0.74529  0.06987 -0.43556
   0.72369  0.07450 -0.48300
   0.70202  0.07899 -0.53180
   0.68034  0.08333 -0.58238
   0.65874  0.08749 -0.63451
   0.63725  0.09146 -0.68692
   0.61589  0.09522 -0.74012
   0.59461  0.09878 -0.79292
   0.57337  0.10214 -0.84529
   0.55213  0.10529 -0.89800
   0.53092  0.10825 -0.95296
   0.50979  0.11099 -1.00982
   0.48885  0.11352 -1.07184
   0.46820  0.11581 -1.13923
   0.44791  0.11784 -1.20822
   0.42798  0.11959 -1.27841
   0.40837  0.12106 -1.34798
   0.38899  0.12223 -1.41644
   0.36979  0.12311 -1.48275
   0.35073  0.12369 -1.55016
   0.33188  0.12398 -1.61870
   0.31335  0.12398 -1.68995
   0.29530  0.12370 -1.77047
   0.27787  0.12314 -1.86054
   0.26109  0.12228 -1.94973
   0.24483  0.12108 -2.02026
   0.22895  0.11954 -2.06790
   0.21342  0.11771 -2.11295
   0.19835  0.11566 -2.17185
   0.18395  0.11347 -2.25933
   0.17037  0.11112 -2.35384
   0.15761  0.10864 -2.44687
   0.14562  0.10600 -2.52876
   0.13433  0.10323 -2.60010
   0.12369  0.10033 -2.66572
   0.11371  0.09735 -2.72650
   0.10437  0.09431 -2.78751
   0.09568  0.09125 -2.85397
   0.08762  0.08820 -2.92819
   0.08015  0.08514 -2.99760
   0.07322  0.08209 -3.05713
   0.06677  0.07905 -3.10646
   0.06078  0.07601 -3.14951
   0.05519  0.07299 -3.18952
   0.04998  0.06999 -3.23214
   0.04512  0.06702 -3.28489
   0.04060  0.06408 -3.34159
   0.03641  0.06117 -3.39154
   0.03251  0.05828 -3.43426
   0.02889  0.05542 -3.47767
   0.02554  0.05257 -3.50799
   0.02242  0.04974 -3.55644
   0.01954  0.04691 -3.58978
   0.01688  0.04406 -3.59915
   0.01444  0.04120 -3.57197
   0.01221  0.03831 -3.50027
   0.01019  0.03541 -3.38933
   0.00838  0.03250 -3.26101
   0.00675  0.02961 -3.12057
   0.00532  0.02675 -2.97032
   0.00406  0.02391 -2.81409
   0.00298  0.02111 -2.65436
   0.00206  0.01833 -2.48494
   0.00130  0.01559 -2.30447
   0.00070  0.01287 -2.12287
   0.00025  0.01018 -1.92294
  -0.00004  0.00752 -1.71907
  -0.00017  0.00487 -1.50424
  -0.00015  0.00224 -1.27813
   0.00004 -0.00039 -1.03670
   0.00040 -0.00301 -0.78257
   0.00093 -0.00564 -0.53485
   0.00163 -0.00827 -0.29772
   0.00250 -0.01091 -0.08245
   0.00354 -0.01357  0.11564
   0.00477 -0.01625  0.29037
   0.00617 -0.01894  0.44623
   0.00777 -0.02164  0.57919
   0.00957 -0.02434  0.69220
   0.01157 -0.02704  0.78601
   0.01378 -0.02971  0.86072
   0.01619 -0.03234  0.91803
   0.01881 -0.03493  0.95874
   0.02165 -0.03747  0.98449
   0.02471 -0.03997  0.99749
   0.02799 -0.04244  0.99962
   0.03151 -0.04488  0.99276
   0.03529 -0.04728  0.97843
   0.03935 -0.04966  0.95793
   0.04370 -0.05201  0.93257
   0.04836 -0.05433  0.90339
   0.05336 -0.05662  0.87121
   0.05872 -0.05889  0.83693
   0.06446 -0.06112  0.80088
   0.07062 -0.06333  0.76442
   0.07723 -0.06552  0.72646
   0.08434 -0.06768  0.68698
   0.09199 -0.06979  0.64718
   0.10022 -0.07185  0.60781
   0.10911 -0.07383  0.57005
   0.11872 -0.07572  0.53462
   0.12913 -0.07752  0.50133
   0.14040 -0.07922  0.47039
   0.15255 -0.08082  0.43914
   0.16554 -0.08232  0.40576
   0.17931 -0.08366  0.37262
   0.19379 -0.08480  0.34163
   0.20901 -0.08568  0.31656
   0.22507 -0.08629  0.29778
   0.24206 -0.08663  0.28283
   0.26002 -0.08672  0.26934
   0.27886 -0.08659  0.25640
   0.29846 -0.08624  0.24467
   0.31867 -0.08567  0.23210
   0.33934 -0.08491  0.22072
   0.36036 -0.08393  0.21024
   0.38162 -0.08276  0.20108
   0.40305 -0.08139  0.19344
   0.42464 -0.07984  0.18725
   0.44639 -0.07809  0.18261
   0.46832 -0.07616  0.17928
   0.49045 -0.07406  0.17732
   0.51280 -0.07177  0.17689
   0.53539 -0.06933  0.17792
   0.55824 -0.06672  0.17987
   0.58133 -0.06398  0.18254
   0.60462 -0.06113  0.18503
   0.62806 -0.05818  0.18693
   0.65158 -0.05516  0.18899
   0.67511 -0.05206  0.19145
   0.69862 -0.04889  0.19419
   0.72206 -0.04566  0.19768
   0.74541 -0.04237  0.20178
   0.76866 -0.03903  0.20695
   0.79181 -0.03562  0.21307
   0.81485 -0.03216  0.22081
   0.83776 -0.02865  0.23039
   0.86041 -0.02512  0.24137
   0.88260 -0.02160  0.25486
   0.90405 -0.01814  0.27075
   0.92450 -0.01481  0.28967
   0.94362 -0.01166  0.31271
   0.96114 -0.00874  0.34150
   0.97698 -0.00609  0.38118
   0.99126 -0.00368  0.44094
   1.00000 -0.00220  0.59659
