                                                
 Alfa =  10.00000 Re =  4000000.000 Xflap,Yflap =     0.000000    0.000000
#    x        y        Cp  
   1.00000  0.00047  0.18917
   0.99415  0.00105  0.08926
   0.98187  0.00228  0.03541
   0.96858  0.00357 -0.00157
   0.95491  0.00489 -0.03207
   0.94126  0.00616 -0.05681
   0.92755  0.00742 -0.07521
   0.91384  0.00866 -0.09511
   0.90013  0.00989 -0.11106
   0.88641  0.01111 -0.13149
   0.87270  0.01230 -0.14588
   0.85899  0.01349 -0.16124
   0.84527  0.01466 -0.17867
   0.83155  0.01581 -0.19053
   0.81782  0.01695 -0.20708
   0.80410  0.01808 -0.22100
   0.79036  0.01920 -0.23411
   0.77663  0.02031 -0.24990
   0.76290  0.02141 -0.26433
   0.74917  0.02250 -0.27989
   0.73544  0.02357 -0.29406
   0.72171  0.02464 -0.30898
   0.70798  0.02568 -0.32392
   0.69424  0.02672 -0.34006
   0.68051  0.02775 -0.35510
   0.66678  0.02876 -0.37125
   0.65305  0.02975 -0.38675
   0.63932  0.03073 -0.40483
   0.62559  0.03170 -0.41962
   0.61187  0.03264 -0.43721
   0.59814  0.03357 -0.45499
   0.58442  0.03448 -0.47234
   0.57069  0.03537 -0.49020
   0.55696  0.03623 -0.51047
   0.54324  0.03708 -0.52814
   0.52952  0.03790 -0.54855
   0.51580  0.03870 -0.56836
   0.50209  0.03947 -0.59160
   0.48837  0.04022 -0.61048
   0.47465  0.04093 -0.63345
   0.46095  0.04162 -0.65789
   0.44724  0.04227 -0.68158
   0.43354  0.04289 -0.70581
   0.41984  0.04346 -0.73150
   0.40614  0.04401 -0.75834
   0.39245  0.04450 -0.78567
   0.37876  0.04496 -0.81599
   0.36508  0.04537 -0.84530
   0.35140  0.04572 -0.87669
   0.33773  0.04603 -0.90984
   0.32407  0.04628 -0.94381
   0.31041  0.04646 -0.98093
   0.29677  0.04659 -1.01896
   0.28313  0.04665 -1.05943
   0.26951  0.04663 -1.10234
   0.25590  0.04654 -1.14675
   0.24230  0.04636 -1.19619
   0.22871  0.04610 -1.24927
   0.21516  0.04574 -1.30561
   0.20162  0.04528 -1.36698
   0.18811  0.04471 -1.43467
   0.17465  0.04401 -1.50858
   0.16122  0.04318 -1.58933
   0.14784  0.04219 -1.67881
   0.13453  0.04104 -1.78066
   0.12128  0.03971 -1.89301
   0.10813  0.03816 -2.02365
   0.09510  0.03639 -2.17585
   0.08223  0.03435 -2.35671
   0.06955  0.03201 -2.57182
   0.05716  0.02931 -2.84327
   0.04519  0.02622 -3.18702
   0.03383  0.02269 -3.64578
   0.02352  0.01873 -4.27161
   0.01497  0.01460 -5.10023
   0.00885  0.01081 -6.15143
   0.00500  0.00776 -7.40229
   0.00263  0.00533 -8.78287
   0.00116  0.00334-10.62354
   0.00030  0.00160-13.30208
   0.00000  0.00007-15.20887
   0.00028 -0.00142-12.12382
   0.00129 -0.00288 -5.66800
   0.00304 -0.00421 -1.84779
   0.00569 -0.00556 -0.19537
   0.00977 -0.00707  0.58448
   0.01632 -0.00882  0.92182
   0.02591 -0.01059  0.99993
   0.03756 -0.01205  0.97036
   0.05014 -0.01312  0.91478
   0.06313 -0.01386  0.85870
   0.07634 -0.01434  0.80857
   0.08971 -0.01463  0.76495
   0.10317 -0.01476  0.72701
   0.11671 -0.01476  0.69380
   0.13029 -0.01467  0.66474
   0.14391 -0.01449  0.63883
   0.15755 -0.01424  0.61623
   0.17121 -0.01392  0.59552
   0.18490 -0.01355  0.57731
   0.19859 -0.01314  0.56083
   0.21230 -0.01269  0.54562
   0.22602 -0.01221  0.53182
   0.23975 -0.01169  0.51941
   0.25349 -0.01115  0.50802
   0.26724 -0.01059  0.49695
   0.28099 -0.01002  0.48782
   0.29475 -0.00943  0.47870
   0.30852 -0.00883  0.47037
   0.32230 -0.00822  0.46265
   0.33609 -0.00761  0.45499
   0.34987 -0.00700  0.44865
   0.36365 -0.00639  0.44105
   0.37743 -0.00579  0.43569
   0.39120 -0.00519  0.42971
   0.40497 -0.00460  0.42381
   0.41874 -0.00401  0.41838
   0.43251 -0.00344  0.41363
   0.44627 -0.00288  0.40761
   0.46003 -0.00233  0.40455
   0.47378 -0.00180  0.39892
   0.48753 -0.00128  0.39466
   0.50128 -0.00078  0.39001
   0.51503 -0.00030  0.38638
   0.52877  0.00016  0.38201
   0.54251  0.00060  0.37755
   0.55625  0.00101  0.37474
   0.56998  0.00140  0.36943
   0.58372  0.00176  0.36543
   0.59745  0.00209  0.36139
   0.61118  0.00240  0.35644
   0.62491  0.00267  0.35235
   0.63864  0.00292  0.34810
   0.65238  0.00314  0.34210
   0.66611  0.00333  0.33910
   0.67984  0.00350  0.33323
   0.69358  0.00363  0.32913
   0.70731  0.00373  0.32287
   0.72104  0.00381  0.31896
   0.73477  0.00385  0.31342
   0.74850  0.00387  0.30735
   0.76224  0.00385  0.30217
   0.77597  0.00381  0.29728
   0.78971  0.00374  0.29040
   0.80344  0.00364  0.28429
   0.81718  0.00351  0.27648
   0.83092  0.00336  0.27222
   0.84465  0.00318  0.26387
   0.85840  0.00297  0.25655
   0.87214  0.00274  0.25018
   0.88588  0.00249  0.24023
   0.89962  0.00221  0.23462
   0.91336  0.00190  0.22381
   0.92711  0.00157  0.21512
   0.94086  0.00123  0.20390
   0.95459  0.00086  0.19633
   0.96833  0.00046  0.18476
   0.98173  0.00006  0.17202
   0.99412 -0.00031  0.16133
   1.00000 -0.00047  0.18917
