                                                
 Alfa =  10.00000 Re =  4000000.000 Xflap,Yflap =     0.000000    0.000000
#    x        y        Cp  
   1.00000  0.00000  0.47920
   0.99337  0.00232  0.28596
   0.98250  0.00608  0.18848
   0.97034  0.01022  0.11253
   0.95672  0.01478  0.04719
   0.94158  0.01976 -0.01267
   0.92514  0.02506 -0.06765
   0.90778  0.03056 -0.11960
   0.88986  0.03616 -0.17047
   0.87154  0.04184 -0.22148
   0.85290  0.04756 -0.27377
   0.83409  0.05327 -0.32659
   0.81524  0.05895 -0.38179
   0.79650  0.06454 -0.44180
   0.77799  0.07001 -0.50826
   0.75980  0.07530 -0.57820
   0.74193  0.08036 -0.64948
   0.72438  0.08517 -0.71999
   0.70710  0.08970 -0.78848
   0.69002  0.09396 -0.85190
   0.67304  0.09796 -0.90855
   0.65612  0.10171 -0.96223
   0.63919  0.10524 -1.01276
   0.62219  0.10854 -1.06073
   0.60509  0.11163 -1.10547
   0.58783  0.11451 -1.14492
   0.57038  0.11718 -1.18000
   0.55272  0.11967 -1.21364
   0.53486  0.12199 -1.24655
   0.51681  0.12415 -1.28101
   0.49864  0.12614 -1.31869
   0.48043  0.12799 -1.36457
   0.46225  0.12967 -1.41427
   0.44416  0.13116 -1.46785
   0.42619  0.13246 -1.52245
   0.40834  0.13356 -1.57909
   0.39060  0.13445 -1.63711
   0.37294  0.13512 -1.69628
   0.35535  0.13558 -1.75747
   0.33784  0.13581 -1.81968
   0.32042  0.13581 -1.88420
   0.30315  0.13557 -1.95041
   0.28607  0.13509 -2.01919
   0.26923  0.13437 -2.09138
   0.25266  0.13340 -2.16576
   0.23633  0.13219 -2.24299
   0.22020  0.13073 -2.32269
   0.20422  0.12900 -2.40946
   0.18830  0.12700 -2.49854
   0.17249  0.12472 -2.60234
   0.15713  0.12224 -2.73016
   0.14278  0.11968 -2.92767
   0.12981  0.11708 -3.17880
   0.11812  0.11434 -3.40852
   0.10740  0.11137 -3.59846
   0.09738  0.10809 -3.68033
   0.08778  0.10444 -3.62988
   0.07857  0.10058 -3.57434
   0.06992  0.09670 -3.63898
   0.06205  0.09295 -3.79125
   0.05499  0.08929 -3.93001
   0.04864  0.08570 -4.02420
   0.04290  0.08215 -4.05110
   0.03769  0.07866 -4.06448
   0.03297  0.07527 -4.08170
   0.02870  0.07200 -4.11306
   0.02485  0.06887 -4.18005
   0.02137  0.06589 -4.32028
   0.01824  0.06300 -4.44634
   0.01541  0.06018 -4.54333
   0.01285  0.05740 -4.60467
   0.01054  0.05466 -4.65509
   0.00848  0.05198 -4.70607
   0.00666  0.04938 -4.75901
   0.00507  0.04685 -4.79601
   0.00371  0.04440 -4.81697
   0.00255  0.04201 -4.82619
   0.00160  0.03969 -4.79908
   0.00083  0.03742 -4.73415
   0.00026  0.03520 -4.61763
  -0.00013  0.03302 -4.43157
  -0.00034  0.03088 -4.18154
  -0.00035  0.02876 -3.83452
  -0.00017  0.02667 -3.42022
   0.00021  0.02459 -2.89217
   0.00081  0.02253 -2.32530
   0.00161  0.02049 -1.78592
   0.00261  0.01846 -1.29042
   0.00381  0.01647 -0.84600
   0.00522  0.01453 -0.46234
   0.00684  0.01265 -0.12223
   0.00867  0.01086  0.16368
   0.01074  0.00918  0.40778
   0.01304  0.00768  0.60990
   0.01560  0.00637  0.77191
   0.01842  0.00526  0.88192
   0.02151  0.00432  0.94930
   0.02488  0.00353  0.98423
   0.02855  0.00283  0.99829
   0.03254  0.00224  0.99896
   0.03692  0.00175  0.99064
   0.04174  0.00137  0.97629
   0.04708  0.00110  0.95836
   0.05303  0.00092  0.93781
   0.05967  0.00082  0.91528
   0.06710  0.00084  0.89120
   0.07543  0.00101  0.86770
   0.08480  0.00135  0.84681
   0.09535  0.00181  0.82836
   0.10716  0.00224  0.80629
   0.12005  0.00258  0.77855
   0.13373  0.00291  0.74866
   0.14790  0.00341  0.72040
   0.16258  0.00421  0.70256
   0.17799  0.00531  0.69313
   0.19435  0.00657  0.68735
   0.21172  0.00783  0.67893
   0.22990  0.00897  0.66718
   0.24860  0.00997  0.65475
   0.26754  0.01083  0.64192
   0.28653  0.01155  0.62897
   0.30551  0.01217  0.61669
   0.32453  0.01269  0.60438
   0.34365  0.01312  0.59286
   0.36292  0.01348  0.58132
   0.38236  0.01378  0.57016
   0.40194  0.01402  0.55941
   0.42161  0.01421  0.54912
   0.44132  0.01436  0.53947
   0.46103  0.01445  0.53006
   0.48074  0.01450  0.52087
   0.50046  0.01450  0.51179
   0.52023  0.01445  0.50272
   0.54007  0.01437  0.49359
   0.56002  0.01426  0.48495
   0.58004  0.01413  0.47640
   0.60010  0.01400  0.46919
   0.62014  0.01386  0.46354
   0.64007  0.01371  0.45872
   0.65986  0.01353  0.45459
   0.67947  0.01331  0.45029
   0.69891  0.01302  0.44676
   0.71819  0.01265  0.44176
   0.73732  0.01220  0.43698
   0.75634  0.01166  0.43129
   0.77525  0.01101  0.42476
   0.79408  0.01026  0.41699
   0.81284  0.00939  0.40585
   0.83154  0.00844  0.39277
   0.85015  0.00745  0.37925
   0.86863  0.00648  0.36673
   0.88690  0.00558  0.35705
   0.90485  0.00480  0.35366
   0.92234  0.00412  0.35951
   0.93907  0.00347  0.36717
   0.95465  0.00278  0.37246
   0.96881  0.00204  0.37541
   0.98155  0.00127  0.38034
   0.99299  0.00051  0.39844
   1.00000  0.00000  0.47920
