                                                
 Alfa =  10.00000 Re =  4000000.000 Xflap,Yflap =     0.000000    0.000000
#    x        y        Cp  
   1.00000  0.00000  0.30560
   0.99388  0.00027  0.26061
   0.98393  0.00080  0.23729
   0.97289  0.00152  0.22256
   0.96064  0.00248  0.20730
   0.94712  0.00375  0.18710
   0.93251  0.00534  0.16026
   0.91717  0.00722  0.12964
   0.90146  0.00930  0.09721
   0.88556  0.01151  0.06750
   0.86954  0.01383  0.03930
   0.85340  0.01625  0.01058
   0.83716  0.01876 -0.01954
   0.82082  0.02135 -0.05088
   0.80439  0.02400 -0.08289
   0.78787  0.02671 -0.11662
   0.77129  0.02944 -0.15029
   0.75467  0.03219 -0.18511
   0.73806  0.03493 -0.22010
   0.72148  0.03765 -0.25580
   0.70497  0.04033 -0.29148
   0.68851  0.04297 -0.32759
   0.67209  0.04555 -0.36432
   0.65572  0.04808 -0.40103
   0.63938  0.05054 -0.43859
   0.62309  0.05294 -0.47678
   0.60685  0.05525 -0.51572
   0.59064  0.05748 -0.55509
   0.57446  0.05961 -0.59480
   0.55832  0.06165 -0.63553
   0.54224  0.06358 -0.67753
   0.52622  0.06539 -0.72050
   0.51028  0.06708 -0.76355
   0.49438  0.06863 -0.80665
   0.47847  0.07005 -0.84958
   0.46256  0.07133 -0.89239
   0.44673  0.07246 -0.94044
   0.43112  0.07343 -0.99345
   0.41578  0.07419 -1.04537
   0.40062  0.07471 -1.08919
   0.38546  0.07499 -1.11154
   0.37011  0.07504 -1.12509
   0.35450  0.07489 -1.13787
   0.33870  0.07459 -1.15872
   0.32288  0.07414 -1.18763
   0.30715  0.07352 -1.21717
   0.29150  0.07275 -1.24587
   0.27588  0.07179 -1.27319
   0.26024  0.07067 -1.30120
   0.24457  0.06938 -1.33237
   0.22892  0.06793 -1.36816
   0.21332  0.06632 -1.40699
   0.19780  0.06454 -1.45047
   0.18239  0.06259 -1.50047
   0.16712  0.06047 -1.55562
   0.15199  0.05817 -1.61821
   0.13705  0.05568 -1.69127
   0.12235  0.05301 -1.77497
   0.10802  0.05014 -1.86841
   0.09420  0.04712 -1.97864
   0.08111  0.04397 -2.10947
   0.06908  0.04081 -2.26624
   0.05835  0.03769 -2.44422
   0.04891  0.03467 -2.63995
   0.04063  0.03176 -2.86096
   0.03351  0.02899 -3.09915
   0.02752  0.02643 -3.35907
   0.02251  0.02409 -3.70940
   0.01830  0.02194 -4.13406
   0.01477  0.01989 -4.53346
   0.01176  0.01791 -4.91325
   0.00919  0.01598 -5.28531
   0.00698  0.01409 -5.76817
   0.00511  0.01220 -6.32447
   0.00356  0.01026 -6.40812
   0.00234  0.00832 -6.31680
   0.00140  0.00641 -6.14002
   0.00071  0.00454 -5.85720
   0.00026  0.00271 -5.49311
   0.00003  0.00090 -4.99838
   0.00003 -0.00090 -4.28488
   0.00026 -0.00271 -3.43652
   0.00071 -0.00454 -2.61055
   0.00140 -0.00641 -1.86548
   0.00234 -0.00832 -1.19848
   0.00356 -0.01026 -0.62929
   0.00511 -0.01220 -0.14335
   0.00698 -0.01409  0.27076
   0.00919 -0.01598  0.54960
   0.01176 -0.01791  0.73794
   0.01477 -0.01989  0.86443
   0.01830 -0.02194  0.94417
   0.02251 -0.02409  0.98651
   0.02752 -0.02643  0.99994
   0.03351 -0.02899  0.99141
   0.04063 -0.03176  0.96534
   0.04891 -0.03467  0.92663
   0.05835 -0.03769  0.87950
   0.06908 -0.04081  0.82724
   0.08111 -0.04397  0.77231
   0.09420 -0.04712  0.71699
   0.10802 -0.05014  0.66353
   0.12235 -0.05301  0.61305
   0.13705 -0.05568  0.56624
   0.15199 -0.05817  0.52281
   0.16712 -0.06047  0.48217
   0.18239 -0.06259  0.44427
   0.19780 -0.06454  0.40895
   0.21332 -0.06632  0.37519
   0.22892 -0.06793  0.34351
   0.24457 -0.06938  0.31351
   0.26024 -0.07067  0.28459
   0.27588 -0.07179  0.25724
   0.29150 -0.07275  0.23111
   0.30715 -0.07352  0.20776
   0.32288 -0.07414  0.18612
   0.33870 -0.07459  0.16568
   0.35450 -0.07489  0.14393
   0.37011 -0.07504  0.11994
   0.38546 -0.07499  0.09800
   0.40062 -0.07471  0.08120
   0.41578 -0.07419  0.07435
   0.43112 -0.07343  0.07327
   0.44673 -0.07246  0.07412
   0.46256 -0.07133  0.07382
   0.47847 -0.07005  0.07248
   0.49438 -0.06863  0.07244
   0.51028 -0.06708  0.07374
   0.52622 -0.06539  0.07669
   0.54224 -0.06358  0.08032
   0.55832 -0.06165  0.08451
   0.57446 -0.05961  0.08933
   0.59064 -0.05748  0.09440
   0.60685 -0.05525  0.10057
   0.62309 -0.05294  0.10656
   0.63938 -0.05054  0.11373
   0.65572 -0.04808  0.12144
   0.67209 -0.04555  0.12890
   0.68851 -0.04297  0.13768
   0.70497 -0.04033  0.14572
   0.72148 -0.03765  0.15554
   0.73806 -0.03493  0.16505
   0.75467 -0.03219  0.17521
   0.77129 -0.02944  0.18553
   0.78787 -0.02671  0.19607
   0.80439 -0.02400  0.20658
   0.82082 -0.02135  0.21721
   0.83716 -0.01876  0.22760
   0.85340 -0.01625  0.23740
   0.86954 -0.01383  0.24653
   0.88556 -0.01151  0.25512
   0.90146 -0.00930  0.26566
   0.91717 -0.00722  0.27831
   0.93251 -0.00534  0.28978
   0.94712 -0.00375  0.29820
   0.96064 -0.00248  0.30088
   0.97289 -0.00152  0.29902
   0.98393 -0.00080  0.29503
   0.99388 -0.00027  0.29695
   1.00000  0.00000  0.30560
