                                                
 Alfa =  10.00000 Re =  4000000.000 Xflap,Yflap =     0.000000    0.000000
#    x        y        Cp  
   1.00000  0.00000  0.27199
   0.99384  0.00067  0.20920
   0.98176  0.00220  0.16293
   0.96863  0.00404  0.10909
   0.95513  0.00605  0.06965
   0.94161  0.00813  0.03410
   0.92806  0.01026 -0.00045
   0.91446  0.01243 -0.03534
   0.90083  0.01461 -0.06541
   0.88720  0.01680 -0.09735
   0.87359  0.01898 -0.12642
   0.85998  0.02114 -0.15604
   0.84639  0.02328 -0.18418
   0.83280  0.02539 -0.21304
   0.81922  0.02747 -0.23831
   0.80565  0.02952 -0.26824
   0.79208  0.03152 -0.29357
   0.77851  0.03347 -0.32029
   0.76495  0.03537 -0.34503
   0.75139  0.03721 -0.37018
   0.73782  0.03900 -0.39395
   0.72424  0.04074 -0.41664
   0.71065  0.04241 -0.43702
   0.69706  0.04403 -0.45975
   0.68346  0.04559 -0.48145
   0.66985  0.04709 -0.50136
   0.65624  0.04854 -0.52142
   0.64261  0.04994 -0.54174
   0.62898  0.05128 -0.56129
   0.61534  0.05257 -0.58142
   0.60169  0.05381 -0.60155
   0.58804  0.05500 -0.62111
   0.57437  0.05614 -0.64384
   0.56071  0.05724 -0.66506
   0.54704  0.05828 -0.68621
   0.53337  0.05928 -0.71192
   0.51970  0.06023 -0.73514
   0.50604  0.06112 -0.76059
   0.49239  0.06194 -0.78555
   0.47873  0.06271 -0.81243
   0.46508  0.06341 -0.83614
   0.45143  0.06405 -0.86353
   0.43778  0.06462 -0.88942
   0.42412  0.06512 -0.91672
   0.41046  0.06556 -0.94328
   0.39680  0.06592 -0.97341
   0.38315  0.06621 -1.00281
   0.36950  0.06643 -1.03571
   0.35587  0.06656 -1.06930
   0.34224  0.06662 -1.10274
   0.32862  0.06658 -1.13749
   0.31502  0.06645 -1.17498
   0.30143  0.06622 -1.21046
   0.28784  0.06589 -1.24996
   0.27426  0.06545 -1.28876
   0.26068  0.06491 -1.33023
   0.24713  0.06426 -1.37720
   0.23359  0.06350 -1.42653
   0.22009  0.06261 -1.48032
   0.20662  0.06159 -1.53751
   0.19318  0.06043 -1.59832
   0.17979  0.05911 -1.66346
   0.16644  0.05762 -1.73474
   0.15315  0.05595 -1.81029
   0.13992  0.05409 -1.89556
   0.12677  0.05202 -1.98937
   0.11371  0.04971 -2.09409
   0.10077  0.04716 -2.21668
   0.08800  0.04433 -2.35479
   0.07541  0.04118 -2.51915
   0.06305  0.03767 -2.71078
   0.05106  0.03377 -2.95093
   0.03957  0.02945 -3.24807
   0.02872  0.02463 -3.64984
   0.01913  0.01950 -4.17333
   0.01166  0.01456 -4.82685
   0.00636  0.01017 -5.91003
   0.00325  0.00679 -6.90491
   0.00154  0.00429 -7.95056
   0.00055  0.00233 -9.39292
   0.00006  0.00068-12.22785
   0.00011 -0.00079-14.72677
   0.00102 -0.00218 -5.42735
   0.00261 -0.00356 -2.07126
   0.00505 -0.00510 -0.42219
   0.00900 -0.00698  0.46561
   0.01553 -0.00928  0.88112
   0.02519 -0.01180  0.99664
   0.03666 -0.01402  0.98289
   0.04912 -0.01586  0.93297
   0.06208 -0.01736  0.87725
   0.07523 -0.01856  0.82546
   0.08851 -0.01952  0.77893
   0.10191 -0.02028  0.73793
   0.11539 -0.02089  0.70160
   0.12893 -0.02135  0.66945
   0.14250 -0.02170  0.64103
   0.15611 -0.02195  0.61532
   0.16974 -0.02211  0.59267
   0.18340 -0.02219  0.57167
   0.19708 -0.02220  0.55308
   0.21077 -0.02215  0.53612
   0.22448 -0.02206  0.51996
   0.23820 -0.02191  0.50570
   0.25192 -0.02172  0.49189
   0.26565 -0.02150  0.48008
   0.27939 -0.02124  0.46741
   0.29314 -0.02095  0.45762
   0.30689 -0.02063  0.44688
   0.32065 -0.02028  0.43776
   0.33441 -0.01992  0.42828
   0.34817 -0.01953  0.41960
   0.36194 -0.01913  0.41251
   0.37571 -0.01870  0.40364
   0.38948 -0.01827  0.39738
   0.40325 -0.01781  0.38989
   0.41703 -0.01735  0.38330
   0.43081 -0.01687  0.37748
   0.44459 -0.01638  0.37095
   0.45837 -0.01588  0.36545
   0.47215 -0.01538  0.36029
   0.48594 -0.01486  0.35414
   0.49973 -0.01434  0.35011
   0.51351 -0.01381  0.34574
   0.52731 -0.01328  0.34012
   0.54110 -0.01275  0.33563
   0.55489 -0.01221  0.33207
   0.56869 -0.01167  0.32730
   0.58248 -0.01112  0.32323
   0.59628 -0.01058  0.32006
   0.61007 -0.01004  0.31634
   0.62387 -0.00950  0.31397
   0.63766 -0.00896  0.30802
   0.65145 -0.00842  0.30656
   0.66524 -0.00789  0.30309
   0.67903 -0.00736  0.29813
   0.69282 -0.00684  0.29770
   0.70661 -0.00632  0.29277
   0.72039 -0.00581  0.29142
   0.73417 -0.00532  0.28668
   0.74795 -0.00483  0.28563
   0.76173 -0.00435  0.28228
   0.77551 -0.00388  0.28196
   0.78928 -0.00343  0.27614
   0.80304 -0.00299  0.27566
   0.81681 -0.00258  0.27314
   0.83057 -0.00218  0.26988
   0.84433 -0.00180  0.26907
   0.85808 -0.00145  0.26413
   0.87183 -0.00112  0.26275
   0.88556 -0.00083  0.25972
   0.89930 -0.00056  0.25789
   0.91304 -0.00033  0.25466
   0.92677 -0.00014  0.25234
   0.94046  0.00001  0.24837
   0.95415  0.00010  0.24722
   0.96786  0.00015  0.23989
   0.98133  0.00014  0.24671
   0.99376  0.00008  0.25322
   1.00000  0.00000  0.27199
