                                                
 Alfa =  10.00000 Re =  4000000.000 Xflap,Yflap =     0.000000    0.000000
#    x        y        Cp  
   1.00000  0.00000  0.34017
   0.99433  0.00158  0.20190
   0.98491  0.00422  0.12749
   0.97412  0.00724  0.07237
   0.96169  0.01071  0.02183
   0.94752  0.01467 -0.02964
   0.93215  0.01897 -0.08078
   0.91681  0.02326 -0.13156
   0.90131  0.02758 -0.18022
   0.88590  0.03187 -0.23499
   0.87077  0.03606 -0.28887
   0.85582  0.04013 -0.34367
   0.84096  0.04409 -0.39805
   0.82614  0.04794 -0.45129
   0.81131  0.05167 -0.50366
   0.79643  0.05524 -0.55117
   0.78147  0.05867 -0.59099
   0.76643  0.06196 -0.62701
   0.75128  0.06511 -0.66079
   0.73605  0.06815 -0.69261
   0.72072  0.07108 -0.72467
   0.70531  0.07390 -0.75577
   0.68985  0.07663 -0.78969
   0.67436  0.07926 -0.82533
   0.65885  0.08179 -0.86372
   0.64334  0.08420 -0.90071
   0.62785  0.08649 -0.93976
   0.61238  0.08866 -0.97769
   0.59695  0.09069 -1.01700
   0.58156  0.09260 -1.05664
   0.56620  0.09437 -1.09475
   0.55088  0.09599 -1.13447
   0.53559  0.09747 -1.17307
   0.52030  0.09881 -1.20947
   0.50500  0.10000 -1.24727
   0.48966  0.10103 -1.28068
   0.47425  0.10191 -1.31217
   0.45877  0.10265 -1.34416
   0.44320  0.10324 -1.37569
   0.42758  0.10370 -1.40938
   0.41194  0.10403 -1.44686
   0.39635  0.10424 -1.49081
   0.38086  0.10431 -1.54492
   0.36553  0.10424 -1.60332
   0.35039  0.10400 -1.66319
   0.33543  0.10357 -1.72340
   0.32062  0.10294 -1.78099
   0.30591  0.10207 -1.83433
   0.29123  0.10095 -1.87495
   0.27651  0.09957 -1.90692
   0.26169  0.09793 -1.93414
   0.24676  0.09602 -1.95908
   0.23173  0.09387 -1.98519
   0.21669  0.09149 -2.01556
   0.20174  0.08891 -2.05307
   0.18701  0.08617 -2.11317
   0.17262  0.08325 -2.18261
   0.15854  0.08012 -2.25249
   0.14463  0.07672 -2.31214
   0.13074  0.07299 -2.35963
   0.11682  0.06891 -2.41065
   0.10302  0.06455 -2.47799
   0.08972  0.06003 -2.59839
   0.07718  0.05539 -2.74023
   0.06532  0.05054 -2.84718
   0.05404  0.04546 -2.94381
   0.04365  0.04035 -3.07792
   0.03464  0.03557 -3.27393
   0.02720  0.03132 -3.54919
   0.02115  0.02762 -4.05243
   0.01627  0.02425 -4.52318
   0.01240  0.02117 -4.81077
   0.00932  0.01840 -5.11877
   0.00689  0.01594 -5.46045
   0.00495  0.01371 -5.83783
   0.00340  0.01168 -6.23897
   0.00217  0.00978 -6.65243
   0.00121  0.00800 -7.05678
   0.00050  0.00630 -7.40976
   0.00002  0.00468 -7.61197
  -0.00023  0.00312 -7.58451
  -0.00025  0.00160 -7.18026
  -0.00003  0.00011 -6.28440
   0.00046 -0.00135 -4.87791
   0.00122 -0.00281 -3.44439
   0.00225 -0.00427 -2.24111
   0.00357 -0.00574 -1.27736
   0.00522 -0.00723 -0.55056
   0.00725 -0.00876 -0.00839
   0.00973 -0.01031  0.38514
   0.01274 -0.01185  0.66216
   0.01636 -0.01330  0.84702
   0.02073 -0.01457  0.95361
   0.02603 -0.01568  0.99550
   0.03253 -0.01674  0.99664
   0.04052 -0.01770  0.97158
   0.05010 -0.01848  0.93010
   0.06088 -0.01897  0.88033
   0.07241 -0.01902  0.83101
   0.08472 -0.01852  0.79449
   0.09847 -0.01756  0.76989
   0.11377 -0.01648  0.74049
   0.12971 -0.01539  0.70883
   0.14538 -0.01428  0.67993
   0.16068 -0.01307  0.65668
   0.17592 -0.01174  0.63840
   0.19133 -0.01027  0.62341
   0.20699 -0.00868  0.61073
   0.22285 -0.00699  0.60079
   0.23882 -0.00523  0.59246
   0.25482 -0.00343  0.58582
   0.27081 -0.00162  0.58081
   0.28675  0.00018  0.57627
   0.30265  0.00194  0.57213
   0.31853  0.00365  0.56763
   0.33440  0.00532  0.56317
   0.35028  0.00694  0.55895
   0.36619  0.00851  0.55487
   0.38211  0.01004  0.55120
   0.39805  0.01152  0.54798
   0.41399  0.01296  0.54523
   0.42992  0.01435  0.54289
   0.44583  0.01568  0.54068
   0.46171  0.01695  0.53921
   0.47756  0.01816  0.53721
   0.49339  0.01930  0.53587
   0.50920  0.02036  0.53434
   0.52500  0.02134  0.53325
   0.54079  0.02224  0.53173
   0.55658  0.02306  0.53056
   0.57235  0.02378  0.52905
   0.58809  0.02440  0.52759
   0.60378  0.02492  0.52638
   0.61938  0.02532  0.52455
   0.63488  0.02561  0.52346
   0.65029  0.02578  0.52126
   0.66562  0.02581  0.51848
   0.68091  0.02570  0.51542
   0.69621  0.02544  0.51062
   0.71158  0.02502  0.50356
   0.72709  0.02444  0.49500
   0.74279  0.02373  0.48488
   0.75869  0.02290  0.47458
   0.77474  0.02197  0.46393
   0.79088  0.02098  0.45318
   0.80695  0.01995  0.44551
   0.82281  0.01890  0.43991
   0.83838  0.01782  0.43539
   0.85365  0.01667  0.43039
   0.86870  0.01544  0.42523
   0.88366  0.01409  0.41858
   0.89870  0.01259  0.40937
   0.91406  0.01089  0.39343
   0.92983  0.00900  0.37412
   0.94552  0.00704  0.35299
   0.96019  0.00517  0.33519
   0.97315  0.00350  0.32000
   0.98439  0.00204  0.30699
   0.99416  0.00077  0.30810
   1.00000  0.00000  0.34017
