                                                
 Alfa =  10.00000 Re =  4000000.000 Xflap,Yflap =     0.000000    0.000000
#    x        y        Cp  
   1.00000  0.00000  0.42887
   0.99359  0.00254  0.31282
   0.98317  0.00695  0.19055
   0.97165  0.01190  0.07442
   0.95897  0.01716 -0.01242
   0.94501  0.02268 -0.07741
   0.92967  0.02851 -0.13084
   0.91304  0.03466 -0.18514
   0.89538  0.04108 -0.24338
   0.87703  0.04763 -0.30417
   0.85825  0.05423 -0.36750
   0.83923  0.06078 -0.43232
   0.82014  0.06723 -0.49876
   0.80104  0.07352 -0.56523
   0.78200  0.07963 -0.63350
   0.76303  0.08555 -0.70209
   0.74416  0.09126 -0.77133
   0.72540  0.09673 -0.84107
   0.70677  0.10198 -0.91211
   0.68827  0.10697 -0.98406
   0.66990  0.11170 -1.05584
   0.65166  0.11617 -1.12633
   0.63351  0.12037 -1.19631
   0.61545  0.12430 -1.26464
   0.59743  0.12796 -1.33032
   0.57945  0.13135 -1.39556
   0.56149  0.13449 -1.46124
   0.54358  0.13735 -1.52490
   0.52571  0.13995 -1.58985
   0.50789  0.14228 -1.65388
   0.49012  0.14433 -1.71696
   0.47242  0.14611 -1.78087
   0.45480  0.14760 -1.84559
   0.43727  0.14881 -1.91013
   0.41987  0.14974 -1.97518
   0.40260  0.15037 -2.04163
   0.38549  0.15070 -2.10513
   0.36851  0.15072 -2.16666
   0.35166  0.15044 -2.22504
   0.33493  0.14984 -2.28017
   0.31828  0.14894 -2.33155
   0.30173  0.14773 -2.38195
   0.28532  0.14623 -2.43814
   0.26911  0.14445 -2.49637
   0.25316  0.14239 -2.55924
   0.23756  0.14006 -2.62907
   0.22235  0.13747 -2.69865
   0.20756  0.13461 -2.76832
   0.19321  0.13149 -2.83418
   0.17932  0.12813 -2.89781
   0.16590  0.12452 -2.95824
   0.15299  0.12070 -3.01578
   0.14063  0.11668 -3.07063
   0.12885  0.11250 -3.12661
   0.11768  0.10820 -3.17654
   0.10714  0.10380 -3.22851
   0.09726  0.09933 -3.27484
   0.08805  0.09484 -3.31653
   0.07948  0.09035 -3.35747
   0.07156  0.08589 -3.39291
   0.06426  0.08147 -3.42226
   0.05754  0.07713 -3.45074
   0.05139  0.07288 -3.47312
   0.04576  0.06871 -3.49040
   0.04061  0.06465 -3.50392
   0.03592  0.06069 -3.51433
   0.03165  0.05684 -3.51585
   0.02775  0.05309 -3.51718
   0.02421  0.04944 -3.51682
   0.02099  0.04588 -3.50991
   0.01807  0.04242 -3.49077
   0.01544  0.03904 -3.45819
   0.01307  0.03575 -3.42397
   0.01094  0.03254 -3.37027
   0.00905  0.02941 -3.31116
   0.00736  0.02634 -3.23781
   0.00586  0.02334 -3.14804
   0.00455  0.02039 -3.05608
   0.00342  0.01751 -2.94446
   0.00246  0.01468 -2.82951
   0.00167  0.01193 -2.70054
   0.00103  0.00926 -2.57738
   0.00055  0.00667 -2.45694
   0.00022  0.00415 -2.31534
   0.00004  0.00170 -2.17065
   0.00001 -0.00071 -2.00383
   0.00013 -0.00310 -1.85122
   0.00045 -0.00548 -1.67068
   0.00097 -0.00782 -1.46746
   0.00176 -0.01011 -1.23991
   0.00288 -0.01227 -1.04840
   0.00450 -0.01412 -0.38354
   0.00656 -0.01562  0.24912
   0.00886 -0.01692  0.56107
   0.01136 -0.01808  0.74869
   0.01405 -0.01915  0.86103
   0.01692 -0.02014  0.92892
   0.02000 -0.02107  0.96930
   0.02330 -0.02194  0.99103
   0.02684 -0.02275  0.99941
   0.03064 -0.02352  0.99838
   0.03474 -0.02424  0.99054
   0.03919 -0.02490  0.97741
   0.04402 -0.02551  0.96075
   0.04930 -0.02607  0.94106
   0.05508 -0.02658  0.91924
   0.06146 -0.02703  0.89568
   0.06852 -0.02740  0.87099
   0.07638 -0.02770  0.84534
   0.08517 -0.02790  0.81876
   0.09501 -0.02798  0.79226
   0.10604 -0.02792  0.76552
   0.11838 -0.02770  0.73915
   0.13211 -0.02729  0.71389
   0.14725 -0.02668  0.68959
   0.16372 -0.02584  0.66692
   0.18140 -0.02480  0.64621
   0.20013 -0.02354  0.62747
   0.21972 -0.02211  0.61099
   0.24000 -0.02051  0.59618
   0.26082 -0.01878  0.58329
   0.28206 -0.01694  0.57223
   0.30363 -0.01501  0.56232
   0.32547 -0.01301  0.55403
   0.34753 -0.01096  0.54678
   0.36974 -0.00887  0.54080
   0.39205 -0.00676  0.53547
   0.41440 -0.00465  0.53120
   0.43670 -0.00254  0.52803
   0.45889 -0.00046  0.52600
   0.48091  0.00158  0.52483
   0.50271  0.00356  0.52404
   0.52429  0.00546  0.52434
   0.54564  0.00726  0.52439
   0.56679  0.00894  0.52474
   0.58778  0.01051  0.52484
   0.60863  0.01195  0.52507
   0.62934  0.01326  0.52512
   0.64992  0.01443  0.52507
   0.67036  0.01546  0.52508
   0.69068  0.01633  0.52500
   0.71086  0.01705  0.52478
   0.73090  0.01760  0.52446
   0.75078  0.01798  0.52429
   0.77048  0.01818  0.52338
   0.78998  0.01821  0.52286
   0.80924  0.01805  0.52222
   0.82820  0.01769  0.52103
   0.84682  0.01714  0.52014
   0.86501  0.01640  0.51902
   0.88266  0.01546  0.51744
   0.89964  0.01434  0.51692
   0.91583  0.01304  0.51572
   0.93110  0.01156  0.51392
   0.94541  0.00990  0.51072
   0.95877  0.00806  0.50409
   0.97119  0.00606  0.49572
   0.98269  0.00390  0.48301
   0.99334  0.00160  0.46669
   1.00000  0.00000  0.42887
