                                                
 Alfa =  10.00000 Re =  4000000.000 Xflap,Yflap =     0.000000    0.000000
#    x        y        Cp  
   1.00000  0.00000  0.38569
   0.99352  0.00189  0.28046
   0.98273  0.00537  0.13727
   0.97079  0.00921  0.01069
   0.95793  0.01303 -0.06581
   0.94407  0.01680 -0.11316
   0.92921  0.02055 -0.14105
   0.91353  0.02433 -0.16972
   0.89730  0.02813 -0.19959
   0.88075  0.03193 -0.23071
   0.86401  0.03570 -0.26233
   0.84714  0.03943 -0.29361
   0.83018  0.04312 -0.32461
   0.81316  0.04677 -0.35681
   0.79611  0.05037 -0.38993
   0.77906  0.05393 -0.42327
   0.76202  0.05742 -0.45789
   0.74498  0.06086 -0.49260
   0.72795  0.06424 -0.52774
   0.71092  0.06755 -0.56376
   0.69389  0.07079 -0.60015
   0.67688  0.07397 -0.63880
   0.65989  0.07707 -0.67706
   0.64292  0.08009 -0.71753
   0.62597  0.08303 -0.75846
   0.60903  0.08587 -0.79969
   0.59211  0.08863 -0.84346
   0.57522  0.09129 -0.88808
   0.55836  0.09385 -0.93496
   0.54154  0.09629 -0.98271
   0.52475  0.09862 -1.03147
   0.50799  0.10083 -1.08200
   0.49125  0.10291 -1.13450
   0.47456  0.10486 -1.18945
   0.45792  0.10667 -1.24692
   0.44134  0.10833 -1.30618
   0.42482  0.10983 -1.36853
   0.40838  0.11116 -1.43364
   0.39202  0.11232 -1.50224
   0.37578  0.11328 -1.57338
   0.35966  0.11404 -1.64774
   0.34366  0.11458 -1.72077
   0.32776  0.11488 -1.79505
   0.31198  0.11495 -1.87124
   0.29631  0.11476 -1.94948
   0.28080  0.11432 -2.02993
   0.26546  0.11359 -2.11028
   0.25028  0.11259 -2.19012
   0.23527  0.11128 -2.26839
   0.22044  0.10967 -2.34719
   0.20580  0.10774 -2.42443
   0.19139  0.10549 -2.49978
   0.17721  0.10290 -2.57188
   0.16328  0.09999 -2.64083
   0.14962  0.09672 -2.70232
   0.13621  0.09311 -2.75637
   0.12312  0.08916 -2.81221
   0.11042  0.08493 -2.87522
   0.09824  0.08043 -2.93966
   0.08667  0.07572 -3.00590
   0.07581  0.07085 -3.07292
   0.06577  0.06592 -3.14507
   0.05663  0.06099 -3.22123
   0.04845  0.05615 -3.28894
   0.04123  0.05146 -3.35805
   0.03493  0.04699 -3.41469
   0.02945  0.04274 -3.46595
   0.02470  0.03873 -3.51740
   0.02061  0.03496 -3.55464
   0.01709  0.03142 -3.59089
   0.01406  0.02811 -3.64316
   0.01146  0.02500 -3.68518
   0.00924  0.02207 -3.70488
   0.00735  0.01929 -3.70860
   0.00573  0.01665 -3.68197
   0.00436  0.01412 -3.64409
   0.00319  0.01170 -3.59370
   0.00221  0.00938 -3.55000
   0.00139  0.00716 -3.58964
   0.00074  0.00503 -3.73567
   0.00028  0.00300 -3.82813
   0.00003  0.00106 -3.85028
   0.00001 -0.00083 -3.69169
   0.00024 -0.00269 -3.23269
   0.00074 -0.00453 -2.54189
   0.00150 -0.00637 -1.83807
   0.00254 -0.00820 -1.20852
   0.00388 -0.01001 -0.65056
   0.00552 -0.01176 -0.15926
   0.00749 -0.01343  0.23769
   0.00981 -0.01503  0.53091
   0.01247 -0.01659  0.72940
   0.01547 -0.01817  0.85033
   0.01881 -0.01980  0.92369
   0.02255 -0.02150  0.96910
   0.02677 -0.02325  0.99320
   0.03157 -0.02504  0.99996
   0.03709 -0.02688  0.99213
   0.04347 -0.02876  0.97228
   0.05089 -0.03069  0.94317
   0.05945 -0.03267  0.90599
   0.06923 -0.03466  0.86334
   0.08020 -0.03658  0.81750
   0.09229 -0.03839  0.77075
   0.10537 -0.04002  0.72488
   0.11926 -0.04144  0.68124
   0.13375 -0.04261  0.64088
   0.14867 -0.04353  0.60383
   0.16393 -0.04418  0.57099
   0.17944 -0.04459  0.54163
   0.19518 -0.04474  0.51625
   0.21110 -0.04466  0.49387
   0.22716 -0.04437  0.47452
   0.24333 -0.04386  0.45809
   0.25961 -0.04316  0.44441
   0.27605 -0.04225  0.43459
   0.29267 -0.04118  0.42689
   0.30948 -0.03996  0.42059
   0.32643 -0.03862  0.41498
   0.34348 -0.03717  0.41057
   0.36062 -0.03563  0.40728
   0.37785 -0.03401  0.40458
   0.39517 -0.03232  0.40298
   0.41258 -0.03056  0.40179
   0.43006 -0.02877  0.40066
   0.44761 -0.02694  0.40060
   0.46520 -0.02509  0.40042
   0.48282 -0.02322  0.40084
   0.50045 -0.02135  0.40153
   0.51808 -0.01948  0.40218
   0.53567 -0.01763  0.40377
   0.55322 -0.01580  0.40502
   0.57072 -0.01400  0.40624
   0.58817 -0.01225  0.40796
   0.60559 -0.01054  0.40909
   0.62297 -0.00888  0.41088
   0.64032 -0.00727  0.41194
   0.65763 -0.00572  0.41400
   0.67489 -0.00424  0.41551
   0.69211 -0.00284  0.41702
   0.70928 -0.00152  0.41863
   0.72642 -0.00027  0.41998
   0.74351  0.00088  0.42090
   0.76057  0.00193  0.42265
   0.77758  0.00288  0.42339
   0.79454  0.00373  0.42461
   0.81142  0.00446  0.42571
   0.82821  0.00506  0.42653
   0.84492  0.00552  0.42671
   0.86154  0.00584  0.42732
   0.87804  0.00601  0.42645
   0.89437  0.00602  0.42703
   0.91046  0.00585  0.42546
   0.92620  0.00550  0.42483
   0.94146  0.00495  0.42153
   0.95605  0.00421  0.41873
   0.96971  0.00329  0.41395
   0.98219  0.00220  0.41358
   0.99332  0.00095  0.41874
   1.00000  0.00000  0.38569
