                                                
 Alfa =  10.00000 Re =  4000000.000 Xflap,Yflap =     0.000000    0.000000
#    x        y        Cp  
   1.00000  0.00100  0.38102
   0.99281  0.00406  0.23539
   0.98104  0.00913  0.16348
   0.96789  0.01488  0.09415
   0.95329  0.02138  0.02497
   0.93736  0.02860 -0.05786
   0.92051  0.03629 -0.15395
   0.90315  0.04413 -0.25318
   0.88547  0.05188 -0.34162
   0.86746  0.05950 -0.42013
   0.84910  0.06700 -0.49534
   0.83040  0.07438 -0.56709
   0.81142  0.08162 -0.63817
   0.79225  0.08870 -0.71132
   0.77301  0.09557 -0.78704
   0.75381  0.10220 -0.86471
   0.73468  0.10854 -0.94119
   0.71563  0.11459 -1.01800
   0.69663  0.12036 -1.09208
   0.67758  0.12585 -1.16351
   0.65843  0.13109 -1.23243
   0.63914  0.13609 -1.30234
   0.61974  0.14085 -1.37255
   0.60030  0.14535 -1.44537
   0.58093  0.14957 -1.52512
   0.56174  0.15348 -1.60763
   0.54277  0.15705 -1.69011
   0.52400  0.16028 -1.77190
   0.50536  0.16316 -1.84767
   0.48673  0.16569 -1.91337
   0.46797  0.16790 -1.96714
   0.44896  0.16981 -2.01894
   0.42966  0.17147 -2.07259
   0.41007  0.17287 -2.13263
   0.39029  0.17405 -2.21119
   0.37047  0.17498 -2.31798
   0.35084  0.17563 -2.43802
   0.33160  0.17594 -2.56798
   0.31297  0.17589 -2.70394
   0.29510  0.17549 -2.84778
   0.27812  0.17474 -3.00795
   0.26204  0.17363 -3.16489
   0.24676  0.17215 -3.31646
   0.23216  0.17030 -3.45378
   0.21806  0.16804 -3.57235
   0.20432  0.16533 -3.66271
   0.19074  0.16211 -3.69515
   0.17714  0.15834 -3.66253
   0.16343  0.15404 -3.61700
   0.14970  0.14930 -3.58685
   0.13622  0.14429 -3.63440
   0.12336  0.13913 -3.73107
   0.11138  0.13390 -3.83326
   0.10037  0.12864 -3.93589
   0.09032  0.12339 -4.05189
   0.08118  0.11813 -4.15917
   0.07285  0.11282 -4.21540
   0.06521  0.10741 -4.19067
   0.05818  0.10189 -4.11626
   0.05171  0.09633 -4.02111
   0.04581  0.09079 -3.93168
   0.04048  0.08536 -3.85426
   0.03574  0.08007 -3.76781
   0.03153  0.07493 -3.65778
   0.02781  0.06993 -3.51311
   0.02455  0.06505 -3.31990
   0.02169  0.06027 -3.01441
   0.01912  0.05557 -2.66598
   0.01677  0.05099 -2.36258
   0.01454  0.04656 -2.12281
   0.01240  0.04231 -1.96909
   0.01031  0.03829 -1.95439
   0.00832  0.03450 -2.03137
   0.00649  0.03094 -2.13009
   0.00485  0.02757 -2.23179
   0.00342  0.02439 -2.32896
   0.00219  0.02136 -2.41687
   0.00118  0.01846 -2.47477
   0.00037  0.01566 -2.49965
  -0.00023  0.01296 -2.48446
  -0.00063  0.01034 -2.41255
  -0.00081  0.00778 -2.28323
  -0.00079  0.00527 -2.09344
  -0.00055  0.00280 -1.82829
  -0.00009  0.00037 -1.52624
   0.00061 -0.00205 -1.17353
   0.00152 -0.00442 -0.83355
   0.00266 -0.00673 -0.51769
   0.00400 -0.00895 -0.23363
   0.00555 -0.01104  0.02769
   0.00731 -0.01297  0.26059
   0.00928 -0.01471  0.46904
   0.01148 -0.01620  0.64977
   0.01393 -0.01737  0.80413
   0.01664 -0.01822  0.91122
   0.01964 -0.01880  0.96820
   0.02291 -0.01919  0.99256
   0.02644 -0.01954  0.99969
   0.03021 -0.01995  0.99855
   0.03421 -0.02041  0.99200
   0.03847 -0.02090  0.98089
   0.04298 -0.02136  0.96547
   0.04777 -0.02175  0.94614
   0.05291 -0.02197  0.92572
   0.05850 -0.02198  0.90726
   0.06466 -0.02180  0.89125
   0.07159 -0.02151  0.87742
   0.07947 -0.02120  0.86141
   0.08854 -0.02098  0.83836
   0.09895 -0.02081  0.81026
   0.11074 -0.02060  0.77875
   0.12368 -0.02025  0.74541
   0.13740 -0.01966  0.71200
   0.15164 -0.01869  0.68313
   0.16665 -0.01722  0.66488
   0.18298 -0.01521  0.65421
   0.20121 -0.01266  0.64746
   0.22153 -0.00965  0.63895
   0.24341 -0.00629  0.63108
   0.26593 -0.00277  0.62496
   0.28833  0.00077  0.62001
   0.31033  0.00423  0.61456
   0.33200  0.00762  0.60874
   0.35346  0.01100  0.60373
   0.37474  0.01443  0.60070
   0.39582  0.01795  0.60066
   0.41665  0.02157  0.60646
   0.43715  0.02522  0.61525
   0.45733  0.02880  0.62522
   0.47724  0.03223  0.63486
   0.49696  0.03543  0.64350
   0.51658  0.03836  0.64900
   0.53621  0.04100  0.65277
   0.55589  0.04339  0.65572
   0.57563  0.04551  0.65821
   0.59538  0.04737  0.66061
   0.61508  0.04897  0.66340
   0.63462  0.05028  0.66606
   0.65393  0.05128  0.66865
   0.67299  0.05197  0.67070
   0.69177  0.05232  0.67248
   0.71030  0.05234  0.67335
   0.72858  0.05201  0.67355
   0.74664  0.05132  0.67303
   0.76447  0.05026  0.67158
   0.78207  0.04884  0.66876
   0.79942  0.04703  0.66445
   0.81653  0.04484  0.65814
   0.83338  0.04227  0.65007
   0.85003  0.03935  0.64012
   0.86652  0.03605  0.62761
   0.88297  0.03237  0.61187
   0.89950  0.02826  0.59186
   0.91628  0.02369  0.56250
   0.93329  0.01876  0.52687
   0.95007  0.01378  0.48882
   0.96581  0.00910  0.45536
   0.97996  0.00491  0.42413
   0.99247  0.00122  0.39796
   1.00000 -0.00100  0.38102
