                                                
 Alfa =  10.00000 Re =  4000000.000 Xflap,Yflap =     0.000000    0.000000
#    x        y        Cp  
   1.00000  0.00000  0.46611
   0.99286  0.00260  0.25710
   0.98136  0.00669  0.14521
   0.96876  0.01102  0.06126
   0.95490  0.01562 -0.00862
   0.93963  0.02048 -0.06659
   0.92289  0.02562 -0.11436
   0.90479  0.03105 -0.15862
   0.88572  0.03674 -0.21346
   0.86623  0.04251 -0.27731
   0.84683  0.04818 -0.34410
   0.82776  0.05360 -0.40942
   0.80906  0.05874 -0.47187
   0.79056  0.06359 -0.52536
   0.77197  0.06822 -0.56755
   0.75307  0.07272 -0.60534
   0.73370  0.07715 -0.64152
   0.71381  0.08154 -0.67883
   0.69354  0.08592 -0.72197
   0.67315  0.09023 -0.77816
   0.65295  0.09440 -0.83989
   0.63308  0.09835 -0.90417
   0.61359  0.10205 -0.96953
   0.59440  0.10550 -1.03197
   0.57539  0.10871 -1.09063
   0.55640  0.11169 -1.14609
   0.53739  0.11445 -1.20219
   0.51832  0.11701 -1.25897
   0.49926  0.11936 -1.31768
   0.48029  0.12148 -1.38187
   0.46154  0.12336 -1.44917
   0.44305  0.12498 -1.51795
   0.42481  0.12632 -1.58636
   0.40678  0.12739 -1.65353
   0.38884  0.12817 -1.71743
   0.37086  0.12866 -1.77617
   0.35278  0.12887 -1.83414
   0.33459  0.12878 -1.89279
   0.31642  0.12841 -1.95541
   0.29848  0.12776 -2.02287
   0.28106  0.12686 -2.10853
   0.26438  0.12573 -2.20227
   0.24845  0.12433 -2.29559
   0.23317  0.12266 -2.38218
   0.21840  0.12069 -2.46062
   0.20392  0.11839 -2.52422
   0.18949  0.11567 -2.55079
   0.17485  0.11250 -2.53023
   0.16000  0.10898 -2.51688
   0.14543  0.10533 -2.55889
   0.13193  0.10185 -2.73816
   0.11989  0.09850 -2.95097
   0.10914  0.09517 -3.13823
   0.09939  0.09173 -3.27340
   0.09037  0.08809 -3.27574
   0.08188  0.08427 -3.18717
   0.07386  0.08040 -3.11222
   0.06637  0.07663 -3.13310
   0.05949  0.07304 -3.22048
   0.05321  0.06959 -3.31961
   0.04750  0.06627 -3.41266
   0.04229  0.06305 -3.49675
   0.03752  0.05992 -3.56998
   0.03316  0.05688 -3.64540
   0.02917  0.05392 -3.71852
   0.02553  0.05106 -3.79892
   0.02219  0.04828 -3.90933
   0.01914  0.04558 -4.06365
   0.01636  0.04291 -4.20636
   0.01383  0.04025 -4.29433
   0.01153  0.03758 -4.32303
   0.00944  0.03488 -4.27790
   0.00756  0.03217 -4.19623
   0.00588  0.02946 -4.09988
   0.00441  0.02679 -3.99361
   0.00312  0.02414 -3.87639
   0.00201  0.02154 -3.75896
   0.00109  0.01898 -3.61958
   0.00034  0.01647 -3.47386
  -0.00024  0.01400 -3.29928
  -0.00065  0.01157 -3.11102
  -0.00088  0.00918 -2.89140
  -0.00094  0.00683 -2.63415
  -0.00082  0.00451 -2.34430
  -0.00051  0.00223 -2.01951
   0.00000 -0.00002 -1.64481
   0.00073 -0.00224 -1.23338
   0.00167 -0.00444 -0.83174
   0.00283 -0.00661 -0.46639
   0.00419 -0.00877 -0.14620
   0.00577 -0.01090  0.12688
   0.00756 -0.01300  0.35405
   0.00958 -0.01506  0.54050
   0.01182 -0.01706  0.68756
   0.01427 -0.01899  0.80114
   0.01694 -0.02081  0.88502
   0.01983 -0.02253  0.94270
   0.02295 -0.02416  0.97795
   0.02631 -0.02572  0.99555
   0.02992 -0.02721  0.99994
   0.03380 -0.02865  0.99423
   0.03798 -0.03001  0.98076
   0.04250 -0.03131  0.96140
   0.04740 -0.03252  0.93774
   0.05271 -0.03365  0.91193
   0.05853 -0.03469  0.88507
   0.06493 -0.03566  0.85863
   0.07202 -0.03660  0.83235
   0.07987 -0.03757  0.80314
   0.08847 -0.03860  0.76593
   0.09775 -0.03958  0.72486
   0.10774 -0.04036  0.68711
   0.11860 -0.04086  0.65754
   0.13059 -0.04109  0.63292
   0.14397 -0.04107  0.61293
   0.15886 -0.04086  0.59103
   0.17494 -0.04051  0.56404
   0.19166 -0.03996  0.53793
   0.20872 -0.03915  0.51651
   0.22615 -0.03804  0.50175
   0.24416 -0.03664  0.49128
   0.26289 -0.03497  0.48422
   0.28247 -0.03305  0.47975
   0.30290 -0.03093  0.47666
   0.32402 -0.02866  0.47278
   0.34556 -0.02630  0.46956
   0.36729 -0.02390  0.46684
   0.38908 -0.02148  0.46468
   0.41087 -0.01905  0.46279
   0.43274 -0.01664  0.46088
   0.45470 -0.01423  0.45968
   0.47668 -0.01182  0.45947
   0.49856 -0.00944  0.46033
   0.52014 -0.00710  0.46401
   0.54129 -0.00486  0.46860
   0.56194 -0.00276  0.47315
   0.58217 -0.00084  0.47711
   0.60210  0.00087  0.47941
   0.62188  0.00239  0.47905
   0.64167  0.00371  0.47715
   0.66157  0.00487  0.47459
   0.68160  0.00587  0.47131
   0.70173  0.00671  0.46790
   0.72188  0.00740  0.46476
   0.74196  0.00794  0.46134
   0.76192  0.00832  0.45787
   0.78178  0.00853  0.45355
   0.80159  0.00858  0.44891
   0.82144  0.00845  0.44269
   0.84136  0.00817  0.43588
   0.86128  0.00774  0.42900
   0.88100  0.00717  0.42207
   0.90024  0.00651  0.41672
   0.91868  0.00576  0.41379
   0.93603  0.00491  0.41144
   0.95210  0.00396  0.40802
   0.96680  0.00293  0.40267
   0.98020  0.00185  0.39845
   0.99243  0.00074  0.40706
   1.00000  0.00000  0.46611
