                                                
 Alfa =  10.00000 Re =  4000000.000 Xflap,Yflap =     0.000000    0.000000
#    x        y        Cp  
   1.00000  0.00000  0.28615
   0.99454  0.00205  0.11872
   0.98547  0.00536  0.01936
   0.97510  0.00898 -0.05341
   0.96313  0.01296 -0.11596
   0.94937  0.01727 -0.16641
   0.93402  0.02178 -0.19282
   0.91779  0.02631 -0.20699
   0.90142  0.03080 -0.21781
   0.88519  0.03528 -0.24224
   0.86904  0.03980 -0.27390
   0.85287  0.04436 -0.31031
   0.83665  0.04897 -0.34909
   0.82034  0.05361 -0.39194
   0.80393  0.05826 -0.43475
   0.78747  0.06291 -0.48149
   0.77099  0.06751 -0.52705
   0.75454  0.07206 -0.57484
   0.73814  0.07653 -0.62235
   0.72180  0.08090 -0.67121
   0.70551  0.08516 -0.71779
   0.68926  0.08932 -0.76449
   0.67301  0.09336 -0.80829
   0.65676  0.09731 -0.85153
   0.64047  0.10116 -0.89544
   0.62414  0.10492 -0.93834
   0.60776  0.10860 -0.98457
   0.59132  0.11220 -1.03049
   0.57481  0.11571 -1.07810
   0.55825  0.11915 -1.12861
   0.54163  0.12251 -1.18200
   0.52499  0.12579 -1.23825
   0.50835  0.12899 -1.30092
   0.49174  0.13209 -1.37092
   0.47521  0.13509 -1.45166
   0.45879  0.13795 -1.53774
   0.44247  0.14065 -1.62972
   0.42626  0.14318 -1.72320
   0.41012  0.14550 -1.82130
   0.39404  0.14760 -1.91778
   0.37795  0.14948 -2.01300
   0.36184  0.15113 -2.11046
   0.34570  0.15254 -2.21099
   0.32953  0.15371 -2.31861
   0.31337  0.15463 -2.43421
   0.29727  0.15529 -2.56575
   0.28130  0.15568 -2.72695
   0.26554  0.15575 -2.90120
   0.25004  0.15544 -3.08351
   0.23484  0.15472 -3.26710
   0.21996  0.15355 -3.44880
   0.20540  0.15190 -3.62255
   0.19117  0.14976 -3.78665
   0.17727  0.14710 -3.93571
   0.16371  0.14389 -4.06543
   0.15051  0.14011 -4.16723
   0.13767  0.13575 -4.22974
   0.12523  0.13081 -4.25798
   0.11320  0.12528 -4.24810
   0.10160  0.11916 -4.19528
   0.09044  0.11243 -4.07544
   0.07969  0.10512 -3.91843
   0.06930  0.09717 -3.76351
   0.05925  0.08852 -3.59161
   0.04993  0.07942 -3.35635
   0.04194  0.07056 -3.07864
   0.03532  0.06232 -2.81393
   0.02963  0.05444 -2.55063
   0.02443  0.04632 -2.17201
   0.01899  0.03693 -1.50896
   0.01374  0.02862 -1.31765
   0.00984  0.02330 -1.59839
   0.00696  0.01951 -1.96006
   0.00476  0.01651 -2.32297
   0.00304  0.01398 -2.71225
   0.00168  0.01178 -3.13272
   0.00062  0.00980 -3.59388
  -0.00017  0.00800 -4.07551
  -0.00071  0.00635 -4.57629
  -0.00101  0.00480 -4.96925
  -0.00108  0.00336 -5.14424
  -0.00088  0.00200 -4.84520
  -0.00041  0.00070 -3.96917
   0.00039 -0.00053 -2.59336
   0.00156 -0.00171 -1.29331
   0.00311 -0.00285 -0.37569
   0.00513 -0.00396  0.23210
   0.00769 -0.00503  0.61481
   0.01096 -0.00604  0.84489
   0.01515 -0.00687  0.96511
   0.02062 -0.00730  1.00000
   0.02802 -0.00725  0.97766
   0.03782 -0.00681  0.92130
   0.04888 -0.00577  0.84821
   0.06011 -0.00397  0.78104
   0.07181 -0.00130  0.72628
   0.08388  0.00224  0.68105
   0.09568  0.00649  0.64933
   0.10702  0.01145  0.63895
   0.11824  0.01722  0.64694
   0.12969  0.02389  0.66726
   0.14161  0.03157  0.69621
   0.15402  0.04015  0.73082
   0.16656  0.04918  0.76622
   0.17891  0.05808  0.79742
   0.19097  0.06645  0.82252
   0.20284  0.07411  0.84025
   0.21467  0.08104  0.85151
   0.22654  0.08732  0.86009
   0.23848  0.09298  0.86634
   0.25054  0.09806  0.87146
   0.26275  0.10256  0.87491
   0.27518  0.10649  0.87725
   0.28784  0.10983  0.87836
   0.30079  0.11254  0.87750
   0.31409  0.11461  0.87378
   0.32779  0.11606  0.86808
   0.34195  0.11694  0.86047
   0.35662  0.11728  0.85122
   0.37180  0.11715  0.84031
   0.38749  0.11660  0.82821
   0.40360  0.11572  0.81606
   0.41999  0.11459  0.80518
   0.43654  0.11322  0.79455
   0.45313  0.11163  0.78405
   0.46969  0.10986  0.77354
   0.48617  0.10790  0.76308
   0.50259  0.10579  0.75238
   0.51896  0.10353  0.74222
   0.53532  0.10113  0.73154
   0.55169  0.09859  0.72090
   0.56809  0.09592  0.70994
   0.58453  0.09311  0.69904
   0.60101  0.09018  0.68742
   0.61753  0.08714  0.67603
   0.63407  0.08399  0.66369
   0.65064  0.08074  0.65173
   0.66724  0.07741  0.63870
   0.68385  0.07401  0.62675
   0.70050  0.07053  0.61386
   0.71716  0.06700  0.60187
   0.73384  0.06341  0.59021
   0.75052  0.05975  0.57767
   0.76717  0.05602  0.56498
   0.78374  0.05223  0.55178
   0.80019  0.04837  0.53672
   0.81646  0.04447  0.51974
   0.83254  0.04056  0.50099
   0.84846  0.03665  0.48211
   0.86428  0.03278  0.46222
   0.88013  0.02893  0.44248
   0.89617  0.02511  0.42457
   0.91261  0.02128  0.41092
   0.92931  0.01743  0.40015
   0.94580  0.01359  0.38520
   0.96084  0.00999  0.36788
   0.97380  0.00678  0.34678
   0.98484  0.00397  0.32023
   0.99434  0.00149  0.30372
   1.00000  0.00000  0.28615
