                                                
 Alfa =  10.00000 Re =  4000000.000 Xflap,Yflap =     0.000000    0.000000
#    x        y        Cp  
   1.00000  0.00000  0.39318
   0.99188  0.00204  0.29321
   0.97904  0.00572  0.14145
   0.96530  0.00959  0.03049
   0.95058  0.01337 -0.03081
   0.93464  0.01711 -0.06177
   0.91735  0.02091 -0.08097
   0.89880  0.02490 -0.10550
   0.87920  0.02908 -0.13331
   0.85880  0.03342 -0.16489
   0.83783  0.03788 -0.19711
   0.81648  0.04242 -0.23144
   0.79489  0.04702 -0.26803
   0.77312  0.05167 -0.30698
   0.75127  0.05634 -0.34778
   0.72941  0.06101 -0.39087
   0.70759  0.06565 -0.43522
   0.68584  0.07025 -0.48252
   0.66419  0.07479 -0.53211
   0.64267  0.07926 -0.58456
   0.62130  0.08364 -0.63874
   0.60007  0.08791 -0.69598
   0.57900  0.09207 -0.75502
   0.55808  0.09609 -0.81808
   0.53735  0.09997 -0.88372
   0.51681  0.10368 -0.95278
   0.49647  0.10721 -1.02481
   0.47633  0.11055 -1.09993
   0.45642  0.11368 -1.17996
   0.43675  0.11659 -1.26295
   0.41735  0.11925 -1.34986
   0.39822  0.12166 -1.44103
   0.37938  0.12380 -1.53509
   0.36084  0.12564 -1.63347
   0.34264  0.12720 -1.73558
   0.32480  0.12844 -1.84156
   0.30735  0.12936 -1.95302
   0.29031  0.12995 -2.06623
   0.27372  0.13021 -2.18478
   0.25760  0.13013 -2.30531
   0.24197  0.12969 -2.42871
   0.22688  0.12892 -2.55391
   0.21233  0.12779 -2.67616
   0.19832  0.12633 -2.79396
   0.18485  0.12452 -2.90247
   0.17194  0.12240 -3.00936
   0.15960  0.11998 -3.10833
   0.14783  0.11728 -3.19939
   0.13664  0.11431 -3.27981
   0.12603  0.11110 -3.34465
   0.11600  0.10768 -3.39377
   0.10653  0.10406 -3.41598
   0.09761  0.10028 -3.41895
   0.08923  0.09639 -3.41108
   0.08137  0.09242 -3.40099
   0.07403  0.08842 -3.39306
   0.06720  0.08442 -3.37637
   0.06086  0.08043 -3.36417
   0.05499  0.07648 -3.34928
   0.04957  0.07258 -3.32939
   0.04456  0.06874 -3.30627
   0.03995  0.06495 -3.27172
   0.03569  0.06123 -3.23925
   0.03176  0.05757 -3.19679
   0.02816  0.05400 -3.15384
   0.02484  0.05050 -3.11703
   0.02181  0.04709 -3.07981
   0.01905  0.04376 -3.03134
   0.01653  0.04049 -2.97351
   0.01424  0.03729 -2.89450
   0.01215  0.03413 -2.79085
   0.01025  0.03102 -2.68000
   0.00852  0.02797 -2.57326
   0.00694  0.02498 -2.47518
   0.00551  0.02207 -2.41938
   0.00424  0.01925 -2.38890
   0.00313  0.01652 -2.35666
   0.00218  0.01388 -2.31095
   0.00141  0.01131 -2.24692
   0.00080  0.00880 -2.16061
   0.00035  0.00634 -2.03700
   0.00008  0.00391 -1.88439
  -0.00003  0.00150 -1.68888
   0.00005 -0.00091 -1.45478
   0.00032 -0.00334 -1.18429
   0.00079 -0.00576 -0.90671
   0.00146 -0.00819 -0.63240
   0.00237 -0.01061 -0.35680
   0.00353 -0.01299 -0.08873
   0.00496 -0.01529  0.17849
   0.00669 -0.01752  0.42613
   0.00869 -0.01966  0.62012
   0.01094 -0.02174  0.76215
   0.01340 -0.02378  0.85972
   0.01605 -0.02580  0.92232
   0.01886 -0.02781  0.96227
   0.02185 -0.02980  0.98674
   0.02505 -0.03177  0.99826
   0.02846 -0.03371  0.99922
   0.03212 -0.03563  0.99130
   0.03604 -0.03751  0.97604
   0.04025 -0.03936  0.95468
   0.04475 -0.04117  0.92865
   0.04958 -0.04295  0.89864
   0.05475 -0.04468  0.86521
   0.06029 -0.04636  0.82937
   0.06623 -0.04797  0.79154
   0.07261 -0.04950  0.75301
   0.07946 -0.05094  0.71355
   0.08684 -0.05226  0.67477
   0.09478 -0.05345  0.63652
   0.10333 -0.05448  0.59977
   0.11253 -0.05533  0.56483
   0.12244 -0.05595  0.53317
   0.13311 -0.05632  0.50598
   0.14462 -0.05640  0.48383
   0.15706 -0.05616  0.46695
   0.17053 -0.05560  0.45481
   0.18513 -0.05471  0.44744
   0.20094 -0.05350  0.44322
   0.21798 -0.05202  0.43845
   0.23617 -0.05029  0.43450
   0.25537 -0.04837  0.43052
   0.27541 -0.04629  0.42615
   0.29612 -0.04408  0.42241
   0.31735 -0.04178  0.41913
   0.33897 -0.03942  0.41650
   0.36083 -0.03703  0.41385
   0.38283 -0.03464  0.41125
   0.40486 -0.03227  0.40892
   0.42689 -0.02993  0.40681
   0.44890 -0.02763  0.40494
   0.47088 -0.02538  0.40317
   0.49282 -0.02319  0.40116
   0.51473 -0.02106  0.39971
   0.53659 -0.01899  0.39800
   0.55841 -0.01699  0.39651
   0.58018 -0.01505  0.39539
   0.60190 -0.01320  0.39395
   0.62357 -0.01142  0.39272
   0.64519 -0.00974  0.39132
   0.66677 -0.00813  0.39009
   0.68829 -0.00662  0.38875
   0.70973 -0.00519  0.38786
   0.73107 -0.00387  0.38695
   0.75230 -0.00267  0.38564
   0.77342 -0.00157  0.38447
   0.79440 -0.00059  0.38323
   0.81518  0.00027  0.38220
   0.83570  0.00099  0.38092
   0.85589  0.00158  0.38018
   0.87565  0.00202  0.37893
   0.89487  0.00231  0.37818
   0.91341  0.00243  0.37667
   0.93115  0.00240  0.37449
   0.94795  0.00222  0.37341
   0.96367  0.00190  0.37514
   0.97822  0.00141  0.38350
   0.99163  0.00068  0.40373
   1.00000  0.00000  0.39318
