                                                
 Alfa =  10.00000 Re =  4000000.000 Xflap,Yflap =     0.000000    0.000000
#    x        y        Cp  
   1.00000  0.00000  0.60714
   0.99511  0.00143 -0.01341
   0.98703  0.00206  0.22227
   0.97776  0.00276  0.23675
   0.96689  0.00382  0.20512
   0.95446  0.00514  0.19416
   0.94068  0.00674  0.17740
   0.92594  0.00865  0.15874
   0.91050  0.01085  0.13392
   0.89460  0.01330  0.10843
   0.87840  0.01599  0.07905
   0.86199  0.01890  0.04651
   0.84539  0.02201  0.00983
   0.82857  0.02532 -0.03371
   0.81150  0.02879 -0.08123
   0.79424  0.03239 -0.13445
   0.77684  0.03604 -0.19078
   0.75948  0.03965 -0.24799
   0.74229  0.04316 -0.30469
   0.72528  0.04654 -0.36077
   0.70843  0.04975 -0.41480
   0.69171  0.05279 -0.46708
   0.67514  0.05565 -0.52012
   0.65870  0.05829 -0.56836
   0.64234  0.06073 -0.61322
   0.62600  0.06295 -0.65214
   0.60965  0.06496 -0.68885
   0.59328  0.06676 -0.72050
   0.57684  0.06836 -0.74731
   0.56031  0.06977 -0.77189
   0.54367  0.07101 -0.79377
   0.52695  0.07207 -0.81491
   0.51014  0.07296 -0.83456
   0.49324  0.07370 -0.85395
   0.47627  0.07428 -0.87256
   0.45923  0.07472 -0.89158
   0.44213  0.07502 -0.91114
   0.42498  0.07519 -0.93206
   0.40781  0.07523 -0.95418
   0.39062  0.07513 -0.97734
   0.37340  0.07491 -1.00054
   0.35619  0.07456 -1.02794
   0.33902  0.07409 -1.05798
   0.32188  0.07349 -1.08895
   0.30477  0.07275 -1.11987
   0.28771  0.07188 -1.15717
   0.27071  0.07087 -1.19338
   0.25378  0.06971 -1.23417
   0.23691  0.06841 -1.27784
   0.22015  0.06695 -1.32829
   0.20354  0.06535 -1.38262
   0.18710  0.06358 -1.44468
   0.17087  0.06165 -1.51142
   0.15494  0.05955 -1.59146
   0.13940  0.05728 -1.67809
   0.12434  0.05484 -1.77426
   0.10991  0.05227 -1.88602
   0.09635  0.04959 -2.01653
   0.08385  0.04686 -2.16564
   0.07255  0.04413 -2.32497
   0.06251  0.04144 -2.50734
   0.05372  0.03883 -2.70377
   0.04608  0.03631 -2.90492
   0.03945  0.03389 -3.10674
   0.03367  0.03156 -3.33161
   0.02864  0.02933 -3.55811
   0.02423  0.02718 -3.79778
   0.02035  0.02509 -4.04932
   0.01693  0.02305 -4.30634
   0.01389  0.02105 -4.60152
   0.01121  0.01907 -4.90997
   0.00885  0.01710 -5.20821
   0.00679  0.01513 -5.55019
   0.00502  0.01315 -5.79731
   0.00352  0.01113 -5.88812
   0.00230  0.00907 -5.81729
   0.00135  0.00700 -5.61052
   0.00067  0.00495 -5.22033
   0.00023  0.00294 -4.71289
   0.00003  0.00097 -4.16536
   0.00003 -0.00097 -3.55224
   0.00023 -0.00294 -2.90302
   0.00067 -0.00495 -2.26700
   0.00135 -0.00700 -1.61642
   0.00230 -0.00907 -1.01361
   0.00352 -0.01113 -0.48820
   0.00502 -0.01315 -0.05426
   0.00679 -0.01513  0.28756
   0.00885 -0.01710  0.54348
   0.01121 -0.01907  0.72333
   0.01389 -0.02105  0.84523
   0.01693 -0.02305  0.92584
   0.02035 -0.02509  0.97326
   0.02423 -0.02718  0.99583
   0.02864 -0.02933  0.99925
   0.03367 -0.03157  0.98737
   0.03945 -0.03389  0.96372
   0.04608 -0.03631  0.93029
   0.05372 -0.03883  0.88992
   0.06251 -0.04144  0.84413
   0.07255 -0.04413  0.79534
   0.08385 -0.04686  0.74454
   0.09635 -0.04959  0.69396
   0.10991 -0.05227  0.64498
   0.12434 -0.05484  0.59822
   0.13940 -0.05728  0.55333
   0.15494 -0.05955  0.51231
   0.17087 -0.06165  0.47546
   0.18710 -0.06358  0.44007
   0.20354 -0.06535  0.40723
   0.22015 -0.06695  0.37761
   0.23691 -0.06841  0.34881
   0.25378 -0.06971  0.32237
   0.27071 -0.07087  0.29768
   0.28771 -0.07188  0.27294
   0.30477 -0.07275  0.25194
   0.32188 -0.07349  0.23050
   0.33902 -0.07409  0.21066
   0.35619 -0.07456  0.19185
   0.37340 -0.07491  0.17424
   0.39062 -0.07513  0.15564
   0.40781 -0.07523  0.13848
   0.42498 -0.07519  0.12175
   0.44213 -0.07502  0.10619
   0.45923 -0.07472  0.09074
   0.47627 -0.07428  0.07520
   0.49325 -0.07369  0.06139
   0.51014 -0.07296  0.04759
   0.52695 -0.07207  0.03600
   0.54368 -0.07101  0.02486
   0.56031 -0.06977  0.01570
   0.57684 -0.06836  0.00800
   0.59328 -0.06676  0.00347
   0.60966 -0.06496  0.00105
   0.62600 -0.06295  0.00383
   0.64234 -0.06073  0.00820
   0.65870 -0.05829  0.01703
   0.67514 -0.05565  0.02994
   0.69172 -0.05279  0.04551
   0.70843 -0.04975  0.06275
   0.72528 -0.04654  0.08208
   0.74229 -0.04316  0.10358
   0.75948 -0.03965  0.12684
   0.77684 -0.03604  0.15155
   0.79424 -0.03239  0.17689
   0.81151 -0.02879  0.20160
   0.82857 -0.02532  0.22287
   0.84540 -0.02201  0.24201
   0.86199 -0.01890  0.25778
   0.87840 -0.01599  0.26975
   0.89460 -0.01330  0.28029
   0.91050 -0.01084  0.28789
   0.92594 -0.00865  0.29460
   0.94068 -0.00674  0.29661
   0.95446 -0.00514  0.29703
   0.96689 -0.00382  0.29203
   0.97776 -0.00276  0.30544
   0.98703 -0.00206  0.27721
   0.99511 -0.00143  0.02816
   1.00000  0.00000  0.60714
