                                                
 Alfa =  10.00000 Re =  4000000.000 Xflap,Yflap =     0.000000    0.000000
#    x        y        Cp  
   1.00000  0.00250  0.33807
   0.99403  0.00313  0.21195
   0.98321  0.00426  0.15495
   0.97013  0.00564  0.10995
   0.95528  0.00720  0.07238
   0.93935  0.00887  0.03925
   0.92290  0.01060  0.00981
   0.90622  0.01235 -0.01774
   0.88945  0.01411 -0.04247
   0.87265  0.01587 -0.06648
   0.85583  0.01764 -0.08989
   0.83900  0.01940 -0.11279
   0.82217  0.02117 -0.13558
   0.80534  0.02294 -0.15750
   0.78851  0.02471 -0.18073
   0.77169  0.02647 -0.20341
   0.75486  0.02824 -0.22780
   0.73805  0.03001 -0.25232
   0.72126  0.03177 -0.27756
   0.70454  0.03352 -0.30612
   0.68796  0.03526 -0.33603
   0.67173  0.03697 -0.37099
   0.65612  0.03859 -0.41118
   0.64107  0.04010 -0.45851
   0.62635  0.04143 -0.48214
   0.61173  0.04266 -0.50604
   0.59701  0.04382 -0.55726
   0.58222  0.04477 -0.55003
   0.56734  0.04564 -0.58018
   0.55220  0.04639 -0.57162
   0.53719  0.04712 -0.61114
   0.52226  0.04772 -0.62767
   0.50714  0.04818 -0.61904
   0.49165  0.04865 -0.63698
   0.47629  0.04908 -0.67577
   0.46081  0.04938 -0.67154
   0.44543  0.04965 -0.70903
   0.42986  0.04980 -0.69820
   0.41430  0.04997 -0.74590
   0.39890  0.05000 -0.74715
   0.38327  0.05000 -0.76335
   0.36784  0.04998 -0.81399
   0.35232  0.04982 -0.80407
   0.33672  0.04967 -0.85296
   0.32134  0.04943 -0.87160
   0.30581  0.04912 -0.90976
   0.29043  0.04871 -0.92702
   0.27480  0.04824 -0.94597
   0.25935  0.04778 -1.01913
   0.24392  0.04715 -1.01981
   0.22856  0.04653 -1.10148
   0.21326  0.04576 -1.10924
   0.19825  0.04500 -1.19736
   0.18357  0.04412 -1.24987
   0.16906  0.04313 -1.30017
   0.15456  0.04207 -1.37678
   0.13995  0.04090 -1.48173
   0.12537  0.03954 -1.55447
   0.11084  0.03809 -1.68607
   0.09662  0.03651 -1.86959
   0.08311  0.03475 -2.02813
   0.07039  0.03286 -2.24931
   0.05902  0.03092 -2.48155
   0.04916  0.02903 -2.79849
   0.04087  0.02721 -3.16617
   0.03395  0.02545 -3.58265
   0.02817  0.02372 -4.00670
   0.02329  0.02202 -4.42312
   0.01912  0.02032 -4.82770
   0.01551  0.01863 -5.25049
   0.01238  0.01695 -5.68272
   0.00966  0.01528 -6.24632
   0.00732  0.01364 -7.11600
   0.00535  0.01195 -7.86773
   0.00372  0.01017 -8.16062
   0.00242  0.00832 -8.05159
   0.00142  0.00644 -7.65782
   0.00071  0.00456 -7.08988
   0.00025  0.00271 -6.44760
   0.00003  0.00090 -5.72890
   0.00003 -0.00090 -4.87055
   0.00025 -0.00271 -3.93530
   0.00071 -0.00456 -3.02815
   0.00142 -0.00644 -2.18333
   0.00242 -0.00832 -1.40207
   0.00372 -0.01017 -0.71143
   0.00535 -0.01195 -0.13224
   0.00732 -0.01364  0.31607
   0.00966 -0.01528  0.61858
   0.01238 -0.01695  0.79895
   0.01551 -0.01863  0.90902
   0.01912 -0.02032  0.97131
   0.02329 -0.02202  0.99741
   0.02817 -0.02372  0.99686
   0.03395 -0.02545  0.97673
   0.04087 -0.02721  0.94321
   0.04916 -0.02903  0.90041
   0.05902 -0.03092  0.85196
   0.07039 -0.03286  0.79919
   0.08311 -0.03475  0.74777
   0.09662 -0.03651  0.69770
   0.11084 -0.03809  0.65742
   0.12537 -0.03954  0.61943
   0.13995 -0.04090  0.57924
   0.15456 -0.04207  0.55026
   0.16906 -0.04313  0.52222
   0.18357 -0.04412  0.49266
   0.19825 -0.04500  0.46635
   0.21326 -0.04576  0.45246
   0.22856 -0.04653  0.41933
   0.24392 -0.04715  0.40991
   0.25935 -0.04778  0.37863
   0.27480 -0.04824  0.37182
   0.29043 -0.04871  0.35001
   0.30581 -0.04912  0.32851
   0.32134 -0.04943  0.31657
   0.33672 -0.04967  0.29820
   0.35232 -0.04982  0.29309
   0.36784 -0.04998  0.26615
   0.38327 -0.05000  0.26433
   0.39890 -0.05000  0.24986
   0.41430 -0.04997  0.22900
   0.42986 -0.04980  0.23018
   0.44543 -0.04965  0.20506
   0.46081 -0.04938  0.20298
   0.47629 -0.04908  0.18261
   0.49165 -0.04865  0.18282
   0.50714 -0.04818  0.17366
   0.52226 -0.04772  0.15205
   0.53719 -0.04712  0.14323
   0.55220 -0.04639  0.14770
   0.56734 -0.04564  0.12605
   0.58222 -0.04477  0.12715
   0.59701 -0.04382  0.10615
   0.61173 -0.04266  0.12087
   0.62635 -0.04143  0.11900
   0.64107 -0.04010  0.11863
   0.65612 -0.03859  0.13216
   0.67173 -0.03697  0.14271
   0.68796 -0.03526  0.14913
   0.70454 -0.03352  0.15371
   0.72126 -0.03177  0.15654
   0.73805 -0.03001  0.15920
   0.75486 -0.02824  0.16108
   0.77169 -0.02647  0.16266
   0.78851 -0.02471  0.16422
   0.80534 -0.02294  0.16586
   0.82217 -0.02117  0.16703
   0.83900 -0.01940  0.16901
   0.85583 -0.01764  0.17037
   0.87265 -0.01587  0.17293
   0.88945 -0.01411  0.17520
   0.90622 -0.01235  0.17895
   0.92290 -0.01060  0.18286
   0.93935 -0.00887  0.18891
   0.95528 -0.00720  0.19720
   0.97013 -0.00564  0.20892
   0.98321 -0.00426  0.22805
   0.99403 -0.00313  0.25767
   1.00000 -0.00250  0.33807
