                                                
 Alfa =  10.00000 Re =  4000000.000 Xflap,Yflap =     0.000000    0.000000
#    x        y        Cp  
   1.00000  0.00000  0.37382
   0.99487  0.00117  0.20646
   0.98633  0.00310  0.12895
   0.97651  0.00528  0.06984
   0.96513  0.00778  0.01655
   0.95197  0.01061 -0.03488
   0.93739  0.01368 -0.08285
   0.92272  0.01669 -0.12983
   0.90789  0.01964 -0.17071
   0.89325  0.02245 -0.20941
   0.87894  0.02510 -0.23909
   0.86476  0.02763 -0.26920
   0.85058  0.03008 -0.29581
   0.83630  0.03245 -0.32100
   0.82185  0.03478 -0.34552
   0.80721  0.03706 -0.36764
   0.79238  0.03929 -0.39118
   0.77741  0.04146 -0.41259
   0.76235  0.04359 -0.43263
   0.74725  0.04565 -0.45530
   0.73214  0.04765 -0.47391
   0.71706  0.04960 -0.49658
   0.70201  0.05149 -0.51668
   0.68702  0.05333 -0.54182
   0.67207  0.05512 -0.56560
   0.65716  0.05685 -0.59204
   0.64229  0.05851 -0.61576
   0.62743  0.06010 -0.64259
   0.61258  0.06162 -0.66582
   0.59771  0.06305 -0.68736
   0.58280  0.06441 -0.70617
   0.56783  0.06570 -0.72243
   0.55279  0.06693 -0.73826
   0.53768  0.06811 -0.75525
   0.52250  0.06927 -0.77428
   0.50729  0.07040 -0.79544
   0.49205  0.07153 -0.82283
   0.47683  0.07264 -0.85830
   0.46165  0.07373 -0.89505
   0.44654  0.07476 -0.93813
   0.43149  0.07574 -0.98092
   0.41651  0.07665 -1.02699
   0.40160  0.07747 -1.07272
   0.38673  0.07820 -1.11926
   0.37188  0.07882 -1.16515
   0.35706  0.07933 -1.21305
   0.34224  0.07973 -1.26199
   0.32743  0.08001 -1.31248
   0.31264  0.08016 -1.36574
   0.29787  0.08019 -1.42366
   0.28315  0.08007 -1.48656
   0.26848  0.07981 -1.55384
   0.25389  0.07936 -1.62288
   0.23939  0.07873 -1.69293
   0.22499  0.07789 -1.76294
   0.21070  0.07682 -1.83240
   0.19653  0.07551 -1.89557
   0.18248  0.07396 -1.95167
   0.16850  0.07217 -2.00708
   0.15450  0.07014 -2.06718
   0.14032  0.06785 -2.13990
   0.12582  0.06526 -2.23336
   0.11120  0.06239 -2.35811
   0.09710  0.05938 -2.55261
   0.08417  0.05632 -2.86285
   0.07232  0.05301 -3.15820
   0.06100  0.04916 -3.36952
   0.05012  0.04469 -3.50690
   0.04035  0.03993 -3.58203
   0.03188  0.03522 -3.67716
   0.02420  0.03037 -3.88432
   0.01680  0.02495 -4.14121
   0.01134  0.02022 -4.23455
   0.00780  0.01677 -4.55346
   0.00532  0.01408 -4.93567
   0.00349  0.01183 -5.38154
   0.00209  0.00986 -5.89712
   0.00102  0.00810 -6.47010
   0.00024  0.00649 -7.11003
  -0.00028  0.00501 -7.71124
  -0.00057  0.00362 -8.17268
  -0.00063  0.00233 -8.24090
  -0.00043  0.00110 -7.56847
   0.00003 -0.00006 -5.95577
   0.00081 -0.00117 -3.78982
   0.00192 -0.00225 -2.03093
   0.00341 -0.00331 -0.82091
   0.00535 -0.00436 -0.02591
   0.00790 -0.00544  0.47662
   0.01134 -0.00656  0.78133
   0.01611 -0.00769  0.94382
   0.02257 -0.00858  0.99900
   0.03040 -0.00899  0.98585
   0.04001 -0.00895  0.94683
   0.05232 -0.00844  0.90104
   0.06650 -0.00770  0.85988
   0.08038 -0.00714  0.82317
   0.09425 -0.00676  0.78121
   0.10863 -0.00630  0.74422
   0.12345 -0.00562  0.71611
   0.13853 -0.00481  0.69305
   0.15372 -0.00394  0.67319
   0.16892 -0.00306  0.65332
   0.18408 -0.00217  0.63517
   0.19917 -0.00125  0.61939
   0.21420 -0.00029  0.60681
   0.22917  0.00070  0.59675
   0.24411  0.00171  0.58827
   0.25902  0.00270  0.58130
   0.27392  0.00366  0.57474
   0.28882  0.00457  0.56906
   0.30373  0.00540  0.56258
   0.31868  0.00616  0.55471
   0.33365  0.00684  0.54685
   0.34867  0.00744  0.53828
   0.36372  0.00799  0.53020
   0.37882  0.00849  0.52177
   0.39395  0.00893  0.51352
   0.40910  0.00934  0.50620
   0.42427  0.00972  0.49919
   0.43944  0.01006  0.49284
   0.45461  0.01036  0.48609
   0.46977  0.01061  0.48028
   0.48491  0.01083  0.47406
   0.50004  0.01100  0.46772
   0.51515  0.01113  0.46239
   0.53024  0.01121  0.45620
   0.54532  0.01124  0.45022
   0.56038  0.01122  0.44396
   0.57544  0.01114  0.43822
   0.59049  0.01101  0.43028
   0.60555  0.01082  0.42401
   0.62061  0.01057  0.41422
   0.63569  0.01028  0.40563
   0.65079  0.00996  0.39598
   0.66592  0.00961  0.38684
   0.68108  0.00924  0.37776
   0.69628  0.00888  0.36919
   0.71152  0.00853  0.36298
   0.72680  0.00819  0.35811
   0.74208  0.00784  0.35282
   0.75736  0.00746  0.34891
   0.77263  0.00706  0.34285
   0.78782  0.00660  0.33715
   0.80288  0.00610  0.32967
   0.81775  0.00553  0.31915
   0.83243  0.00494  0.30732
   0.84692  0.00433  0.29366
   0.86131  0.00373  0.28326
   0.87569  0.00316  0.27026
   0.89021  0.00262  0.25998
   0.90508  0.00214  0.25228
   0.92015  0.00173  0.25030
   0.93494  0.00138  0.24896
   0.94991  0.00105  0.24898
   0.96377  0.00076  0.25131
   0.97571  0.00050  0.25496
   0.98591  0.00029  0.26131
   0.99473  0.00011  0.28585
   1.00000  0.00000  0.37382
