                                                
 Alfa =  10.00000 Re =  4000000.000 Xflap,Yflap =     0.000000    0.000000
#    x        y        Cp  
   1.00000  0.00800  0.23377
   0.99491  0.00896  0.13781
   0.98687  0.01048  0.09493
   0.97826  0.01211  0.06133
   0.96902  0.01388  0.03138
   0.95904  0.01579  0.00318
   0.94825  0.01787 -0.02502
   0.93654  0.02014 -0.05091
   0.92384  0.02261 -0.08182
   0.91016  0.02530 -0.11218
   0.89562  0.02817 -0.14555
   0.88110  0.03105 -0.18236
   0.86685  0.03387 -0.21768
   0.85263  0.03667 -0.25423
   0.83827  0.03946 -0.29133
   0.82367  0.04225 -0.32700
   0.80886  0.04500 -0.36304
   0.79419  0.04763 -0.39256
   0.77964  0.05015 -0.41853
   0.76509  0.05258 -0.44028
   0.75050  0.05496 -0.46300
   0.73580  0.05731 -0.48306
   0.72099  0.05964 -0.50553
   0.70608  0.06196 -0.53112
   0.69111  0.06428 -0.56477
   0.67613  0.06659 -0.60169
   0.66121  0.06885 -0.64406
   0.64636  0.07103 -0.68738
   0.63159  0.07312 -0.72940
   0.61691  0.07509 -0.77136
   0.60227  0.07693 -0.80811
   0.58764  0.07862 -0.83607
   0.57298  0.08017 -0.85831
   0.55826  0.08161 -0.87661
   0.54346  0.08295 -0.89477
   0.52857  0.08422 -0.91344
   0.51360  0.08544 -0.93441
   0.49858  0.08661 -0.95939
   0.48353  0.08775 -0.99679
   0.46850  0.08885 -1.03918
   0.45351  0.08988 -1.08521
   0.43857  0.09083 -1.13393
   0.42369  0.09168 -1.18572
   0.40887  0.09242 -1.23934
   0.39409  0.09303 -1.29285
   0.37935  0.09350 -1.34821
   0.36462  0.09382 -1.40359
   0.34992  0.09398 -1.45883
   0.33524  0.09395 -1.51519
   0.32059  0.09374 -1.56859
   0.30599  0.09333 -1.62361
   0.29146  0.09271 -1.67396
   0.27704  0.09187 -1.72186
   0.26272  0.09082 -1.76877
   0.24851  0.08954 -1.81255
   0.23437  0.08805 -1.85612
   0.22026  0.08631 -1.89598
   0.20612  0.08433 -1.93657
   0.19186  0.08208 -1.97009
   0.17743  0.07954 -2.00208
   0.16289  0.07673 -2.03764
   0.14849  0.07372 -2.08767
   0.13460  0.07061 -2.16290
   0.12129  0.06740 -2.25309
   0.10825  0.06400 -2.36006
   0.09477  0.06018 -2.51479
   0.08118  0.05590 -2.72080
   0.06881  0.05147 -2.91617
   0.05610  0.04620 -3.10866
   0.04465  0.04066 -3.32156
   0.03633  0.03600 -3.51741
   0.02939  0.03148 -3.69572
   0.02227  0.02590 -3.43518
   0.01332  0.01782 -2.92712
   0.00837  0.01346 -3.69357
   0.00545  0.01074 -4.52712
   0.00344  0.00865 -5.44121
   0.00198  0.00689 -6.51573
   0.00094  0.00534 -7.74415
   0.00023  0.00393 -9.11309
  -0.00018  0.00264-10.31108
  -0.00029  0.00142-10.63354
  -0.00009  0.00026 -9.26742
   0.00045 -0.00087 -6.21298
   0.00135 -0.00197 -3.49734
   0.00264 -0.00306 -1.66219
   0.00440 -0.00416 -0.48897
   0.00675 -0.00526  0.24231
   0.01001 -0.00635  0.68653
   0.01486 -0.00723  0.93820
   0.02273 -0.00707  0.99896
   0.03401 -0.00597  0.96609
   0.04779 -0.00483  0.91480
   0.06270 -0.00358  0.86524
   0.07766 -0.00226  0.82478
   0.09262 -0.00094  0.79130
   0.10746  0.00033  0.76108
   0.12214  0.00155  0.73239
   0.13675  0.00280  0.70656
   0.15132  0.00418  0.68649
   0.16583  0.00572  0.67579
   0.18031  0.00732  0.67000
   0.19478  0.00887  0.66596
   0.20929  0.01027  0.65854
   0.22388  0.01149  0.64799
   0.23855  0.01257  0.63578
   0.25334  0.01352  0.62362
   0.26825  0.01440  0.61049
   0.28324  0.01521  0.59811
   0.29832  0.01601  0.58697
   0.31342  0.01681  0.57810
   0.32851  0.01761  0.57208
   0.34356  0.01839  0.56661
   0.35856  0.01912  0.56159
   0.37350  0.01980  0.55714
   0.38838  0.02040  0.55283
   0.40324  0.02090  0.54656
   0.41810  0.02131  0.53939
   0.43299  0.02163  0.53047
   0.44792  0.02188  0.52237
   0.46290  0.02209  0.51246
   0.47794  0.02227  0.50498
   0.49303  0.02243  0.49595
   0.50816  0.02259  0.49029
   0.52328  0.02276  0.48589
   0.53839  0.02292  0.48222
   0.55348  0.02306  0.48007
   0.56852  0.02316  0.47751
   0.58353  0.02321  0.47545
   0.59849  0.02321  0.47228
   0.61343  0.02312  0.46999
   0.62835  0.02296  0.46554
   0.64326  0.02272  0.46232
   0.65816  0.02238  0.45736
   0.67304  0.02195  0.45336
   0.68791  0.02141  0.44566
   0.70275  0.02077  0.43875
   0.71755  0.02003  0.43028
   0.73231  0.01919  0.41804
   0.74705  0.01828  0.40777
   0.76180  0.01730  0.39510
   0.77659  0.01628  0.38191
   0.79149  0.01521  0.37064
   0.80653  0.01413  0.35758
   0.82140  0.01305  0.34644
   0.83599  0.01199  0.33641
   0.85037  0.01094  0.32600
   0.86463  0.00989  0.31575
   0.87895  0.00884  0.30619
   0.89356  0.00777  0.29616
   0.90840  0.00668  0.28587
   0.92242  0.00566  0.27651
   0.93540  0.00471  0.26759
   0.94736  0.00384  0.25898
   0.95836  0.00303  0.25166
   0.96852  0.00229  0.24469
   0.97792  0.00161  0.23794
   0.98667  0.00097  0.23600
   0.99484  0.00038  0.23465
   1.00000  0.00000  0.23377
