                                                
 Alfa =  10.00000 Re =  4000000.000 Xflap,Yflap =     0.000000    0.000000
#    x        y        Cp  
   1.00000  0.00218  0.32895
   0.99356  0.00298  0.22318
   0.98323  0.00425  0.18779
   0.97242  0.00555  0.21445
   0.96143  0.00722  0.18888
   0.94934  0.00945  0.08743
   0.93557  0.01189  0.05271
   0.92015  0.01458  0.01070
   0.90335  0.01748 -0.02562
   0.88559  0.02051 -0.06289
   0.86722  0.02363 -0.09933
   0.84852  0.02676 -0.13461
   0.82966  0.02989 -0.16973
   0.81072  0.03298 -0.20377
   0.79178  0.03602 -0.23758
   0.77286  0.03900 -0.27158
   0.75398  0.04192 -0.30446
   0.73515  0.04476 -0.33801
   0.71637  0.04751 -0.37022
   0.69763  0.05018 -0.40192
   0.67891  0.05276 -0.43353
   0.66020  0.05525 -0.46350
   0.64149  0.05766 -0.49447
   0.62279  0.05998 -0.52436
   0.60409  0.06220 -0.55461
   0.58538  0.06434 -0.58535
   0.56667  0.06639 -0.61570
   0.54795  0.06836 -0.64683
   0.52923  0.07023 -0.67829
   0.51050  0.07201 -0.71078
   0.49177  0.07371 -0.74431
   0.47304  0.07531 -0.77853
   0.45432  0.07683 -0.81484
   0.43560  0.07825 -0.85223
   0.41690  0.07958 -0.89177
   0.39822  0.08081 -0.93399
   0.37958  0.08194 -0.97902
   0.36099  0.08298 -1.02828
   0.34248  0.08391 -1.08060
   0.32406  0.08472 -1.13785
   0.30578  0.08542 -1.20007
   0.28767  0.08599 -1.27115
   0.26985  0.08644 -1.35439
   0.25240  0.08671 -1.44515
   0.23532  0.08679 -1.54033
   0.21862  0.08666 -1.64107
   0.20229  0.08627 -1.73620
   0.18630  0.08565 -1.83454
   0.17073  0.08481 -1.93996
   0.15571  0.08378 -2.06280
   0.14145  0.08258 -2.22080
   0.12815  0.08123 -2.40240
   0.11584  0.07971 -2.59150
   0.10453  0.07803 -2.79270
   0.09421  0.07620 -3.01067
   0.08482  0.07424 -3.22505
   0.07627  0.07216 -3.45557
   0.06851  0.06997 -3.70754
   0.06147  0.06766 -3.96022
   0.05507  0.06521 -4.16998
   0.04923  0.06262 -4.34614
   0.04390  0.05989 -4.46326
   0.03904  0.05702 -4.48893
   0.03460  0.05402 -4.43751
   0.03054  0.05092 -4.33217
   0.02685  0.04775 -4.13327
   0.02347  0.04455 -3.90491
   0.02038  0.04137 -3.75525
   0.01755  0.03824 -3.64435
   0.01499  0.03517 -3.53887
   0.01268  0.03215 -3.43460
   0.01062  0.02919 -3.30624
   0.00878  0.02630 -3.17410
   0.00716  0.02347 -3.03216
   0.00574  0.02072 -2.88435
   0.00450  0.01803 -2.72891
   0.00344  0.01541 -2.56068
   0.00254  0.01287 -2.38808
   0.00179  0.01041 -2.21488
   0.00117  0.00801 -2.04810
   0.00066  0.00569 -1.94844
   0.00028  0.00345 -1.86673
   0.00006  0.00128 -1.74611
  -0.00000 -0.00083 -1.55862
   0.00010 -0.00292 -1.31597
   0.00038 -0.00503 -1.04724
   0.00085 -0.00713 -0.75859
   0.00153 -0.00922 -0.46037
   0.00244 -0.01125 -0.16408
   0.00358 -0.01323  0.11716
   0.00500 -0.01508  0.36948
   0.00672 -0.01675  0.61566
   0.00876 -0.01817  0.81333
   0.01107 -0.01939  0.92140
   0.01360 -0.02045  0.97614
   0.01638 -0.02137  0.99745
   0.01941 -0.02218  0.99889
   0.02270 -0.02293  0.98954
   0.02629 -0.02368  0.97335
   0.03020 -0.02440  0.95214
   0.03450 -0.02509  0.92798
   0.03928 -0.02572  0.90228
   0.04461 -0.02633  0.87606
   0.05061 -0.02692  0.84801
   0.05743 -0.02748  0.81936
   0.06522 -0.02803  0.79008
   0.07419 -0.02856  0.76031
   0.08454 -0.02906  0.73013
   0.09645 -0.02953  0.69990
   0.11003 -0.02997  0.66997
   0.12529 -0.03037  0.64224
   0.14208 -0.03075  0.61550
   0.16005 -0.03115  0.58774
   0.17880 -0.03157  0.56145
   0.19802 -0.03200  0.53588
   0.21746 -0.03243  0.51173
   0.23695 -0.03287  0.48813
   0.25635 -0.03330  0.46591
   0.27553 -0.03373  0.43983
   0.29453 -0.03407  0.41908
   0.31349 -0.03432  0.40043
   0.33244 -0.03448  0.38368
   0.35140 -0.03456  0.36795
   0.37039 -0.03457  0.35384
   0.38941 -0.03450  0.34001
   0.40845 -0.03435  0.32757
   0.42751 -0.03415  0.31520
   0.44658 -0.03387  0.30402
   0.46565 -0.03352  0.29342
   0.48473 -0.03310  0.28320
   0.50382 -0.03262  0.27418
   0.52290 -0.03207  0.26493
   0.54197 -0.03146  0.25655
   0.56104 -0.03077  0.24912
   0.58010 -0.03002  0.24196
   0.59916 -0.02920  0.23566
   0.61822 -0.02831  0.23010
   0.63729 -0.02735  0.22517
   0.65637 -0.02632  0.22126
   0.67548 -0.02522  0.21792
   0.69462 -0.02406  0.21495
   0.71379 -0.02284  0.21331
   0.73300 -0.02155  0.21212
   0.75226 -0.02021  0.21191
   0.77156 -0.01882  0.21174
   0.79091 -0.01739  0.21273
   0.81027 -0.01592  0.21369
   0.82960 -0.01442  0.21629
   0.84885 -0.01291  0.21802
   0.86789 -0.01139  0.22148
   0.88652 -0.00989  0.22647
   0.90444 -0.00844  0.23078
   0.92125 -0.00706  0.23811
   0.93652 -0.00579  0.24977
   0.95004 -0.00465  0.25565
   0.96187 -0.00354  0.33091
   0.97263 -0.00298  0.31851
   0.98325 -0.00270  0.27485
   0.99353 -0.00238  0.28729
   1.00000 -0.00218  0.32895
