                                                
 Alfa =  10.00000 Re =  4000000.000 Xflap,Yflap =     0.000000    0.000000
#    x        y        Cp  
   1.00000  0.00000  0.46297
   0.99417  0.00137  0.22694
   0.98283  0.00385  0.10484
   0.97015  0.00639  0.03379
   0.95678  0.00887 -0.01636
   0.94309  0.01126 -0.05461
   0.92929  0.01355 -0.08494
   0.91545  0.01575 -0.11408
   0.90153  0.01789 -0.13779
   0.88754  0.01998 -0.16109
   0.87351  0.02203 -0.18364
   0.85947  0.02404 -0.20556
   0.84541  0.02601 -0.22807
   0.83135  0.02794 -0.24901
   0.81729  0.02985 -0.27142
   0.80322  0.03171 -0.29308
   0.78915  0.03354 -0.31453
   0.77507  0.03534 -0.33612
   0.76098  0.03710 -0.35881
   0.74690  0.03883 -0.37967
   0.73281  0.04051 -0.40383
   0.71873  0.04216 -0.42652
   0.70466  0.04377 -0.44839
   0.69060  0.04532 -0.47303
   0.67653  0.04683 -0.49532
   0.66247  0.04828 -0.51824
   0.64840  0.04968 -0.54201
   0.63433  0.05103 -0.56431
   0.62027  0.05232 -0.58738
   0.60620  0.05356 -0.61124
   0.59214  0.05473 -0.63515
   0.57808  0.05584 -0.65855
   0.56402  0.05689 -0.68171
   0.54997  0.05787 -0.70652
   0.53591  0.05878 -0.72854
   0.52186  0.05962 -0.75199
   0.50780  0.06038 -0.77586
   0.49375  0.06108 -0.79955
   0.47969  0.06170 -0.82223
   0.46563  0.06225 -0.84685
   0.45158  0.06272 -0.87004
   0.43752  0.06312 -0.89435
   0.42346  0.06344 -0.91828
   0.40940  0.06368 -0.94372
   0.39535  0.06385 -0.96799
   0.38129  0.06394 -0.99557
   0.36724  0.06395 -1.02189
   0.35318  0.06388 -1.05045
   0.33913  0.06373 -1.08087
   0.32509  0.06350 -1.11408
   0.31107  0.06318 -1.14895
   0.29707  0.06278 -1.18551
   0.28309  0.06227 -1.22381
   0.26913  0.06167 -1.26517
   0.25521  0.06096 -1.31022
   0.24133  0.06013 -1.35540
   0.22748  0.05917 -1.40326
   0.21367  0.05808 -1.45229
   0.19990  0.05684 -1.50392
   0.18616  0.05546 -1.55801
   0.17246  0.05392 -1.61718
   0.15882  0.05223 -1.68154
   0.14523  0.05035 -1.75150
   0.13170  0.04830 -1.82992
   0.11825  0.04606 -1.92199
   0.10492  0.04363 -2.03438
   0.09175  0.04098 -2.16822
   0.07881  0.03808 -2.33060
   0.06617  0.03491 -2.53024
   0.05396  0.03145 -2.78025
   0.04240  0.02768 -3.09412
   0.03179  0.02363 -3.47332
   0.02267  0.01953 -3.95103
   0.01555  0.01574 -4.54129
   0.01035  0.01247 -5.25760
   0.00675  0.00979 -6.12860
   0.00421  0.00752 -7.13963
   0.00235  0.00548 -8.65401
   0.00108  0.00360 -9.84771
   0.00033  0.00190-10.98557
   0.00001  0.00035-11.43861
   0.00012 -0.00117 -9.32162
   0.00066 -0.00274 -6.38214
   0.00170 -0.00437 -3.69664
   0.00334 -0.00598 -1.52761
   0.00560 -0.00757 -0.29688
   0.00860 -0.00919  0.38140
   0.01273 -0.01091  0.76827
   0.01845 -0.01269  0.95068
   0.02619 -0.01444  0.99991
   0.03616 -0.01599  0.97600
   0.04796 -0.01723  0.92510
   0.06092 -0.01820  0.87068
   0.07447 -0.01897  0.82009
   0.08827 -0.01960  0.77405
   0.10212 -0.02009  0.73209
   0.11594 -0.02044  0.69513
   0.12979 -0.02065  0.66314
   0.14367 -0.02071  0.63523
   0.15758 -0.02065  0.61168
   0.17155 -0.02047  0.59190
   0.18562 -0.02020  0.57508
   0.19976 -0.01987  0.56110
   0.21399 -0.01950  0.54795
   0.22826 -0.01912  0.53565
   0.24254 -0.01874  0.52369
   0.25679 -0.01838  0.51190
   0.27104 -0.01803  0.50050
   0.28530 -0.01769  0.48924
   0.29957 -0.01736  0.47780
   0.31386 -0.01704  0.46721
   0.32815 -0.01673  0.45695
   0.34245 -0.01641  0.44756
   0.35674 -0.01609  0.43807
   0.37104 -0.01578  0.42971
   0.38533 -0.01547  0.42081
   0.39962 -0.01516  0.41254
   0.41392 -0.01485  0.40463
   0.42821 -0.01454  0.39671
   0.44251 -0.01423  0.38994
   0.45680 -0.01393  0.38205
   0.47110 -0.01362  0.37569
   0.48539 -0.01332  0.36849
   0.49968 -0.01302  0.36229
   0.51397 -0.01272  0.35525
   0.52826 -0.01242  0.34908
   0.54256 -0.01213  0.34240
   0.55686 -0.01183  0.33677
   0.57115 -0.01154  0.33102
   0.58545 -0.01125  0.32423
   0.59975 -0.01095  0.31873
   0.61405 -0.01066  0.31341
   0.62834 -0.01037  0.30784
   0.64263 -0.01008  0.30181
   0.65692 -0.00980  0.29691
   0.67121 -0.00951  0.29065
   0.68550 -0.00922  0.28563
   0.69978 -0.00893  0.28025
   0.71407 -0.00863  0.27446
   0.72836 -0.00833  0.27076
   0.74266 -0.00803  0.26554
   0.75695 -0.00773  0.26044
   0.77125 -0.00744  0.25619
   0.78554 -0.00714  0.25052
   0.79984 -0.00684  0.24654
   0.81413 -0.00653  0.24068
   0.82841 -0.00623  0.23678
   0.84271 -0.00592  0.23075
   0.85700 -0.00562  0.22692
   0.87129 -0.00531  0.22044
   0.88558 -0.00500  0.21475
   0.89984 -0.00468  0.20743
   0.91404 -0.00434  0.20120
   0.92816 -0.00396  0.19420
   0.94223 -0.00353  0.18887
   0.95619 -0.00300  0.18516
   0.96977 -0.00236  0.18815
   0.98260 -0.00156  0.20917
   0.99406 -0.00060  0.27685
   1.00000  0.00000  0.46297
