                                                
 Alfa =  10.00000 Re =  4000000.000 Xflap,Yflap =     0.000000    0.000000
#    x        y        Cp  
   1.00000  0.00000  0.90311
   0.99456  0.00443  0.65633
   0.98599  0.01102  0.45976
   0.97689  0.01754  0.29358
   0.96716  0.02398  0.14530
   0.95675  0.03033  0.01185
   0.94554  0.03656 -0.10168
   0.93344  0.04268 -0.19055
   0.92037  0.04874 -0.26231
   0.90633  0.05479 -0.32020
   0.89138  0.06087 -0.38203
   0.87566  0.06695 -0.45043
   0.85937  0.07294 -0.51973
   0.84274  0.07876 -0.58715
   0.82598  0.08434 -0.65473
   0.80930  0.08965 -0.72239
   0.79281  0.09466 -0.79657
   0.77660  0.09936 -0.87751
   0.76067  0.10371 -0.95941
   0.74499  0.10771 -1.03989
   0.72951  0.11135 -1.11549
   0.71413  0.11462 -1.18427
   0.69874  0.11752 -1.23964
   0.68320  0.12006 -1.27200
   0.66739  0.12228 -1.29052
   0.65122  0.12421 -1.30077
   0.63464  0.12589 -1.30585
   0.61765  0.12733 -1.30960
   0.60033  0.12858 -1.31711
   0.58286  0.12964 -1.33877
   0.56543  0.13050 -1.36776
   0.54814  0.13113 -1.39716
   0.53105  0.13153 -1.42493
   0.51410  0.13168 -1.44922
   0.49722  0.13156 -1.46471
   0.48025  0.13118 -1.46501
   0.46306  0.13056 -1.45962
   0.44556  0.12971 -1.45246
   0.42772  0.12867 -1.44667
   0.40957  0.12747 -1.44667
   0.39128  0.12617 -1.46446
   0.37304  0.12477 -1.50010
   0.35504  0.12325 -1.54411
   0.33736  0.12160 -1.59122
   0.32003  0.11979 -1.63912
   0.30299  0.11778 -1.68546
   0.28615  0.11555 -1.72207
   0.26942  0.11308 -1.75498
   0.25273  0.11036 -1.78533
   0.23606  0.10739 -1.81548
   0.21940  0.10417 -1.84772
   0.20281  0.10071 -1.88308
   0.18636  0.09703 -1.92506
   0.17015  0.09315 -1.97505
   0.15426  0.08908 -2.03514
   0.13876  0.08486 -2.11906
   0.12373  0.08045 -2.21608
   0.10942  0.07591 -2.31860
   0.09614  0.07133 -2.42418
   0.08409  0.06682 -2.53703
   0.07332  0.06245 -2.65412
   0.06370  0.05822 -2.77601
   0.05507  0.05412 -2.90605
   0.04729  0.05012 -3.06591
   0.04022  0.04615 -3.24306
   0.03392  0.04223 -3.35826
   0.02846  0.03848 -3.43121
   0.02378  0.03498 -3.50377
   0.01980  0.03177 -3.61576
   0.01641  0.02884 -3.75030
   0.01352  0.02613 -3.88639
   0.01104  0.02360 -4.03429
   0.00890  0.02122 -4.18001
   0.00704  0.01896 -4.32243
   0.00545  0.01681 -4.47029
   0.00408  0.01473 -4.59328
   0.00292  0.01273 -4.70626
   0.00196  0.01079 -4.78210
   0.00119  0.00889 -4.80926
   0.00059  0.00703 -4.77318
   0.00018  0.00521 -4.64645
  -0.00006  0.00342 -4.42296
  -0.00012  0.00164 -4.07212
   0.00002 -0.00013 -3.58514
   0.00034 -0.00189 -2.96810
   0.00086 -0.00365 -2.33051
   0.00157 -0.00542 -1.73440
   0.00247 -0.00721 -1.19617
   0.00356 -0.00901 -0.73027
   0.00486 -0.01084 -0.33726
   0.00638 -0.01270 -0.00832
   0.00814 -0.01460  0.25796
   0.01015 -0.01654  0.47208
   0.01246 -0.01853  0.64205
   0.01510 -0.02057  0.77297
   0.01813 -0.02268  0.87021
   0.02163 -0.02484  0.93894
   0.02566 -0.02702  0.98075
   0.03031 -0.02915  0.99881
   0.03570 -0.03122  0.99606
   0.04200 -0.03317  0.97819
   0.04932 -0.03508  0.95195
   0.05782 -0.03711  0.91900
   0.06765 -0.03928  0.87878
   0.07881 -0.04154  0.83371
   0.09110 -0.04376  0.78581
   0.10424 -0.04583  0.73837
   0.11812 -0.04767  0.69423
   0.13275 -0.04926  0.65417
   0.14814 -0.05061  0.61836
   0.16424 -0.05171  0.58674
   0.18096 -0.05258  0.55920
   0.19818 -0.05324  0.53528
   0.21577 -0.05373  0.51270
   0.23362 -0.05407  0.49201
   0.25166 -0.05426  0.47355
   0.26980 -0.05430  0.45767
   0.28802 -0.05422  0.44350
   0.30630 -0.05402  0.43175
   0.32467 -0.05372  0.42169
   0.34314 -0.05335  0.41321
   0.36174 -0.05293  0.40547
   0.38047 -0.05247  0.39831
   0.39931 -0.05202  0.39097
   0.41827 -0.05158  0.38195
   0.43731 -0.05116  0.37216
   0.45641 -0.05077  0.36229
   0.47554 -0.05038  0.35168
   0.49467 -0.05000  0.34133
   0.51379 -0.04963  0.33057
   0.53285 -0.04925  0.31972
   0.55187 -0.04887  0.30883
   0.57083 -0.04846  0.29802
   0.58975 -0.04804  0.28743
   0.60865 -0.04759  0.27662
   0.62756 -0.04710  0.26603
   0.64647 -0.04657  0.25520
   0.66538 -0.04600  0.24483
   0.68422 -0.04537  0.23398
   0.70290 -0.04469  0.22320
   0.72135 -0.04395  0.21153
   0.73950 -0.04315  0.20013
   0.75737 -0.04225  0.18901
   0.77505 -0.04125  0.17954
   0.79266 -0.04012  0.17038
   0.81039 -0.03882  0.16413
   0.82844 -0.03733  0.15860
   0.84683 -0.03562  0.15549
   0.86532 -0.03369  0.15373
   0.88335 -0.03161  0.15149
   0.90032 -0.02946  0.14670
   0.91578 -0.02727  0.12752
   0.92967 -0.02493  0.11897
   0.94223 -0.02230  0.13038
   0.95376 -0.01930  0.17470
   0.96450 -0.01589  0.25197
   0.97467 -0.01209  0.35533
   0.98441 -0.00789  0.48866
   0.99384 -0.00330  0.66315
   1.00000  0.00000  0.90311
