                                                
 Alfa =  10.00000 Re =  4000000.000 Xflap,Yflap =     0.000000    0.000000
#    x        y        Cp  
   1.00000  0.00079  0.38163
   0.99405  0.00126  0.24347
   0.98360  0.00212  0.19699
   0.97106  0.00320  0.16450
   0.95697  0.00447  0.13889
   0.94234  0.00587  0.11677
   0.92744  0.00737  0.09592
   0.91238  0.00897  0.07585
   0.89726  0.01065  0.05598
   0.88213  0.01240  0.03722
   0.86698  0.01422  0.01733
   0.85183  0.01612 -0.00105
   0.83671  0.01808 -0.02060
   0.82159  0.02011 -0.03979
   0.80650  0.02222 -0.06185
   0.79142  0.02440 -0.08477
   0.77633  0.02666 -0.11073
   0.76121  0.02899 -0.13923
   0.74604  0.03139 -0.17165
   0.73080  0.03385 -0.20559
   0.71549  0.03634 -0.24406
   0.70018  0.03884 -0.28254
   0.68491  0.04131 -0.32182
   0.66971  0.04373 -0.36053
   0.65458  0.04609 -0.40059
   0.63949  0.04837 -0.43768
   0.62443  0.05057 -0.47389
   0.60939  0.05269 -0.51071
   0.59435  0.05472 -0.54563
   0.57932  0.05666 -0.58000
   0.56429  0.05851 -0.61621
   0.54927  0.06027 -0.65183
   0.53428  0.06192 -0.68894
   0.51932  0.06347 -0.72610
   0.50440  0.06490 -0.76579
   0.48954  0.06619 -0.80229
   0.47473  0.06735 -0.83897
   0.45994  0.06835 -0.87017
   0.44517  0.06920 -0.90029
   0.43038  0.06990 -0.92516
   0.41555  0.07045 -0.94802
   0.40068  0.07085 -0.96739
   0.38576  0.07112 -0.98595
   0.37077  0.07127 -1.00357
   0.35574  0.07130 -1.02235
   0.34064  0.07123 -1.04219
   0.32551  0.07106 -1.06428
   0.31034  0.07080 -1.08885
   0.29516  0.07045 -1.11772
   0.27996  0.07002 -1.15109
   0.26477  0.06951 -1.18918
   0.24960  0.06892 -1.23300
   0.23448  0.06825 -1.28405
   0.21942  0.06748 -1.34308
   0.20445  0.06661 -1.41076
   0.18958  0.06563 -1.48950
   0.17487  0.06452 -1.58038
   0.16036  0.06325 -1.68431
   0.14611  0.06181 -1.80419
   0.13217  0.06016 -1.93762
   0.11860  0.05826 -2.08303
   0.10546  0.05609 -2.23969
   0.09278  0.05361 -2.40526
   0.08062  0.05080 -2.57763
   0.06913  0.04766 -2.75233
   0.05846  0.04425 -2.92735
   0.04867  0.04060 -3.09528
   0.03972  0.03673 -3.27750
   0.03177  0.03274 -3.44744
   0.02510  0.02888 -3.59163
   0.01969  0.02531 -3.75560
   0.01535  0.02206 -3.91456
   0.01185  0.01908 -4.04971
   0.00897  0.01632 -4.18767
   0.00659  0.01373 -4.34681
   0.00465  0.01129 -4.47313
   0.00310  0.00903 -4.56093
   0.00189  0.00694 -4.82713
   0.00099  0.00503 -5.09925
   0.00039  0.00325 -5.25800
   0.00006  0.00156 -5.15413
   0.00000 -0.00008 -4.65900
   0.00023 -0.00172 -3.67297
   0.00073 -0.00338 -2.66624
   0.00152 -0.00503 -1.74849
   0.00264 -0.00668 -0.95662
   0.00412 -0.00824 -0.25733
   0.00603 -0.00968  0.31121
   0.00840 -0.01097  0.67704
   0.01126 -0.01217  0.87186
   0.01460 -0.01335  0.95956
   0.01862 -0.01453  0.99611
   0.02354 -0.01570  0.99641
   0.02964 -0.01686  0.97187
   0.03732 -0.01800  0.93001
   0.04685 -0.01906  0.87816
   0.05800 -0.01991  0.82632
   0.07033 -0.02055  0.77917
   0.08379 -0.02098  0.73823
   0.09820 -0.02125  0.70388
   0.11318 -0.02143  0.67528
   0.12838 -0.02159  0.65075
   0.14361 -0.02179  0.62801
   0.15881 -0.02206  0.60582
   0.17404 -0.02242  0.58339
   0.18936 -0.02286  0.56063
   0.20479 -0.02334  0.53791
   0.22031 -0.02385  0.51596
   0.23589 -0.02437  0.49528
   0.25147 -0.02489  0.47542
   0.26704 -0.02540  0.45656
   0.28259 -0.02590  0.43839
   0.29811 -0.02638  0.42063
   0.31362 -0.02683  0.40364
   0.32911 -0.02726  0.38680
   0.34457 -0.02767  0.37063
   0.36000 -0.02803  0.35438
   0.37540 -0.02835  0.33895
   0.39076 -0.02863  0.32410
   0.40609 -0.02885  0.30920
   0.42137 -0.02901  0.29583
   0.43663 -0.02909  0.28309
   0.45189 -0.02911  0.27206
   0.46712 -0.02905  0.26045
   0.48232 -0.02892  0.25158
   0.49754 -0.02869  0.24452
   0.51281 -0.02840  0.23817
   0.52811 -0.02804  0.23320
   0.54345 -0.02762  0.22824
   0.55883 -0.02714  0.22478
   0.57424 -0.02663  0.22110
   0.58970 -0.02607  0.21774
   0.60520 -0.02548  0.21510
   0.62073 -0.02488  0.21146
   0.63629 -0.02426  0.20844
   0.65188 -0.02363  0.20440
   0.66749 -0.02299  0.20022
   0.68311 -0.02236  0.19526
   0.69872 -0.02172  0.18942
   0.71432 -0.02108  0.18333
   0.72990 -0.02044  0.17639
   0.74543 -0.01979  0.16869
   0.76092 -0.01913  0.16080
   0.77636 -0.01843  0.15355
   0.79175 -0.01770  0.14537
   0.80707 -0.01692  0.13838
   0.82233 -0.01609  0.13186
   0.83754 -0.01518  0.12768
   0.85273 -0.01420  0.12370
   0.86784 -0.01314  0.12149
   0.88294 -0.01198  0.12643
   0.89823 -0.01071  0.13529
   0.91367 -0.00942  0.14107
   0.92904 -0.00812  0.14133
   0.94417 -0.00683  0.14467
   0.95878 -0.00556  0.13707
   0.97228 -0.00427  0.13706
   0.98410 -0.00294  0.16253
   0.99414 -0.00163  0.21775
   1.00000 -0.00079  0.38163
