                                                
 Alfa =  10.00000 Re =  4000000.000 Xflap,Yflap =     0.000000    0.000000
#    x        y        Cp  
   1.00000  0.00000  0.32083
   0.99344  0.00006  0.31472
   0.98262  0.00040  0.28418
   0.97054  0.00104  0.25869
   0.95723  0.00198  0.23440
   0.94286  0.00320  0.21114
   0.92761  0.00471  0.18732
   0.91169  0.00646  0.16227
   0.89524  0.00843  0.13651
   0.87841  0.01061  0.11055
   0.86129  0.01295  0.08321
   0.84394  0.01544  0.05580
   0.82640  0.01806  0.02738
   0.80870  0.02080 -0.00166
   0.79087  0.02363 -0.03232
   0.77290  0.02654 -0.06254
   0.75483  0.02953 -0.09469
   0.73666  0.03257 -0.12690
   0.71838  0.03565 -0.16085
   0.70003  0.03876 -0.19519
   0.68165  0.04189 -0.23105
   0.66330  0.04500 -0.26731
   0.64500  0.04809 -0.30445
   0.62676  0.05115 -0.34275
   0.60860  0.05416 -0.38184
   0.59052  0.05712 -0.42211
   0.57250  0.06001 -0.46349
   0.55456  0.06284 -0.50538
   0.53668  0.06558 -0.54902
   0.51889  0.06825 -0.59387
   0.50116  0.07081 -0.63986
   0.48351  0.07328 -0.68746
   0.46593  0.07564 -0.73681
   0.44842  0.07788 -0.78682
   0.43100  0.07999 -0.83988
   0.41366  0.08197 -0.89454
   0.39641  0.08381 -0.95072
   0.37926  0.08550 -1.01015
   0.36221  0.08702 -1.07116
   0.34527  0.08838 -1.13533
   0.32847  0.08955 -1.20290
   0.31180  0.09053 -1.27282
   0.29529  0.09132 -1.34739
   0.27896  0.09188 -1.42579
   0.26284  0.09222 -1.50902
   0.24697  0.09233 -1.59757
   0.23140  0.09217 -1.69136
   0.21615  0.09175 -1.78772
   0.20125  0.09104 -1.88657
   0.18671  0.09004 -1.98649
   0.17254  0.08874 -2.08779
   0.15879  0.08713 -2.18962
   0.14550  0.08522 -2.29251
   0.13272  0.08302 -2.39999
   0.12053  0.08053 -2.50258
   0.10894  0.07777 -2.59844
   0.09797  0.07476 -2.68072
   0.08766  0.07153 -2.75429
   0.07802  0.06812 -2.81987
   0.06909  0.06460 -2.87577
   0.06090  0.06102 -2.93633
   0.05347  0.05745 -3.00882
   0.04679  0.05391 -3.07026
   0.04080  0.05042 -3.12179
   0.03545  0.04700 -3.16382
   0.03067  0.04366 -3.18564
   0.02642  0.04041 -3.19488
   0.02263  0.03724 -3.18171
   0.01927  0.03416 -3.16074
   0.01627  0.03118 -3.13037
   0.01361  0.02830 -3.09471
   0.01124  0.02551 -3.07891
   0.00915  0.02282 -3.04874
   0.00731  0.02020 -3.00813
   0.00571  0.01766 -2.94971
   0.00432  0.01520 -2.89610
   0.00314  0.01281 -2.83410
   0.00216  0.01049 -2.75425
   0.00137  0.00824 -2.64745
   0.00076  0.00605 -2.51433
   0.00033  0.00392 -2.35813
   0.00008  0.00185 -2.19440
   0.00000 -0.00015 -2.02229
   0.00011 -0.00214 -1.80726
   0.00047 -0.00415 -1.65390
   0.00120 -0.00611 -1.22213
   0.00243 -0.00792 -0.34810
   0.00398 -0.00959  0.18438
   0.00578 -0.01120  0.49699
   0.00781 -0.01278  0.69786
   0.01006 -0.01434  0.82576
   0.01255 -0.01591  0.90749
   0.01531 -0.01750  0.95878
   0.01836 -0.01912  0.98734
   0.02175 -0.02079  0.99906
   0.02552 -0.02251  0.99798
   0.02974 -0.02429  0.98679
   0.03448 -0.02616  0.96748
   0.03983 -0.02811  0.94139
   0.04589 -0.03017  0.90944
   0.05279 -0.03235  0.87280
   0.06064 -0.03464  0.83196
   0.06955 -0.03704  0.78770
   0.07961 -0.03953  0.74106
   0.09082 -0.04206  0.69325
   0.10312 -0.04460  0.64522
   0.11638 -0.04707  0.59858
   0.13046 -0.04944  0.55379
   0.14521 -0.05166  0.51201
   0.16050 -0.05371  0.47303
   0.17620 -0.05559  0.43689
   0.19222 -0.05728  0.40359
   0.20847 -0.05879  0.37203
   0.22488 -0.06010  0.34350
   0.24142 -0.06123  0.31738
   0.25811 -0.06216  0.29461
   0.27494 -0.06292  0.27421
   0.29193 -0.06351  0.25594
   0.30908 -0.06395  0.23949
   0.32636 -0.06424  0.22417
   0.34376 -0.06440  0.20942
   0.36122 -0.06444  0.19563
   0.37873 -0.06436  0.18239
   0.39625 -0.06415  0.16965
   0.41379 -0.06383  0.15811
   0.43134 -0.06338  0.14764
   0.44891 -0.06281  0.13871
   0.46652 -0.06213  0.13020
   0.48418 -0.06133  0.12352
   0.50189 -0.06042  0.11675
   0.51965 -0.05941  0.11120
   0.53745 -0.05831  0.10581
   0.55526 -0.05711  0.09988
   0.57307 -0.05583  0.09503
   0.59086 -0.05445  0.08939
   0.60860 -0.05299  0.08445
   0.62628 -0.05143  0.07986
   0.64389 -0.04978  0.07610
   0.66145 -0.04802  0.07357
   0.67896 -0.04615  0.07242
   0.69645 -0.04416  0.07342
   0.71394 -0.04205  0.07505
   0.73146 -0.03982  0.07971
   0.74901 -0.03748  0.08431
   0.76661 -0.03502  0.09204
   0.78427 -0.03245  0.09974
   0.80199 -0.02979  0.10980
   0.81979 -0.02703  0.12092
   0.83767 -0.02419  0.13404
   0.85562 -0.02128  0.14728
   0.87359 -0.01833  0.16339
   0.89145 -0.01538  0.18013
   0.90895 -0.01250  0.19917
   0.92583 -0.00977  0.21934
   0.94184 -0.00725  0.23957
   0.95674 -0.00502  0.26034
   0.97036 -0.00314  0.28096
   0.98259 -0.00164  0.30245
   0.99345 -0.00052  0.32695
   1.00000  0.00000  0.32083
