                                                
 Alfa =  10.00000 Re =  4000000.000 Xflap,Yflap =     0.000000    0.000000
#    x        y        Cp  
   1.00000  0.00200  0.39709
   0.99283  0.00485  0.23884
   0.98103  0.00956  0.15968
   0.96779  0.01488  0.08847
   0.95304  0.02084  0.01827
   0.93699  0.02737 -0.05887
   0.92016  0.03420 -0.14269
   0.90302  0.04102 -0.22536
   0.88569  0.04769 -0.29444
   0.86804  0.05423 -0.35281
   0.84995  0.06072 -0.40612
   0.83134  0.06721 -0.45689
   0.81223  0.07373 -0.50861
   0.79275  0.08026 -0.56543
   0.77315  0.08674 -0.63350
   0.75366  0.09306 -0.70542
   0.73441  0.09916 -0.78019
   0.71545  0.10499 -0.85588
   0.69676  0.11054 -0.92940
   0.67824  0.11581 -1.00052
   0.65982  0.12083 -1.06966
   0.64141  0.12561 -1.13724
   0.62298  0.13016 -1.20541
   0.60451  0.13448 -1.27237
   0.58597  0.13858 -1.33862
   0.56738  0.14244 -1.40331
   0.54874  0.14607 -1.46902
   0.53006  0.14947 -1.53526
   0.51134  0.15265 -1.60483
   0.49258  0.15561 -1.67844
   0.47376  0.15834 -1.76007
   0.45491  0.16084 -1.84801
   0.43610  0.16307 -1.94017
   0.41745  0.16502 -2.03831
   0.39912  0.16665 -2.14219
   0.38128  0.16796 -2.25836
   0.36405  0.16893 -2.38185
   0.34743  0.16954 -2.50401
   0.33132  0.16977 -2.62166
   0.31558  0.16963 -2.73077
   0.30003  0.16908 -2.82898
   0.28444  0.16810 -2.89531
   0.26857  0.16664 -2.93747
   0.25229  0.16471 -2.97203
   0.23560  0.16230 -3.00664
   0.21876  0.15947 -3.05380
   0.20228  0.15635 -3.12871
   0.18672  0.15312 -3.29126
   0.17247  0.14981 -3.51612
   0.15945  0.14633 -3.72176
   0.14739  0.14255 -3.87776
   0.13598  0.13837 -3.91331
   0.12497  0.13374 -3.87775
   0.11424  0.12867 -3.80795
   0.10374  0.12318 -3.71962
   0.09354  0.11735 -3.61623
   0.08375  0.11131 -3.51394
   0.07451  0.10524 -3.44317
   0.06600  0.09936 -3.49186
   0.05833  0.09373 -3.59645
   0.05152  0.08828 -3.66443
   0.04546  0.08296 -3.65580
   0.04007  0.07773 -3.56546
   0.03526  0.07262 -3.44907
   0.03096  0.06764 -3.31451
   0.02712  0.06280 -3.16958
   0.02369  0.05812 -3.00428
   0.02062  0.05359 -2.79470
   0.01784  0.04920 -2.57634
   0.01527  0.04496 -2.39257
   0.01287  0.04089 -2.25973
   0.01061  0.03703 -2.22457
   0.00850  0.03339 -2.28240
   0.00660  0.02999 -2.37127
   0.00492  0.02680 -2.46251
   0.00346  0.02380 -2.55580
   0.00222  0.02096 -2.63247
   0.00118  0.01826 -2.70787
   0.00035  0.01568 -2.75172
  -0.00029  0.01320 -2.76553
  -0.00073  0.01081 -2.73196
  -0.00098  0.00849 -2.64770
  -0.00103  0.00624 -2.49682
  -0.00088  0.00404 -2.26665
  -0.00051  0.00188 -1.96218
   0.00008 -0.00025 -1.58503
   0.00092 -0.00236 -1.14757
   0.00199 -0.00444 -0.73814
   0.00330 -0.00649 -0.36947
   0.00485 -0.00849 -0.05073
   0.00663 -0.01042  0.21820
   0.00865 -0.01227  0.44250
   0.01093 -0.01399  0.62326
   0.01345 -0.01554  0.76792
   0.01624 -0.01687  0.87546
   0.01929 -0.01798  0.94423
   0.02263 -0.01891  0.98179
   0.02627 -0.01970  0.99740
   0.03023 -0.02038  0.99959
   0.03457 -0.02097  0.99340
   0.03935 -0.02148  0.98188
   0.04468 -0.02193  0.96745
   0.05064 -0.02236  0.95118
   0.05737 -0.02287  0.93186
   0.06500 -0.02345  0.90931
   0.07366 -0.02411  0.88352
   0.08354 -0.02480  0.85509
   0.09485 -0.02551  0.82449
   0.10776 -0.02622  0.79119
   0.12218 -0.02691  0.75550
   0.13774 -0.02749  0.71922
   0.15394 -0.02790  0.68343
   0.17047 -0.02810  0.64869
   0.18722 -0.02803  0.61639
   0.20415 -0.02763  0.58839
   0.22131 -0.02686  0.56662
   0.23879 -0.02573  0.54963
   0.25666 -0.02426  0.53674
   0.27494 -0.02247  0.52722
   0.29363 -0.02036  0.52083
   0.31269 -0.01800  0.51611
   0.33199 -0.01539  0.51299
   0.35147 -0.01258  0.51213
   0.37109 -0.00956  0.51301
   0.39086 -0.00637  0.51560
   0.41087 -0.00300  0.52055
   0.43120  0.00055  0.52689
   0.45190  0.00427  0.53523
   0.47285  0.00811  0.54541
   0.49375  0.01200  0.55729
   0.51418  0.01582  0.57270
   0.53382  0.01942  0.58868
   0.55258  0.02269  0.60355
   0.57057  0.02559  0.61620
   0.58799  0.02809  0.62624
   0.60510  0.03018  0.63198
   0.62217  0.03189  0.63325
   0.63942  0.03325  0.63205
   0.65699  0.03430  0.62941
   0.67496  0.03508  0.62620
   0.69333  0.03559  0.62236
   0.71194  0.03587  0.62052
   0.73060  0.03589  0.61934
   0.74910  0.03563  0.61840
   0.76731  0.03508  0.61663
   0.78518  0.03422  0.61446
   0.80268  0.03305  0.61053
   0.81984  0.03157  0.60519
   0.83669  0.02978  0.59811
   0.85330  0.02767  0.58925
   0.86972  0.02525  0.57797
   0.88605  0.02248  0.56339
   0.90237  0.01935  0.54253
   0.91878  0.01587  0.51204
   0.93521  0.01218  0.47686
   0.95125  0.00853  0.44160
   0.96633  0.00518  0.41635
   0.98008  0.00220  0.39471
   0.99245 -0.00043  0.38531
   1.00000 -0.00200  0.39709
