                                                
 Alfa =  10.00000 Re =  4000000.000 Xflap,Yflap =     0.000000    0.000000
#    x        y        Cp  
   1.00000  0.00000  0.75398
   0.99063  0.00330  0.05262
   0.97658  0.00565  0.09569
   0.96313  0.00688  0.19479
   0.95013  0.00848  0.07425
   0.93730  0.00958  0.18617
   0.92455  0.01123  0.13786
   0.91160  0.01323  0.01397
   0.89825  0.01480  0.09485
   0.88465  0.01680 -0.01389
   0.87068  0.01854 -0.06171
   0.85613  0.01975  0.07674
   0.84087  0.02165  0.03408
   0.82462  0.02405 -0.05493
   0.80725  0.02630 -0.04515
   0.78905  0.02870 -0.03968
   0.77041  0.03149 -0.08701
   0.75143  0.03446 -0.18212
   0.73188  0.03701 -0.16101
   0.71164  0.03956 -0.14628
   0.69080  0.04240 -0.17931
   0.66971  0.04534 -0.18177
   0.64867  0.04856 -0.22307
   0.62760  0.05196 -0.29171
   0.60655  0.05525 -0.31363
   0.58582  0.05857 -0.38204
   0.56558  0.06163 -0.45980
   0.54559  0.06407 -0.39008
   0.52557  0.06667 -0.36629
   0.50525  0.06984 -0.46479
   0.48451  0.07305 -0.51267
   0.46359  0.07625 -0.54923
   0.44278  0.07949 -0.64793
   0.42208  0.08238 -0.65650
   0.40138  0.08515 -0.62342
   0.38052  0.08838 -0.71081
   0.35951  0.09181 -0.82098
   0.33871  0.09509 -0.89869
   0.31849  0.09815 -0.88728
   0.29885  0.10159 -0.99713
   0.27948  0.10544 -1.26238
   0.26035  0.10912 -1.49645
   0.24187  0.11246 -1.78811
   0.22432  0.11520 -2.14481
   0.20752  0.11710 -2.36667
   0.19139  0.11836 -2.63496
   0.17619  0.11900 -3.07910
   0.16187  0.11870 -3.32877
   0.14822  0.11752 -3.40388
   0.13525  0.11572 -3.53469
   0.12304  0.11341 -3.68514
   0.11166  0.11059 -3.83687
   0.10112  0.10723 -3.78348
   0.09129  0.10346 -3.43719
   0.08200  0.09976 -3.46318
   0.07335  0.09623 -4.12457
   0.06558  0.09236 -4.48632
   0.05862  0.08790 -4.04952
   0.05226  0.08314 -3.57551
   0.04637  0.07840 -3.37917
   0.04097  0.07375 -3.27873
   0.03606  0.06917 -3.16368
   0.03162  0.06467 -3.01612
   0.02759  0.06025 -2.87371
   0.02395  0.05595 -2.74878
   0.02067  0.05177 -2.62511
   0.01773  0.04770 -2.50819
   0.01509  0.04375 -2.37096
   0.01273  0.03992 -2.23728
   0.01061  0.03619 -2.11370
   0.00873  0.03259 -2.01113
   0.00707  0.02909 -1.92747
   0.00564  0.02571 -1.82732
   0.00445  0.02243 -1.68983
   0.00348  0.01922 -1.46219
   0.00269  0.01609 -1.22390
   0.00201  0.01304 -1.02552
   0.00140  0.01009 -0.88225
   0.00081  0.00726 -0.87443
   0.00032  0.00456 -0.97688
   0.00002  0.00196 -1.02417
   0.00004 -0.00060 -0.85619
   0.00039 -0.00318 -0.42195
   0.00095 -0.00585 -0.06450
   0.00157 -0.00866  0.11532
   0.00223 -0.01157  0.22741
   0.00298 -0.01456  0.32522
   0.00389 -0.01760  0.42653
   0.00507 -0.02067  0.55104
   0.00654 -0.02378  0.67623
   0.00833 -0.02692  0.78340
   0.01041 -0.03007  0.86733
   0.01281 -0.03324  0.92957
   0.01551 -0.03643  0.97026
   0.01852 -0.03965  0.99279
   0.02184 -0.04292  0.99999
   0.02552 -0.04624  0.99432
   0.02955 -0.04961  0.97723
   0.03399 -0.05303  0.94917
   0.03889 -0.05644  0.91305
   0.04433 -0.05983  0.87359
   0.05034 -0.06329  0.83248
   0.05688 -0.06690  0.78063
   0.06399 -0.07063  0.71392
   0.07179 -0.07433  0.64969
   0.08040 -0.07797  0.59607
   0.08981 -0.08169  0.53265
   0.09997 -0.08550  0.45038
   0.11084 -0.08926  0.35420
   0.12240 -0.09280  0.24899
   0.13464 -0.09594  0.14904
   0.14751 -0.09857  0.04540
   0.16085 -0.10053 -0.09139
   0.17463 -0.10133 -0.15114
   0.18927 -0.10078 -0.06315
   0.20504 -0.09948 -0.02348
   0.22155 -0.09758 -0.02469
   0.23887 -0.09473  0.06113
   0.25751 -0.09125  0.13801
   0.27737 -0.08766  0.16752
   0.29814 -0.08404  0.18386
   0.31965 -0.08038  0.19242
   0.34160 -0.07667  0.19814
   0.36370 -0.07291  0.20455
   0.38565 -0.06911  0.22037
   0.40728 -0.06544  0.22879
   0.42846 -0.06193  0.21623
   0.44909 -0.05827  0.24179
   0.46924 -0.05467  0.27849
   0.48896 -0.05154  0.28637
   0.50818 -0.04895  0.26015
   0.52674 -0.04655  0.21181
   0.54461 -0.04369  0.24983
   0.56202 -0.04079  0.31580
   0.57936 -0.03866  0.27941
   0.59680 -0.03676  0.21466
   0.61440 -0.03427  0.25167
   0.63225 -0.03160  0.29945
   0.65040 -0.02939  0.29702
   0.66864 -0.02759  0.26430
   0.68664 -0.02586  0.22105
   0.70421 -0.02367  0.26764
   0.72149 -0.02164  0.31850
   0.73888 -0.02044  0.24173
   0.75666 -0.01912  0.19401
   0.77504 -0.01715  0.24625
   0.79414 -0.01523  0.25154
   0.81373 -0.01346  0.24515
   0.83329 -0.01176  0.24926
   0.85240 -0.01025  0.24935
   0.87077 -0.00891  0.22980
   0.88811 -0.00753  0.29389
   0.90452 -0.00697  0.26269
   0.92055 -0.00694  0.16123
   0.93628 -0.00661  0.14957
   0.95147 -0.00619  0.10158
   0.96612 -0.00553  0.11000
   0.98025 -0.00509  0.07740
   0.99370 -0.00440 -0.81813
   1.00000  0.00000  0.75398
