                                                
 Alfa =  10.00000 Re =  4000000.000 Xflap,Yflap =     0.000000    0.000000
#    x        y        Cp  
   1.00000  0.00000  0.43871
   0.99329  0.00149  0.32995
   0.98236  0.00399  0.27537
   0.97019  0.00687  0.23099
   0.95665  0.01020  0.19159
   0.94169  0.01404  0.15011
   0.92550  0.01836  0.10426
   0.90840  0.02307  0.05524
   0.89067  0.02808  0.00450
   0.87239  0.03332 -0.04786
   0.85366  0.03875 -0.10331
   0.83464  0.04429 -0.16013
   0.81552  0.04986 -0.21841
   0.79647  0.05538 -0.27842
   0.77755  0.06082 -0.33980
   0.75880  0.06614 -0.40272
   0.74020  0.07131 -0.46577
   0.72172  0.07634 -0.52922
   0.70337  0.08122 -0.59449
   0.68516  0.08592 -0.66194
   0.66712  0.09042 -0.73082
   0.64923  0.09471 -0.80049
   0.63145  0.09879 -0.86982
   0.61377  0.10266 -0.94061
   0.59622  0.10630 -1.01464
   0.57889  0.10968 -1.09397
   0.56180  0.11278 -1.17308
   0.54496  0.11557 -1.25082
   0.52830  0.11805 -1.32302
   0.51177  0.12022 -1.39229
   0.49535  0.12207 -1.45689
   0.47902  0.12360 -1.51644
   0.46276  0.12481 -1.57048
   0.44654  0.12569 -1.61692
   0.43031  0.12624 -1.65432
   0.41402  0.12647 -1.68515
   0.39764  0.12639 -1.71075
   0.38112  0.12599 -1.72901
   0.36446  0.12529 -1.74550
   0.34767  0.12431 -1.76137
   0.33082  0.12306 -1.78264
   0.31396  0.12153 -1.80627
   0.29716  0.11975 -1.83039
   0.28041  0.11769 -1.85464
   0.26373  0.11537 -1.88038
   0.24714  0.11278 -1.90751
   0.23068  0.10995 -1.93890
   0.21442  0.10686 -1.97214
   0.19839  0.10353 -2.00848
   0.18264  0.09996 -2.04767
   0.16725  0.09617 -2.09014
   0.15227  0.09218 -2.13639
   0.13781  0.08802 -2.19166
   0.12396  0.08371 -2.25437
   0.11086  0.07931 -2.31731
   0.09864  0.07488 -2.38099
   0.08735  0.07046 -2.44145
   0.07705  0.06614 -2.50353
   0.06780  0.06200 -2.58079
   0.05957  0.05808 -2.67193
   0.05227  0.05436 -2.76113
   0.04578  0.05083 -2.83832
   0.03996  0.04745 -2.90644
   0.03472  0.04422 -2.97173
   0.03002  0.04116 -3.04178
   0.02580  0.03826 -3.12690
   0.02201  0.03554 -3.24460
   0.01861  0.03298 -3.43216
   0.01556  0.03056 -3.65878
   0.01284  0.02823 -3.88577
   0.01040  0.02598 -4.11396
   0.00822  0.02379 -4.39712
   0.00629  0.02162 -4.71212
   0.00462  0.01947 -4.98019
   0.00320  0.01732 -5.16229
   0.00203  0.01513 -5.12225
   0.00112  0.01291 -4.84681
   0.00043  0.01068 -4.51912
  -0.00005  0.00845 -4.14077
  -0.00032  0.00624 -3.74517
  -0.00040  0.00404 -3.32476
  -0.00027  0.00187 -2.88551
   0.00006 -0.00028 -2.40892
   0.00060 -0.00241 -1.88185
   0.00136 -0.00453 -1.37123
   0.00234 -0.00665 -0.90623
   0.00354 -0.00876 -0.49855
   0.00497 -0.01089 -0.14926
   0.00664 -0.01300  0.13873
   0.00854 -0.01508  0.36463
   0.01069 -0.01708  0.55400
   0.01317 -0.01898  0.72326
   0.01597 -0.02084  0.84051
   0.01909 -0.02270  0.91366
   0.02256 -0.02459  0.96040
   0.02642 -0.02654  0.98691
   0.03073 -0.02858  0.99861
   0.03553 -0.03075  0.99886
   0.04089 -0.03305  0.98971
   0.04687 -0.03546  0.97255
   0.05356 -0.03799  0.94836
   0.06104 -0.04061  0.91861
   0.06949 -0.04335  0.88422
   0.07906 -0.04624  0.84586
   0.08984 -0.04927  0.80311
   0.10179 -0.05238  0.75742
   0.11484 -0.05549  0.71121
   0.12893 -0.05855  0.66577
   0.14395 -0.06152  0.62199
   0.15970 -0.06438  0.57921
   0.17598 -0.06710  0.53692
   0.19262 -0.06963  0.49625
   0.20953 -0.07196  0.45830
   0.22669 -0.07407  0.42297
   0.24409 -0.07598  0.38949
   0.26166 -0.07770  0.35728
   0.27931 -0.07921  0.32575
   0.29697 -0.08051  0.29554
   0.31462 -0.08158  0.26718
   0.33225 -0.08243  0.24040
   0.34986 -0.08307  0.21445
   0.36737 -0.08347  0.18901
   0.38473 -0.08364  0.16481
   0.40190 -0.08355  0.14265
   0.41890 -0.08320  0.12402
   0.43578 -0.08256  0.10856
   0.45258 -0.08164  0.09744
   0.46939 -0.08042  0.09156
   0.48627 -0.07890  0.08997
   0.50326 -0.07709  0.09203
   0.52037 -0.07500  0.09747
   0.53765 -0.07262  0.10603
   0.55514 -0.06998  0.11829
   0.57293 -0.06706  0.13377
   0.59108 -0.06389  0.15126
   0.60955 -0.06051  0.16712
   0.62822 -0.05697  0.18264
   0.64702 -0.05329  0.19884
   0.66600 -0.04947  0.21673
   0.68520 -0.04552  0.23517
   0.70461 -0.04146  0.25467
   0.72411 -0.03737  0.27351
   0.74357 -0.03329  0.29252
   0.76294 -0.02925  0.31078
   0.78215 -0.02531  0.32911
   0.80108 -0.02149  0.34750
   0.81956 -0.01786  0.36723
   0.83754 -0.01447  0.38540
   0.85510 -0.01134  0.40194
   0.87239 -0.00847  0.41579
   0.88931 -0.00586  0.43011
   0.90555 -0.00355  0.44811
   0.92077 -0.00162  0.46933
   0.93488 -0.00017  0.48553
   0.94798  0.00080  0.49479
   0.96023  0.00128  0.49409
   0.97179  0.00136  0.48683
   0.98277  0.00109  0.47383
   0.99325  0.00052  0.45664
   1.00000  0.00000  0.43871
