                                                
 Alfa =  10.00000 Re =  4000000.000 Xflap,Yflap =     0.000000    0.000000
#    x        y        Cp  
   1.00000  0.00000  0.73819
   0.99145  0.00369  0.46439
   0.97813  0.00917  0.30793
   0.96405  0.01459  0.19367
   0.94897  0.02000  0.10559
   0.93254  0.02547  0.04177
   0.91437  0.03115 -0.00680
   0.89426  0.03723 -0.05605
   0.87258  0.04367 -0.11748
   0.85009  0.05021 -0.18209
   0.82750  0.05662 -0.24599
   0.80514  0.06276 -0.30793
   0.78296  0.06864 -0.36544
   0.76071  0.07433 -0.42055
   0.73823  0.07985 -0.47486
   0.71547  0.08524 -0.52948
   0.69249  0.09048 -0.58615
   0.66944  0.09553 -0.64424
   0.64645  0.10035 -0.70378
   0.62361  0.10492 -0.76401
   0.60095  0.10923 -0.82477
   0.57843  0.11328 -0.88628
   0.55603  0.11707 -0.94886
   0.53377  0.12060 -1.01366
   0.51170  0.12386 -1.08008
   0.48987  0.12683 -1.15082
   0.46839  0.12951 -1.22528
   0.44732  0.13186 -1.30185
   0.42667  0.13389 -1.37907
   0.40645  0.13558 -1.45743
   0.38665  0.13694 -1.53607
   0.36726  0.13796 -1.61564
   0.34827  0.13864 -1.69472
   0.32971  0.13898 -1.77395
   0.31160  0.13898 -1.85217
   0.29397  0.13866 -1.93097
   0.27686  0.13802 -2.00953
   0.26029  0.13707 -2.08709
   0.24428  0.13582 -2.16410
   0.22883  0.13429 -2.23799
   0.21397  0.13249 -2.31152
   0.19972  0.13046 -2.38314
   0.18610  0.12820 -2.45520
   0.17313  0.12576 -2.52829
   0.16083  0.12314 -2.59700
   0.14918  0.12038 -2.66592
   0.13818  0.11750 -2.73299
   0.12781  0.11451 -2.79916
   0.11806  0.11143 -2.86328
   0.10891  0.10829 -2.92110
   0.10033  0.10509 -2.97539
   0.09230  0.10186 -3.02305
   0.08478  0.09860 -3.07046
   0.07776  0.09534 -3.11336
   0.07119  0.09208 -3.15490
   0.06505  0.08882 -3.20094
   0.05932  0.08558 -3.24657
   0.05397  0.08235 -3.28916
   0.04898  0.07912 -3.31645
   0.04432  0.07589 -3.33506
   0.03996  0.07266 -3.33188
   0.03588  0.06943 -3.32299
   0.03206  0.06620 -3.30039
   0.02850  0.06298 -3.27631
   0.02517  0.05978 -3.24786
   0.02207  0.05659 -3.21937
   0.01918  0.05344 -3.20818
   0.01650  0.05030 -3.21657
   0.01403  0.04719 -3.21533
   0.01179  0.04407 -3.18539
   0.00976  0.04096 -3.12692
   0.00794  0.03783 -3.01038
   0.00633  0.03468 -2.85042
   0.00492  0.03154 -2.66892
   0.00369  0.02839 -2.47696
   0.00264  0.02526 -2.27804
   0.00175  0.02213 -2.07485
   0.00103  0.01902 -1.87564
   0.00046  0.01593 -1.66821
   0.00005  0.01285 -1.47121
  -0.00021  0.00979 -1.26579
  -0.00031  0.00675 -1.06889
  -0.00027  0.00372 -0.86754
  -0.00007  0.00070 -0.67102
   0.00029 -0.00231 -0.47381
   0.00081 -0.00531 -0.27915
   0.00149 -0.00831 -0.09694
   0.00232 -0.01131  0.07293
   0.00332 -0.01431  0.22929
   0.00448 -0.01732  0.37009
   0.00582 -0.02034  0.49630
   0.00733 -0.02336  0.60886
   0.00902 -0.02638  0.70551
   0.01090 -0.02939  0.78757
   0.01298 -0.03240  0.85552
   0.01527 -0.03539  0.90966
   0.01777 -0.03834  0.95068
   0.02049 -0.04124  0.97864
   0.02342 -0.04411  0.99454
   0.02659 -0.04693  0.99997
   0.02998 -0.04973  0.99641
   0.03360 -0.05249  0.98524
   0.03746 -0.05523  0.96764
   0.04160 -0.05794  0.94444
   0.04600 -0.06062  0.91690
   0.05071 -0.06328  0.88570
   0.05573 -0.06590  0.85144
   0.06108 -0.06850  0.81526
   0.06679 -0.07105  0.77699
   0.07288 -0.07357  0.73802
   0.07939 -0.07605  0.69852
   0.08635 -0.07849  0.65837
   0.09379 -0.08089  0.61776
   0.10176 -0.08323  0.57734
   0.11031 -0.08550  0.53770
   0.11946 -0.08770  0.49897
   0.12927 -0.08981  0.46101
   0.13978 -0.09180  0.42545
   0.15101 -0.09366  0.39188
   0.16302 -0.09538  0.35979
   0.17583 -0.09693  0.32949
   0.18948 -0.09830  0.30129
   0.20398 -0.09947  0.27576
   0.21936 -0.10041  0.25223
   0.23559 -0.10110  0.23125
   0.25268 -0.10152  0.21297
   0.27063 -0.10166  0.19755
   0.28946 -0.10151  0.18516
   0.30914 -0.10107  0.17413
   0.32962 -0.10035  0.16447
   0.35080 -0.09933  0.15624
   0.37258 -0.09803  0.15007
   0.39487 -0.09645  0.14513
   0.41756 -0.09463  0.14092
   0.44058 -0.09257  0.13729
   0.46389 -0.09026  0.13507
   0.48747 -0.08773  0.13410
   0.51130 -0.08497  0.13496
   0.53542 -0.08198  0.13744
   0.55985 -0.07878  0.14112
   0.58462 -0.07537  0.14564
   0.60972 -0.07177  0.15082
   0.63512 -0.06800  0.15612
   0.66076 -0.06407  0.16212
   0.68650 -0.06001  0.16846
   0.71217 -0.05587  0.17496
   0.73756 -0.05167  0.18132
   0.76264 -0.04742  0.18910
   0.78747 -0.04311  0.19814
   0.81227 -0.03868  0.21074
   0.83721 -0.03413  0.22573
   0.86201 -0.02954  0.24173
   0.88591 -0.02511  0.25776
   0.90801 -0.02102  0.26654
   0.92786 -0.01726  0.27326
   0.94566 -0.01364  0.29284
   0.96188 -0.01001  0.33507
   0.97690 -0.00631  0.40169
   0.99101 -0.00255  0.50917
   1.00000  0.00000  0.73819
