                                                
 Alfa =  10.00000 Re =  4000000.000 Xflap,Yflap =     0.000000    0.000000
#    x        y        Cp  
   1.00000  0.00000  0.21839
   0.99378  0.00024  0.19683
   0.98126  0.00088  0.13393
   0.96795  0.00167  0.09555
   0.95457  0.00253  0.06647
   0.94113  0.00342  0.04583
   0.92770  0.00433  0.02674
   0.91427  0.00526  0.01587
   0.90088  0.00621  0.00023
   0.88747  0.00721 -0.01859
   0.87406  0.00820 -0.02688
   0.86075  0.00924 -0.04108
   0.84745  0.01034 -0.06494
   0.83413  0.01141 -0.07993
   0.82081  0.01245 -0.08149
   0.80747  0.01355 -0.09666
   0.79406  0.01471 -0.11362
   0.78062  0.01587 -0.12995
   0.76721  0.01704 -0.14018
   0.75381  0.01824 -0.15816
   0.74039  0.01945 -0.17498
   0.72697  0.02068 -0.18897
   0.71355  0.02192 -0.20533
   0.70013  0.02317 -0.22196
   0.68671  0.02443 -0.23947
   0.67328  0.02570 -0.25403
   0.65987  0.02698 -0.27382
   0.64646  0.02827 -0.29082
   0.63305  0.02957 -0.31282
   0.61962  0.03087 -0.33294
   0.60620  0.03216 -0.35396
   0.59277  0.03346 -0.37414
   0.57934  0.03475 -0.39717
   0.56592  0.03603 -0.41983
   0.55250  0.03730 -0.44241
   0.53909  0.03856 -0.46941
   0.52568  0.03981 -0.49289
   0.51228  0.04103 -0.51957
   0.49887  0.04223 -0.54718
   0.48547  0.04341 -0.57641
   0.47207  0.04455 -0.60505
   0.45869  0.04566 -0.63558
   0.44530  0.04673 -0.66698
   0.43191  0.04775 -0.69838
   0.41852  0.04873 -0.73223
   0.40514  0.04966 -0.76720
   0.39177  0.05053 -0.80506
   0.37841  0.05134 -0.84428
   0.36505  0.05208 -0.88178
   0.35170  0.05273 -0.92161
   0.33835  0.05331 -0.96124
   0.32500  0.05380 -1.00244
   0.31165  0.05420 -1.04710
   0.29832  0.05450 -1.09516
   0.28501  0.05469 -1.14304
   0.27171  0.05477 -1.19198
   0.25842  0.05471 -1.24275
   0.24514  0.05453 -1.29411
   0.23189  0.05420 -1.34990
   0.21865  0.05372 -1.40423
   0.20542  0.05308 -1.46160
   0.19224  0.05227 -1.52564
   0.17911  0.05128 -1.58862
   0.16597  0.05008 -1.64583
   0.15285  0.04869 -1.71886
   0.13985  0.04710 -1.81159
   0.12696  0.04525 -1.88524
   0.11406  0.04311 -1.94931
   0.10121  0.04072 -2.05033
   0.08852  0.03805 -2.15751
   0.07594  0.03507 -2.27516
   0.06353  0.03174 -2.42902
   0.05135  0.02804 -2.61123
   0.03945  0.02390 -2.85102
   0.02799  0.01930 -3.22763
   0.01748  0.01428 -3.76819
   0.00888  0.00928 -4.86547
   0.00411  0.00578 -6.65546
   0.00152  0.00327 -9.88088
   0.00033  0.00145-14.66858
   0.00000 -0.00000-18.32357
   0.00045 -0.00144-10.05303
   0.00182 -0.00298 -3.70862
   0.00464 -0.00449 -0.26782
   0.00975 -0.00626  0.70364
   0.01876 -0.00825  0.98522
   0.03039 -0.00984  0.98581
   0.04303 -0.01095  0.93138
   0.05600 -0.01171  0.87419
   0.06916 -0.01222  0.82408
   0.08247 -0.01258  0.78140
   0.09585 -0.01286  0.74411
   0.10926 -0.01307  0.71161
   0.12268 -0.01323  0.68373
   0.13612 -0.01337  0.65933
   0.14959 -0.01351  0.63566
   0.16306 -0.01366  0.61409
   0.17653 -0.01379  0.59522
   0.19001 -0.01393  0.57678
   0.20348 -0.01409  0.56027
   0.21696 -0.01426  0.54367
   0.23043 -0.01444  0.52830
   0.24389 -0.01463  0.51306
   0.25737 -0.01484  0.49855
   0.27086 -0.01506  0.48347
   0.28434 -0.01528  0.47127
   0.29782 -0.01551  0.45740
   0.31131 -0.01575  0.44437
   0.32479 -0.01599  0.43198
   0.33828 -0.01623  0.41869
   0.35177 -0.01647  0.40737
   0.36525 -0.01671  0.39512
   0.37874 -0.01694  0.38368
   0.39222 -0.01717  0.37145
   0.40569 -0.01739  0.35927
   0.41916 -0.01760  0.35055
   0.43264 -0.01779  0.33701
   0.44611 -0.01796  0.32847
   0.45957 -0.01812  0.31625
   0.47302 -0.01826  0.30608
   0.48648 -0.01837  0.29614
   0.49994 -0.01846  0.28778
   0.51340 -0.01853  0.27728
   0.52685 -0.01856  0.26833
   0.54029 -0.01857  0.25844
   0.55373 -0.01854  0.25133
   0.56718 -0.01849  0.24229
   0.58062 -0.01840  0.23491
   0.59406 -0.01828  0.22650
   0.60750 -0.01812  0.22064
   0.62094 -0.01792  0.21421
   0.63438 -0.01770  0.20458
   0.64781 -0.01744  0.19947
   0.66123 -0.01713  0.19203
   0.67465 -0.01678  0.19023
   0.68809 -0.01639  0.18406
   0.70152 -0.01597  0.17916
   0.71495 -0.01551  0.17574
   0.72838 -0.01501  0.17135
   0.74182 -0.01448  0.16739
   0.75524 -0.01392  0.16442
   0.76864 -0.01332  0.16039
   0.78206 -0.01267  0.16323
   0.79550 -0.01201  0.15941
   0.80884 -0.01135  0.14430
   0.82198 -0.01057  0.14766
   0.83499 -0.00967  0.17968
   0.84796 -0.00891  0.18222
   0.86096 -0.00831  0.14480
   0.87409 -0.00759  0.14533
   0.88740 -0.00673  0.15749
   0.90084 -0.00589  0.16052
   0.91429 -0.00505  0.15969
   0.92775 -0.00420  0.16166
   0.94121 -0.00335  0.16404
   0.95466 -0.00250  0.16746
   0.96808 -0.00165  0.18009
   0.98136 -0.00087  0.19753
   0.99384 -0.00023  0.23066
   1.00000  0.00000  0.21839
