                                                
 Alfa =  10.00000 Re =  4000000.000 Xflap,Yflap =     0.000000    0.000000
#    x        y        Cp  
   1.00000  0.00200  0.28741
   0.99458  0.00306  0.16016
   0.98600  0.00475  0.11182
   0.97681  0.00657  0.07196
   0.96691  0.00853  0.03911
   0.95623  0.01066  0.00652
   0.94465  0.01297 -0.02230
   0.93210  0.01550 -0.05486
   0.91853  0.01824 -0.08514
   0.90398  0.02119 -0.12189
   0.88876  0.02429 -0.15701
   0.87377  0.02736 -0.19579
   0.85894  0.03038 -0.23486
   0.84405  0.03339 -0.27287
   0.82894  0.03640 -0.31262
   0.81359  0.03940 -0.35341
   0.79837  0.04231 -0.38916
   0.78332  0.04509 -0.42575
   0.76835  0.04778 -0.45832
   0.75339  0.05038 -0.49092
   0.73837  0.05291 -0.52311
   0.72328  0.05537 -0.55397
   0.70810  0.05776 -0.58670
   0.69287  0.06007 -0.61923
   0.67760  0.06230 -0.65429
   0.66235  0.06444 -0.68890
   0.64712  0.06646 -0.72313
   0.63193  0.06837 -0.75576
   0.61678  0.07017 -0.78833
   0.60164  0.07183 -0.81803
   0.58650  0.07336 -0.84590
   0.57134  0.07477 -0.86668
   0.55612  0.07607 -0.89117
   0.54085  0.07726 -0.91188
   0.52552  0.07836 -0.93392
   0.51014  0.07938 -0.95706
   0.49473  0.08031 -0.98387
   0.47931  0.08116 -1.01443
   0.46392  0.08193 -1.04745
   0.44855  0.08260 -1.08158
   0.43323  0.08317 -1.11749
   0.41795  0.08362 -1.15262
   0.40270  0.08395 -1.18863
   0.38747  0.08416 -1.22242
   0.37224  0.08425 -1.25541
   0.35701  0.08421 -1.29011
   0.34177  0.08405 -1.32541
   0.32652  0.08377 -1.36213
   0.31126  0.08337 -1.40400
   0.29599  0.08285 -1.44954
   0.28073  0.08222 -1.50531
   0.26553  0.08145 -1.56569
   0.25043  0.08053 -1.63204
   0.23551  0.07945 -1.70535
   0.22082  0.07819 -1.78323
   0.20628  0.07672 -1.85916
   0.19177  0.07498 -1.92647
   0.17710  0.07295 -1.98950
   0.16231  0.07063 -2.05639
   0.14772  0.06808 -2.14652
   0.13377  0.06538 -2.27717
   0.12061  0.06249 -2.40543
   0.10796  0.05928 -2.51325
   0.09530  0.05555 -2.52721
   0.08196  0.05112 -2.43679
   0.06852  0.04655 -2.62300
   0.05664  0.04225 -3.05515
   0.04617  0.03774 -3.25143
   0.03633  0.03270 -3.19098
   0.02701  0.02743 -3.24475
   0.01876  0.02246 -3.84342
   0.01280  0.01836 -4.36152
   0.00882  0.01520 -4.89227
   0.00602  0.01266 -5.51251
   0.00396  0.01050 -6.17598
   0.00241  0.00858 -6.90912
   0.00127  0.00683 -7.65047
   0.00046  0.00520 -8.38028
  -0.00005  0.00366 -8.84526
  -0.00026  0.00220 -8.78549
  -0.00018  0.00079 -7.92327
   0.00020 -0.00058 -6.08568
   0.00091 -0.00193 -4.00891
   0.00192 -0.00325 -2.36189
   0.00325 -0.00454 -1.17443
   0.00492 -0.00579 -0.33367
   0.00696 -0.00698  0.23764
   0.00943 -0.00804  0.61830
   0.01240 -0.00885  0.85826
   0.01595 -0.00915  0.97929
   0.02035 -0.00870  0.99853
   0.02626 -0.00749  0.97822
   0.03473 -0.00596  0.94254
   0.04559 -0.00424  0.89110
   0.05698 -0.00216  0.84737
   0.06922  0.00048  0.82309
   0.08298  0.00344  0.79931
   0.09737  0.00644  0.77283
   0.11137  0.00951  0.76252
   0.12486  0.01253  0.76213
   0.13801  0.01530  0.76425
   0.15109  0.01768  0.76314
   0.16443  0.01959  0.75229
   0.17833  0.02113  0.73617
   0.19299  0.02244  0.71695
   0.20830  0.02364  0.69987
   0.22391  0.02478  0.68666
   0.23947  0.02583  0.67548
   0.25486  0.02679  0.66596
   0.27012  0.02765  0.65747
   0.28531  0.02840  0.65007
   0.30048  0.02902  0.64226
   0.31567  0.02950  0.63369
   0.33087  0.02986  0.62485
   0.34610  0.03008  0.61569
   0.36137  0.03019  0.60635
   0.37667  0.03020  0.59626
   0.39201  0.03009  0.58696
   0.40738  0.02989  0.57677
   0.42279  0.02960  0.56693
   0.43822  0.02923  0.55656
   0.45367  0.02877  0.54624
   0.46913  0.02825  0.53586
   0.48462  0.02765  0.52474
   0.50012  0.02699  0.51406
   0.51564  0.02628  0.50175
   0.53117  0.02553  0.49055
   0.54671  0.02474  0.47805
   0.56228  0.02394  0.46664
   0.57786  0.02313  0.45541
   0.59345  0.02233  0.44387
   0.60906  0.02155  0.43553
   0.62468  0.02080  0.42819
   0.64031  0.02004  0.42077
   0.65593  0.01929  0.41515
   0.67153  0.01851  0.40848
   0.68709  0.01770  0.40142
   0.70261  0.01685  0.39345
   0.71804  0.01595  0.38307
   0.73339  0.01502  0.37096
   0.74868  0.01408  0.35946
   0.76393  0.01313  0.34749
   0.77918  0.01221  0.33516
   0.79452  0.01131  0.32544
   0.81004  0.01045  0.31651
   0.82566  0.00965  0.31126
   0.84104  0.00888  0.30637
   0.85623  0.00815  0.30241
   0.87137  0.00742  0.29878
   0.88666  0.00667  0.29440
   0.90218  0.00589  0.28977
   0.91701  0.00510  0.28345
   0.93085  0.00433  0.27750
   0.94365  0.00359  0.26900
   0.95544  0.00288  0.26384
   0.96633  0.00221  0.25662
   0.97640  0.00157  0.25244
   0.98576  0.00096  0.24666
   0.99449  0.00038  0.25002
   1.00000  0.00000  0.28741
