                                                
 Alfa =  10.00000 Re =  4000000.000 Xflap,Yflap =     0.000000    0.000000
#    x        y        Cp  
   1.00000  0.00000  0.44353
   0.99360  0.00173  0.30823
   0.98271  0.00487  0.15583
   0.97040  0.00816  0.06829
   0.95693  0.01141  0.03391
   0.94226  0.01475  0.01089
   0.92689  0.01821 -0.01995
   0.91132  0.02170 -0.05038
   0.89566  0.02521 -0.08151
   0.87994  0.02875 -0.11320
   0.86419  0.03230 -0.14617
   0.84842  0.03585 -0.17918
   0.83266  0.03941 -0.21299
   0.81691  0.04295 -0.24749
   0.80119  0.04648 -0.28284
   0.78551  0.04998 -0.31984
   0.76985  0.05344 -0.35659
   0.75422  0.05687 -0.39459
   0.73861  0.06025 -0.43270
   0.72302  0.06358 -0.47249
   0.70745  0.06685 -0.51187
   0.69190  0.07006 -0.55286
   0.67636  0.07321 -0.59532
   0.66084  0.07627 -0.63724
   0.64534  0.07926 -0.68107
   0.62986  0.08216 -0.72563
   0.61439  0.08497 -0.77094
   0.59895  0.08768 -0.81870
   0.58353  0.09027 -0.86509
   0.56812  0.09276 -0.91439
   0.55272  0.09512 -0.96277
   0.53734  0.09736 -1.01269
   0.52198  0.09947 -1.06473
   0.50665  0.10143 -1.11784
   0.49134  0.10325 -1.17120
   0.47607  0.10491 -1.22619
   0.46080  0.10641 -1.28103
   0.44556  0.10773 -1.33864
   0.43039  0.10887 -1.39646
   0.41532  0.10981 -1.45714
   0.40034  0.11053 -1.51550
   0.38539  0.11103 -1.56768
   0.37037  0.11129 -1.61332
   0.35530  0.11134 -1.65889
   0.34032  0.11116 -1.71463
   0.32561  0.11075 -1.77849
   0.31116  0.11007 -1.83190
   0.29672  0.10907 -1.84465
   0.28189  0.10772 -1.81882
   0.26653  0.10612 -1.80037
   0.25101  0.10443 -1.85677
   0.23597  0.10267 -1.95971
   0.22152  0.10073 -2.05315
   0.20733  0.09847 -2.09060
   0.19306  0.09587 -2.10923
   0.17865  0.09296 -2.14010
   0.16430  0.08980 -2.19738
   0.15020  0.08641 -2.26050
   0.13637  0.08275 -2.32286
   0.12277  0.07880 -2.38605
   0.10942  0.07456 -2.46062
   0.09644  0.07005 -2.54307
   0.08392  0.06526 -2.63312
   0.07197  0.06023 -2.72928
   0.06075  0.05502 -2.83486
   0.05044  0.04973 -2.95843
   0.04126  0.04449 -3.08176
   0.03330  0.03946 -3.22344
   0.02661  0.03474 -3.35123
   0.02108  0.03042 -3.49894
   0.01658  0.02650 -3.63838
   0.01291  0.02294 -3.76367
   0.00992  0.01971 -3.92336
   0.00748  0.01677 -4.07915
   0.00550  0.01406 -4.20682
   0.00391  0.01156 -4.33114
   0.00263  0.00924 -4.51076
   0.00163  0.00708 -4.66498
   0.00089  0.00504 -4.80692
   0.00037  0.00312 -4.96784
   0.00008  0.00131 -5.18253
   0.00003 -0.00041 -5.66049
   0.00035 -0.00213 -5.29937
   0.00123 -0.00380 -2.83344
   0.00245 -0.00543 -1.53381
   0.00398 -0.00706 -0.69485
   0.00581 -0.00873 -0.13883
   0.00797 -0.01046  0.24689
   0.01054 -0.01228  0.52245
   0.01360 -0.01424  0.71519
   0.01727 -0.01635  0.84851
   0.02172 -0.01863  0.93550
   0.02711 -0.02113  0.98333
   0.03366 -0.02386  0.99982
   0.04162 -0.02684  0.99124
   0.05111 -0.03004  0.96332
   0.06211 -0.03335  0.92247
   0.07434 -0.03666  0.87489
   0.08749 -0.03986  0.82534
   0.10133 -0.04292  0.77679
   0.11563 -0.04580  0.72996
   0.13023 -0.04850  0.68584
   0.14503 -0.05101  0.64468
   0.16000 -0.05335  0.60572
   0.17509 -0.05553  0.56930
   0.19025 -0.05754  0.53466
   0.20548 -0.05940  0.50203
   0.22076 -0.06110  0.47128
   0.23608 -0.06265  0.44179
   0.25144 -0.06406  0.41395
   0.26683 -0.06533  0.38695
   0.28222 -0.06645  0.36078
   0.29761 -0.06743  0.33610
   0.31300 -0.06825  0.31213
   0.32839 -0.06893  0.28947
   0.34378 -0.06946  0.26717
   0.35915 -0.06983  0.24485
   0.37447 -0.07005  0.22329
   0.38972 -0.07008  0.20207
   0.40486 -0.06994  0.18180
   0.41987 -0.06958  0.16304
   0.43479 -0.06900  0.14826
   0.44961 -0.06817  0.13779
   0.46440 -0.06710  0.13161
   0.47918 -0.06577  0.13013
   0.49399 -0.06419  0.13362
   0.50888 -0.06236  0.14226
   0.52388 -0.06030  0.15325
   0.53900 -0.05804  0.16726
   0.55427 -0.05560  0.18329
   0.56967 -0.05301  0.19977
   0.58522 -0.05029  0.21665
   0.60090 -0.04750  0.23200
   0.61669 -0.04464  0.24706
   0.63254 -0.04174  0.26165
   0.64841 -0.03885  0.27433
   0.66426 -0.03597  0.28730
   0.68005 -0.03313  0.29849
   0.69578 -0.03033  0.31036
   0.71145 -0.02759  0.32098
   0.72707 -0.02492  0.33144
   0.74266 -0.02233  0.34083
   0.75823 -0.01982  0.34940
   0.77377 -0.01740  0.35811
   0.78929 -0.01508  0.36605
   0.80476 -0.01288  0.37410
   0.82020 -0.01079  0.38149
   0.83558 -0.00883  0.38745
   0.85092 -0.00702  0.39514
   0.86622 -0.00536  0.39971
   0.88148 -0.00386  0.40557
   0.89668 -0.00253  0.40943
   0.91179 -0.00140  0.41325
   0.92676 -0.00046  0.41773
   0.94151  0.00026  0.42116
   0.95592  0.00074  0.42372
   0.96966  0.00097  0.42913
   0.98226  0.00090  0.43867
   0.99341  0.00048  0.45347
   1.00000  0.00000  0.44353
