                                                
 Alfa =  10.00000 Re =  4000000.000 Xflap,Yflap =     0.000000    0.000000
#    x        y        Cp  
   1.00000  0.00000  0.44801
   0.99401  0.00150  0.26368
   0.98414  0.00393  0.17199
   0.97303  0.00661  0.10654
   0.96048  0.00955  0.05140
   0.94649  0.01274  0.00254
   0.93137  0.01608 -0.04026
   0.91567  0.01943 -0.07622
   0.89982  0.02274 -0.10775
   0.88391  0.02598 -0.13553
   0.86785  0.02921 -0.16226
   0.85158  0.03244 -0.18749
   0.83517  0.03568 -0.21431
   0.81867  0.03893 -0.24206
   0.80217  0.04217 -0.27104
   0.78571  0.04541 -0.30208
   0.76931  0.04862 -0.33526
   0.75296  0.05181 -0.36861
   0.73664  0.05495 -0.40194
   0.72031  0.05807 -0.43508
   0.70398  0.06115 -0.46889
   0.68767  0.06420 -0.50626
   0.67140  0.06720 -0.54375
   0.65519  0.07014 -0.58314
   0.63901  0.07302 -0.62229
   0.62283  0.07583 -0.66076
   0.60665  0.07858 -0.70139
   0.59046  0.08128 -0.74512
   0.57428  0.08391 -0.79136
   0.55814  0.08647 -0.84079
   0.54207  0.08894 -0.89527
   0.52613  0.09130 -0.95500
   0.51033  0.09352 -1.01594
   0.49468  0.09559 -1.07693
   0.47916  0.09747 -1.13730
   0.46375  0.09917 -1.19527
   0.44839  0.10068 -1.24899
   0.43302  0.10198 -1.29650
   0.41758  0.10310 -1.34087
   0.40209  0.10404 -1.38610
   0.38660  0.10480 -1.43657
   0.37116  0.10537 -1.48990
   0.35581  0.10574 -1.54318
   0.34053  0.10591 -1.59383
   0.32527  0.10586 -1.64172
   0.31003  0.10559 -1.68919
   0.29479  0.10511 -1.73917
   0.27961  0.10442 -1.79178
   0.26449  0.10351 -1.84535
   0.24946  0.10238 -1.90183
   0.23449  0.10101 -1.96138
   0.21960  0.09940 -2.02311
   0.20484  0.09756 -2.09109
   0.19028  0.09548 -2.17109
   0.17603  0.09317 -2.25922
   0.16211  0.09059 -2.34853
   0.14852  0.08772 -2.43631
   0.13522  0.08454 -2.51703
   0.12220  0.08102 -2.59583
   0.10953  0.07718 -2.67010
   0.09732  0.07305 -2.74509
   0.08570  0.06867 -2.82662
   0.07472  0.06406 -2.88525
   0.06440  0.05924 -2.92786
   0.05490  0.05437 -3.00479
   0.04639  0.04957 -3.09889
   0.03893  0.04490 -3.15549
   0.03247  0.04042 -3.17068
   0.02693  0.03623 -3.18428
   0.02220  0.03234 -3.20372
   0.01815  0.02874 -3.23923
   0.01465  0.02539 -3.27581
   0.01162  0.02228 -3.31787
   0.00900  0.01942 -3.45881
   0.00677  0.01681 -3.72096
   0.00494  0.01443 -3.99138
   0.00344  0.01224 -4.25897
   0.00224  0.01020 -4.48380
   0.00130  0.00826 -4.67603
   0.00061  0.00640 -4.76174
   0.00014  0.00461 -4.72858
  -0.00010  0.00286 -4.48962
  -0.00012  0.00115 -4.06981
   0.00010 -0.00055 -3.38189
   0.00055 -0.00225 -2.58081
   0.00124 -0.00394 -1.81828
   0.00215 -0.00562 -1.16822
   0.00329 -0.00727 -0.61597
   0.00468 -0.00887 -0.16089
   0.00631 -0.01039  0.20712
   0.00823 -0.01180  0.49999
   0.01044 -0.01301  0.72803
   0.01300 -0.01393  0.88801
   0.01597 -0.01459  0.96899
   0.01942 -0.01504  0.99718
   0.02342 -0.01543  0.99837
   0.02806 -0.01581  0.98528
   0.03341 -0.01613  0.96236
   0.03949 -0.01631  0.93359
   0.04646 -0.01628  0.90487
   0.05464 -0.01606  0.87984
   0.06447 -0.01581  0.85255
   0.07611 -0.01568  0.81530
   0.08945 -0.01550  0.78029
   0.10441 -0.01522  0.74979
   0.12054 -0.01493  0.71887
   0.13716 -0.01466  0.69009
   0.15377 -0.01439  0.66439
   0.17035 -0.01411  0.64158
   0.18701 -0.01382  0.62093
   0.20377 -0.01354  0.60201
   0.22059 -0.01325  0.58393
   0.23742 -0.01296  0.56759
   0.25425 -0.01268  0.55201
   0.27107 -0.01239  0.53767
   0.28790 -0.01211  0.52421
   0.30473 -0.01182  0.51143
   0.32156 -0.01153  0.49938
   0.33840 -0.01125  0.48787
   0.35523 -0.01096  0.47725
   0.37207 -0.01068  0.46654
   0.38890 -0.01039  0.45701
   0.40573 -0.01010  0.44706
   0.42257 -0.00982  0.43844
   0.43940 -0.00953  0.42936
   0.45624 -0.00924  0.42119
   0.47307 -0.00896  0.41295
   0.48991 -0.00867  0.40521
   0.50674 -0.00838  0.39785
   0.52358 -0.00810  0.39048
   0.54041 -0.00781  0.38318
   0.55725 -0.00753  0.37671
   0.57408 -0.00724  0.36951
   0.59092 -0.00695  0.36389
   0.60775 -0.00667  0.35701
   0.62459 -0.00638  0.35155
   0.64142 -0.00610  0.34525
   0.65826 -0.00581  0.33926
   0.67509 -0.00552  0.33455
   0.69192 -0.00524  0.32842
   0.70876 -0.00495  0.32374
   0.72559 -0.00466  0.31838
   0.74243 -0.00438  0.31331
   0.75926 -0.00409  0.30845
   0.77609 -0.00381  0.30455
   0.79291 -0.00352  0.29993
   0.80974 -0.00323  0.29540
   0.82656 -0.00295  0.29257
   0.84338 -0.00266  0.28763
   0.86018 -0.00238  0.28487
   0.87688 -0.00209  0.28248
   0.89350 -0.00181  0.27985
   0.91016 -0.00153  0.27857
   0.92687 -0.00124  0.27728
   0.94317 -0.00097  0.27971
   0.95830 -0.00071  0.28354
   0.97175 -0.00048  0.29148
   0.98351 -0.00028  0.30590
   0.99380 -0.00010  0.34137
   1.00000  0.00000  0.44801
