                                                
 Alfa =  10.00000 Re =  4000000.000 Xflap,Yflap =     0.000000    0.000000
#    x        y        Cp  
   1.00000  0.00000  0.24291
   0.99433  0.00086  0.18843
   0.98407  0.00261  0.14173
   0.97165  0.00488  0.07949
   0.95765  0.00749  0.02001
   0.94290  0.01021 -0.02636
   0.92777  0.01294 -0.06058
   0.91238  0.01567 -0.09082
   0.89683  0.01839 -0.11807
   0.88120  0.02112 -0.14660
   0.86554  0.02385 -0.17457
   0.84988  0.02657 -0.20512
   0.83425  0.02928 -0.23525
   0.81865  0.03196 -0.26662
   0.80307  0.03463 -0.29625
   0.78753  0.03726 -0.32994
   0.77204  0.03985 -0.36151
   0.75661  0.04238 -0.39617
   0.74125  0.04485 -0.42862
   0.72593  0.04724 -0.46158
   0.71061  0.04956 -0.49070
   0.69529  0.05181 -0.52207
   0.67996  0.05398 -0.55162
   0.66464  0.05608 -0.58301
   0.64935  0.05810 -0.61324
   0.63407  0.06003 -0.64317
   0.61880  0.06187 -0.67238
   0.60353  0.06362 -0.70154
   0.58825  0.06528 -0.72943
   0.57296  0.06685 -0.75777
   0.55765  0.06833 -0.78487
   0.54233  0.06972 -0.81323
   0.52701  0.07103 -0.84252
   0.51170  0.07224 -0.87116
   0.49639  0.07336 -0.90077
   0.48108  0.07439 -0.93070
   0.46578  0.07532 -0.96094
   0.45047  0.07615 -0.99020
   0.43516  0.07689 -1.02286
   0.41986  0.07753 -1.05387
   0.40455  0.07807 -1.08835
   0.38926  0.07851 -1.12221
   0.37399  0.07885 -1.15991
   0.35874  0.07908 -1.19769
   0.34351  0.07920 -1.23760
   0.32831  0.07921 -1.28020
   0.31314  0.07910 -1.32450
   0.29801  0.07887 -1.37242
   0.28294  0.07851 -1.42451
   0.26794  0.07801 -1.47862
   0.25302  0.07737 -1.53679
   0.23819  0.07657 -1.59842
   0.22344  0.07560 -1.66259
   0.20880  0.07446 -1.73194
   0.19428  0.07314 -1.80498
   0.17990  0.07161 -1.88434
   0.16565  0.06988 -1.96782
   0.15157  0.06792 -2.05986
   0.13770  0.06574 -2.16127
   0.12410  0.06332 -2.27446
   0.11083  0.06065 -2.39644
   0.09792  0.05771 -2.53002
   0.08546  0.05450 -2.67515
   0.07356  0.05105 -2.84661
   0.06241  0.04738 -3.02955
   0.05217  0.04357 -3.23340
   0.04299  0.03970 -3.44499
   0.03496  0.03586 -3.68571
   0.02812  0.03216 -3.92762
   0.02244  0.02869 -4.19447
   0.01779  0.02548 -4.48064
   0.01398  0.02248 -4.71422
   0.01085  0.01966 -4.91498
   0.00826  0.01701 -5.10616
   0.00615  0.01451 -5.24671
   0.00445  0.01218 -5.36789
   0.00310  0.01001 -5.46769
   0.00204  0.00796 -5.51109
   0.00122  0.00599 -5.44436
   0.00061  0.00407 -5.33574
   0.00017  0.00219 -5.40167
  -0.00004  0.00038 -5.56272
  -0.00000 -0.00133 -5.62934
   0.00035 -0.00292 -5.23247
   0.00109 -0.00437 -3.68869
   0.00223 -0.00571 -1.96530
   0.00377 -0.00696 -0.76006
   0.00572 -0.00815 -0.00220
   0.00803 -0.00928  0.43018
   0.01075 -0.01034  0.70187
   0.01398 -0.01131  0.86745
   0.01783 -0.01224  0.95467
   0.02245 -0.01323  0.99199
   0.02810 -0.01430  0.99954
   0.03507 -0.01544  0.98455
   0.04364 -0.01657  0.95263
   0.05402 -0.01764  0.91058
   0.06605 -0.01862  0.86415
   0.07931 -0.01946  0.81775
   0.09333 -0.02012  0.77530
   0.10791 -0.02062  0.73756
   0.12292 -0.02099  0.70393
   0.13820 -0.02126  0.67332
   0.15359 -0.02144  0.64576
   0.16907 -0.02155  0.62128
   0.18462 -0.02159  0.59882
   0.20025 -0.02158  0.57841
   0.21592 -0.02153  0.55918
   0.23162 -0.02143  0.54159
   0.24732 -0.02129  0.52519
   0.26304 -0.02111  0.51014
   0.27878 -0.02090  0.49563
   0.29453 -0.02066  0.48256
   0.31030 -0.02039  0.46966
   0.32609 -0.02010  0.45817
   0.34189 -0.01977  0.44688
   0.35768 -0.01943  0.43521
   0.37346 -0.01906  0.42484
   0.38923 -0.01867  0.41503
   0.40500 -0.01825  0.40526
   0.42075 -0.01779  0.39624
   0.43650 -0.01731  0.38705
   0.45224 -0.01680  0.37938
   0.46796 -0.01626  0.37113
   0.48367 -0.01568  0.36383
   0.49936 -0.01507  0.35731
   0.51505 -0.01441  0.35060
   0.53074 -0.01372  0.34524
   0.54643 -0.01299  0.34012
   0.56213 -0.01223  0.33532
   0.57783 -0.01142  0.33024
   0.59351 -0.01058  0.32609
   0.60913 -0.00969  0.32267
   0.62468 -0.00876  0.31907
   0.64014 -0.00777  0.31675
   0.65558 -0.00672  0.31704
   0.67106 -0.00558  0.32067
   0.68664 -0.00438  0.32566
   0.70231 -0.00313  0.33296
   0.71798 -0.00185  0.34078
   0.73355 -0.00060  0.35051
   0.74899  0.00060  0.35857
   0.76430  0.00170  0.36592
   0.77950  0.00270  0.37130
   0.79464  0.00357  0.37559
   0.80972  0.00432  0.37881
   0.82476  0.00493  0.37947
   0.83976  0.00540  0.37947
   0.85473  0.00572  0.38003
   0.86964  0.00589  0.37716
   0.88450  0.00590  0.37363
   0.89933  0.00574  0.36842
   0.91411  0.00540  0.36143
   0.92884  0.00491  0.35034
   0.94346  0.00424  0.33917
   0.95778  0.00343  0.32594
   0.97144  0.00250  0.31362
   0.98382  0.00152  0.29639
   0.99426  0.00057  0.26608
   1.00000  0.00000  0.24291
