                                                
 Alfa =  10.00000 Re =  4000000.000 Xflap,Yflap =     0.000000    0.000000
#    x        y        Cp  
   1.00000  0.00101  0.35979
   0.99344  0.00213  0.19250
   0.98265  0.00395  0.12655
   0.97056  0.00594  0.07093
   0.95703  0.00812  0.02708
   0.94217  0.01044 -0.01386
   0.92641  0.01283 -0.04958
   0.91028  0.01519 -0.08088
   0.89407  0.01748 -0.10620
   0.87777  0.01971 -0.12401
   0.86133  0.02193 -0.14168
   0.84477  0.02420 -0.16323
   0.82816  0.02650 -0.19359
   0.81156  0.02880 -0.22448
   0.79499  0.03106 -0.25168
   0.77840  0.03326 -0.27217
   0.76176  0.03545 -0.29116
   0.74508  0.03766 -0.31619
   0.72842  0.03990 -0.35038
   0.71181  0.04213 -0.38871
   0.69524  0.04431 -0.42547
   0.67869  0.04642 -0.45996
   0.66216  0.04845 -0.49295
   0.64565  0.05040 -0.52688
   0.62921  0.05225 -0.56048
   0.61285  0.05400 -0.59417
   0.59651  0.05564 -0.62451
   0.58013  0.05716 -0.65064
   0.56365  0.05859 -0.67565
   0.54710  0.05994 -0.70359
   0.53056  0.06123 -0.73807
   0.51412  0.06241 -0.77441
   0.49779  0.06347 -0.81108
   0.48154  0.06440 -0.84457
   0.46532  0.06520 -0.87680
   0.44912  0.06586 -0.90741
   0.43292  0.06638 -0.93558
   0.41672  0.06677 -0.96278
   0.40048  0.06702 -0.98893
   0.38417  0.06714 -1.01571
   0.36777  0.06714 -1.04325
   0.35136  0.06703 -1.07536
   0.33510  0.06682 -1.11870
   0.31913  0.06648 -1.16633
   0.30336  0.06596 -1.20804
   0.28758  0.06522 -1.22752
   0.27149  0.06428 -1.23715
   0.25506  0.06319 -1.25118
   0.23859  0.06203 -1.29783
   0.22252  0.06081 -1.36497
   0.20691  0.05945 -1.42897
   0.19153  0.05786 -1.43940
   0.17604  0.05613 -1.45079
   0.16066  0.05442 -1.56100
   0.14579  0.05262 -1.66880
   0.13146  0.05063 -1.69483
   0.11767  0.04865 -1.75692
   0.10480  0.04687 -2.05783
   0.09274  0.04481 -2.17310
   0.08106  0.04251 -2.17225
   0.07023  0.04040 -2.48582
   0.06066  0.03833 -2.85882
   0.05202  0.03603 -2.99314
   0.04412  0.03365 -3.08081
   0.03714  0.03143 -3.39143
   0.03122  0.02943 -3.93850
   0.02624  0.02750 -4.47519
   0.02200  0.02557 -4.93802
   0.01834  0.02358 -5.21804
   0.01512  0.02154 -5.33490
   0.01227  0.01950 -5.47429
   0.00975  0.01749 -5.83428
   0.00758  0.01552 -6.77730
   0.00580  0.01344 -6.14606
   0.00429  0.01137 -5.73007
   0.00296  0.00936 -6.07599
   0.00188  0.00737 -6.14402
   0.00105  0.00541 -6.00399
   0.00047  0.00350 -5.76442
   0.00012  0.00166 -5.38375
  -0.00000 -0.00015 -4.80620
   0.00011 -0.00195 -3.88484
   0.00044 -0.00379 -2.95730
   0.00096 -0.00569 -2.12359
   0.00168 -0.00767 -1.43475
   0.00255 -0.00976 -0.93661
   0.00358 -0.01189 -0.70593
   0.00487 -0.01393 -0.40058
   0.00662 -0.01578  0.20406
   0.00870 -0.01757  0.52784
   0.01102 -0.01932  0.70900
   0.01372 -0.02091  0.86491
   0.01684 -0.02235  0.95346
   0.02044 -0.02366  0.99279
   0.02456 -0.02488  0.99935
   0.02932 -0.02600  0.98548
   0.03484 -0.02703  0.95958
   0.04127 -0.02801  0.92729
   0.04874 -0.02899  0.88845
   0.05735 -0.02994  0.84476
   0.06723 -0.03076  0.80198
   0.07857 -0.03140  0.76332
   0.09143 -0.03189  0.72634
   0.10556 -0.03224  0.69390
   0.12084 -0.03247  0.66690
   0.13693 -0.03268  0.64107
   0.15339 -0.03290  0.61709
   0.16998 -0.03317  0.59275
   0.18659 -0.03346  0.57178
   0.20312 -0.03375  0.55638
   0.21958 -0.03415  0.53723
   0.23610 -0.03466  0.51671
   0.25274 -0.03525  0.49580
   0.26948 -0.03591  0.47446
   0.28628 -0.03663  0.45191
   0.30307 -0.03740  0.42793
   0.31976 -0.03820  0.40087
   0.33630 -0.03896  0.37345
   0.35268 -0.03963  0.34677
   0.36889 -0.04018  0.32301
   0.38498 -0.04058  0.30255
   0.40101 -0.04081  0.28462
   0.41707 -0.04087  0.27108
   0.43323 -0.04078  0.26127
   0.44952 -0.04056  0.25154
   0.46586 -0.04021  0.24172
   0.48221 -0.03975  0.23263
   0.49852 -0.03917  0.22459
   0.51481 -0.03847  0.21855
   0.53111 -0.03764  0.21431
   0.54746 -0.03668  0.21196
   0.56389 -0.03561  0.21158
   0.58043 -0.03444  0.21240
   0.59707 -0.03318  0.21428
   0.61377 -0.03185  0.21500
   0.63050 -0.03046  0.21599
   0.64723 -0.02902  0.21748
   0.66397 -0.02752  0.22143
   0.68075 -0.02598  0.22579
   0.69754 -0.02445  0.22866
   0.71427 -0.02295  0.22623
   0.73086 -0.02145  0.22210
   0.74730 -0.01990  0.22028
   0.76362 -0.01826  0.22825
   0.77991 -0.01655  0.24014
   0.79627 -0.01485  0.25252
   0.81279 -0.01320  0.25733
   0.82951 -0.01161  0.25918
   0.84636 -0.01004  0.26211
   0.86309 -0.00849  0.27028
   0.87948 -0.00702  0.28109
   0.89550 -0.00569  0.28973
   0.91129 -0.00453  0.29469
   0.92697 -0.00354  0.29518
   0.94233 -0.00273  0.29431
   0.95693 -0.00210  0.29260
   0.97035 -0.00163  0.28981
   0.98247 -0.00131  0.29098
   0.99335 -0.00110  0.29785
   1.00000 -0.00101  0.35979
