                                                
 Alfa =  10.00000 Re =  4000000.000 Xflap,Yflap =     0.000000    0.000000
#    x        y        Cp  
   1.00000  0.00000  0.17741
   0.99485  0.00164  0.09373
   0.98496  0.00499  0.02381
   0.97241  0.00934 -0.07908
   0.95848  0.01415 -0.17100
   0.94433  0.01891 -0.25435
   0.93019  0.02346 -0.33440
   0.91601  0.02779 -0.39656
   0.90170  0.03193 -0.43795
   0.88716  0.03592 -0.48107
   0.87239  0.03980 -0.51866
   0.85745  0.04358 -0.55897
   0.84242  0.04724 -0.59326
   0.82733  0.05079 -0.63294
   0.81220  0.05423 -0.67558
   0.79709  0.05754 -0.71508
   0.78202  0.06070 -0.75874
   0.76699  0.06371 -0.79494
   0.75197  0.06656 -0.83607
   0.73693  0.06926 -0.86635
   0.72183  0.07181 -0.89084
   0.70662  0.07423 -0.92163
   0.69132  0.07654 -0.94910
   0.67596  0.07873 -0.97484
   0.66057  0.08080 -1.00034
   0.64518  0.08276 -1.02921
   0.62977  0.08459 -1.05605
   0.61434  0.08631 -1.08267
   0.59887  0.08791 -1.11353
   0.58340  0.08940 -1.13975
   0.56791  0.09078 -1.16514
   0.55242  0.09204 -1.19954
   0.53693  0.09318 -1.22752
   0.52142  0.09420 -1.25256
   0.50590  0.09512 -1.28413
   0.49039  0.09591 -1.31168
   0.47488  0.09659 -1.34627
   0.45938  0.09714 -1.37763
   0.44389  0.09758 -1.41079
   0.42841  0.09788 -1.44424
   0.41293  0.09807 -1.48033
   0.39748  0.09812 -1.51503
   0.38205  0.09805 -1.55498
   0.36664  0.09784 -1.59464
   0.35127  0.09749 -1.63468
   0.33593  0.09700 -1.67666
   0.32061  0.09636 -1.71981
   0.30534  0.09558 -1.76803
   0.29012  0.09464 -1.81681
   0.27497  0.09353 -1.86911
   0.25989  0.09227 -1.92301
   0.24487  0.09082 -1.97907
   0.22994  0.08920 -2.03910
   0.21509  0.08738 -2.10381
   0.20034  0.08537 -2.17241
   0.18571  0.08316 -2.24630
   0.17122  0.08073 -2.32711
   0.15690  0.07808 -2.41551
   0.14277  0.07520 -2.51256
   0.12888  0.07208 -2.61718
   0.11524  0.06870 -2.73488
   0.10191  0.06506 -2.86401
   0.08897  0.06116 -3.01459
   0.07651  0.05700 -3.18312
   0.06465  0.05259 -3.37844
   0.05354  0.04799 -3.60199
   0.04339  0.04328 -3.88389
   0.03447  0.03859 -4.19684
   0.02691  0.03407 -4.56207
   0.02070  0.02978 -4.89669
   0.01567  0.02575 -5.19895
   0.01165  0.02200 -5.43504
   0.00845  0.01852 -5.64016
   0.00594  0.01531 -5.83674
   0.00401  0.01236 -5.93811
   0.00256  0.00965 -5.94517
   0.00150  0.00717 -5.85945
   0.00073  0.00486 -5.73845
   0.00020  0.00269 -5.68571
  -0.00012  0.00064 -5.97670
  -0.00017 -0.00128 -6.20910
   0.00009 -0.00306 -5.96600
   0.00071 -0.00470 -4.89151
   0.00168 -0.00616 -3.54946
   0.00293 -0.00732 -2.40229
   0.00444 -0.00806 -1.07879
   0.00622 -0.00832  0.10977
   0.00838 -0.00811  0.69551
   0.01109 -0.00747  0.91936
   0.01460 -0.00651  0.98632
   0.01921 -0.00524  0.99980
   0.02484 -0.00361  0.98551
   0.03128 -0.00155  0.95897
   0.03932  0.00123  0.92786
   0.05077  0.00533  0.89296
   0.06561  0.01066  0.85854
   0.08022  0.01588  0.83378
   0.09467  0.02100  0.81522
   0.10968  0.02631  0.80095
   0.12489  0.03167  0.79139
   0.14014  0.03701  0.78517
   0.15517  0.04226  0.78335
   0.16980  0.04727  0.78425
   0.18405  0.05200  0.78626
   0.19805  0.05641  0.78783
   0.21191  0.06052  0.78853
   0.22573  0.06433  0.78875
   0.23958  0.06788  0.78839
   0.25351  0.07115  0.78761
   0.26757  0.07415  0.78503
   0.28176  0.07689  0.78291
   0.29609  0.07940  0.77977
   0.31056  0.08167  0.77645
   0.32515  0.08371  0.77325
   0.33982  0.08553  0.76990
   0.35457  0.08713  0.76606
   0.36937  0.08852  0.76252
   0.38423  0.08969  0.75821
   0.39912  0.09066  0.75481
   0.41407  0.09142  0.75048
   0.42905  0.09199  0.74552
   0.44408  0.09237  0.74170
   0.45915  0.09255  0.73678
   0.47426  0.09256  0.73181
   0.48940  0.09238  0.72731
   0.50457  0.09202  0.72177
   0.51975  0.09150  0.71656
   0.53493  0.09080  0.71069
   0.55010  0.08994  0.70400
   0.56526  0.08891  0.70118
   0.58041  0.08771  0.69366
   0.59555  0.08634  0.68707
   0.61069  0.08481  0.68047
   0.62585  0.08312  0.67419
   0.64102  0.08126  0.66627
   0.65622  0.07925  0.65849
   0.67144  0.07709  0.64934
   0.68669  0.07479  0.64005
   0.70197  0.07235  0.63067
   0.71726  0.06978  0.62433
   0.73257  0.06709  0.61289
   0.74787  0.06428  0.60176
   0.76318  0.06136  0.59422
   0.77846  0.05833  0.58296
   0.79374  0.05519  0.57237
   0.80899  0.05195  0.56089
   0.82423  0.04860  0.55132
   0.83944  0.04514  0.53844
   0.85458  0.04158  0.52664
   0.86959  0.03793  0.51330
   0.88445  0.03418  0.50178
   0.89916  0.03030  0.48564
   0.91378  0.02626  0.46289
   0.92839  0.02206  0.43825
   0.94298  0.01769  0.41100
   0.95755  0.01319  0.37217
   0.97186  0.00869  0.32107
   0.98466  0.00465  0.27396
   0.99478  0.00155  0.20484
   1.00000 -0.00000  0.17741
