                                                
 Alfa =  10.00000 Re =  4000000.000 Xflap,Yflap =     0.000000    0.000000
#    x        y        Cp  
   1.00000  0.00350  0.26825
   0.99368  0.00500  0.13410
   0.98323  0.00744  0.07348
   0.97139  0.01017  0.01952
   0.95796  0.01322 -0.02743
   0.94292  0.01656 -0.07130
   0.92669  0.02008 -0.11404
   0.90993  0.02364 -0.15039
   0.89306  0.02712 -0.18392
   0.87616  0.03054 -0.21006
   0.85916  0.03391 -0.23575
   0.84204  0.03727 -0.25818
   0.82478  0.04064 -0.28299
   0.80740  0.04405 -0.30804
   0.78995  0.04750 -0.33918
   0.77249  0.05098 -0.37607
   0.75505  0.05447 -0.41551
   0.73767  0.05794 -0.45773
   0.72035  0.06137 -0.50152
   0.70308  0.06473 -0.54427
   0.68582  0.06803 -0.58721
   0.66853  0.07124 -0.62833
   0.65121  0.07440 -0.67000
   0.63386  0.07748 -0.71378
   0.61650  0.08048 -0.75904
   0.59917  0.08341 -0.80870
   0.58193  0.08624 -0.86320
   0.56485  0.08895 -0.92326
   0.54795  0.09151 -0.98319
   0.53124  0.09389 -1.04478
   0.51471  0.09607 -1.10448
   0.49832  0.09805 -1.16154
   0.48204  0.09982 -1.21193
   0.46582  0.10137 -1.25854
   0.44963  0.10272 -1.30324
   0.43342  0.10386 -1.34567
   0.41716  0.10482 -1.38697
   0.40081  0.10557 -1.42619
   0.38432  0.10613 -1.46225
   0.36769  0.10650 -1.49827
   0.35089  0.10668 -1.53506
   0.33395  0.10669 -1.57437
   0.31694  0.10654 -1.62089
   0.29997  0.10624 -1.67554
   0.28317  0.10579 -1.75240
   0.26665  0.10518 -1.83989
   0.25049  0.10437 -1.93448
   0.23471  0.10334 -2.02977
   0.21928  0.10205 -2.12785
   0.20417  0.10050 -2.22283
   0.18931  0.09864 -2.31015
   0.17466  0.09646 -2.39351
   0.16020  0.09398 -2.47729
   0.14599  0.09119 -2.57141
   0.13211  0.08811 -2.68478
   0.11870  0.08476 -2.80466
   0.10593  0.08115 -2.92624
   0.09393  0.07734 -3.05969
   0.08280  0.07337 -3.20324
   0.07258  0.06927 -3.34363
   0.06328  0.06507 -3.47969
   0.05487  0.06078 -3.58080
   0.04733  0.05646 -3.63538
   0.04064  0.05215 -3.64575
   0.03475  0.04794 -3.63851
   0.02957  0.04386 -3.60942
   0.02503  0.03992 -3.55748
   0.02103  0.03612 -3.44029
   0.01746  0.03245 -3.31301
   0.01426  0.02897 -3.21895
   0.01139  0.02570 -3.25349
   0.00884  0.02269 -3.44380
   0.00667  0.01993 -3.65245
   0.00484  0.01736 -3.85781
   0.00334  0.01495 -4.04373
   0.00211  0.01268 -4.19276
   0.00115  0.01052 -4.28048
   0.00044  0.00843 -4.26884
  -0.00004  0.00642 -4.15358
  -0.00029  0.00446 -3.87700
  -0.00032  0.00253 -3.47686
  -0.00012  0.00064 -2.91942
   0.00031 -0.00124 -2.26866
   0.00096 -0.00309 -1.62140
   0.00182 -0.00490 -1.05505
   0.00288 -0.00666 -0.57627
   0.00412 -0.00833 -0.17253
   0.00554 -0.00990  0.16242
   0.00714 -0.01134  0.43872
   0.00892 -0.01260  0.65868
   0.01089 -0.01363  0.82664
   0.01306 -0.01436  0.93998
   0.01546 -0.01472  0.99300
   0.01813 -0.01470  0.99808
   0.02114 -0.01432  0.98186
   0.02458 -0.01364  0.96209
   0.02854 -0.01276  0.94143
   0.03315 -0.01171  0.91925
   0.03851 -0.01047  0.89681
   0.04473 -0.00901  0.87499
   0.05183 -0.00731  0.85491
   0.06004 -0.00533  0.83640
   0.06968 -0.00301  0.82050
   0.08091 -0.00036  0.80780
   0.09323  0.00237  0.79852
   0.10616  0.00490  0.78694
   0.11989  0.00717  0.76978
   0.13485  0.00933  0.74983
   0.15114  0.01147  0.72993
   0.16813  0.01366  0.71758
   0.18490  0.01572  0.70905
   0.20113  0.01752  0.70114
   0.21706  0.01905  0.69049
   0.23301  0.02036  0.67894
   0.24925  0.02152  0.66646
   0.26595  0.02257  0.65390
   0.28318  0.02355  0.64126
   0.30088  0.02448  0.62993
   0.31878  0.02539  0.62228
   0.33657  0.02624  0.61637
   0.35407  0.02699  0.61133
   0.37122  0.02760  0.60672
   0.38807  0.02805  0.60178
   0.40475  0.02832  0.59480
   0.42142  0.02842  0.58581
   0.43826  0.02836  0.57503
   0.45537  0.02816  0.56388
   0.47282  0.02787  0.55178
   0.49056  0.02750  0.54045
   0.50850  0.02710  0.53068
   0.52645  0.02667  0.52359
   0.54426  0.02619  0.51722
   0.56185  0.02565  0.51117
   0.57922  0.02502  0.50467
   0.59641  0.02430  0.49778
   0.61354  0.02344  0.48822
   0.63072  0.02247  0.47627
   0.64805  0.02140  0.46433
   0.66557  0.02024  0.45079
   0.68332  0.01903  0.43749
   0.70128  0.01778  0.42480
   0.71938  0.01651  0.41304
   0.73750  0.01525  0.40338
   0.75561  0.01397  0.39319
   0.77364  0.01267  0.38243
   0.79154  0.01135  0.37222
   0.80927  0.01000  0.35882
   0.82682  0.00865  0.34403
   0.84417  0.00732  0.32980
   0.86134  0.00606  0.31576
   0.87831  0.00489  0.30457
   0.89509  0.00384  0.29651
   0.91168  0.00293  0.30050
   0.92797  0.00209  0.30938
   0.94360  0.00123  0.31616
   0.95812  0.00027  0.31575
   0.97126 -0.00074  0.30843
   0.98303 -0.00178  0.29947
   0.99356 -0.00282  0.29012
   1.00000 -0.00350  0.26825
