                                                
 Alfa =  10.00000 Re =  4000000.000 Xflap,Yflap =     0.000000    0.000000
#    x        y        Cp  
   1.00000  0.00129  0.24876
   0.99422  0.00244  0.11511
   0.98290  0.00468  0.04956
   0.96963  0.00726 -0.00926
   0.95577  0.00991 -0.05383
   0.94173  0.01253 -0.09790
   0.92768  0.01511 -0.13474
   0.91361  0.01762 -0.16760
   0.89952  0.02008 -0.19762
   0.88542  0.02248 -0.22814
   0.87132  0.02482 -0.25481
   0.85720  0.02710 -0.28145
   0.84306  0.02933 -0.30807
   0.82893  0.03150 -0.33135
   0.81479  0.03361 -0.35535
   0.80063  0.03566 -0.37786
   0.78645  0.03766 -0.39976
   0.77226  0.03961 -0.42327
   0.75806  0.04151 -0.44447
   0.74387  0.04335 -0.46613
   0.72966  0.04514 -0.48766
   0.71544  0.04687 -0.50668
   0.70121  0.04856 -0.52973
   0.68696  0.05020 -0.55007
   0.67272  0.05179 -0.57344
   0.65848  0.05332 -0.59443
   0.64424  0.05480 -0.61714
   0.63000  0.05623 -0.63855
   0.61574  0.05760 -0.66099
   0.60148  0.05893 -0.68328
   0.58721  0.06020 -0.70744
   0.57294  0.06141 -0.72928
   0.55868  0.06257 -0.75544
   0.54442  0.06368 -0.78045
   0.53018  0.06472 -0.80737
   0.51594  0.06569 -0.83233
   0.50170  0.06660 -0.85839
   0.48746  0.06744 -0.88517
   0.47323  0.06820 -0.91105
   0.45900  0.06890 -0.93752
   0.44476  0.06952 -0.96476
   0.43053  0.07007 -0.99184
   0.41629  0.07054 -1.01906
   0.40205  0.07094 -1.04758
   0.38780  0.07127 -1.07584
   0.37353  0.07153 -1.10636
   0.35926  0.07172 -1.14141
   0.34500  0.07184 -1.17680
   0.33075  0.07190 -1.21833
   0.31652  0.07187 -1.26280
   0.30232  0.07176 -1.31092
   0.28816  0.07156 -1.36326
   0.27404  0.07126 -1.41956
   0.25997  0.07085 -1.47989
   0.24595  0.07032 -1.54461
   0.23198  0.06964 -1.61374
   0.21810  0.06882 -1.68906
   0.20430  0.06783 -1.76751
   0.19059  0.06665 -1.84914
   0.17698  0.06526 -1.93422
   0.16346  0.06366 -2.02413
   0.15007  0.06182 -2.11746
   0.13680  0.05972 -2.21710
   0.12368  0.05735 -2.32130
   0.11075  0.05468 -2.43280
   0.09802  0.05170 -2.55141
   0.08553  0.04838 -2.67861
   0.07332  0.04471 -2.81432
   0.06148  0.04068 -2.97027
   0.05008  0.03628 -3.14805
   0.03930  0.03154 -3.36260
   0.02956  0.02666 -3.63587
   0.02124  0.02189 -3.99588
   0.01467  0.01755 -4.45392
   0.00999  0.01400 -5.03953
   0.00667  0.01107 -5.65557
   0.00420  0.00852 -6.53976
   0.00240  0.00624 -7.58314
   0.00117  0.00421 -8.36489
   0.00041  0.00242 -9.37417
   0.00004  0.00081-10.13438
   0.00005 -0.00073 -9.23538
   0.00046 -0.00228 -7.17332
   0.00133 -0.00383 -4.81484
   0.00276 -0.00528 -2.27869
   0.00481 -0.00660 -0.62213
   0.00746 -0.00782  0.21270
   0.01086 -0.00894  0.66785
   0.01543 -0.00998  0.89979
   0.02172 -0.01097  0.98939
   0.03016 -0.01179  0.99494
   0.04083 -0.01234  0.95764
   0.05314 -0.01256  0.90669
   0.06633 -0.01246  0.85737
   0.08001 -0.01211  0.81388
   0.09395 -0.01160  0.77651
   0.10805 -0.01095  0.74470
   0.12228 -0.01021  0.71746
   0.13659 -0.00940  0.69362
   0.15097 -0.00855  0.67281
   0.16540 -0.00768  0.65411
   0.17987 -0.00679  0.63702
   0.19434 -0.00591  0.62156
   0.20881 -0.00501  0.60675
   0.22327 -0.00412  0.59388
   0.23774 -0.00322  0.58183
   0.25222 -0.00232  0.57067
   0.26670 -0.00143  0.56014
   0.28118 -0.00053  0.55038
   0.29564  0.00037  0.54110
   0.31009  0.00127  0.53310
   0.32454  0.00219  0.52628
   0.33900  0.00311  0.52019
   0.35348  0.00403  0.51419
   0.36794  0.00494  0.51008
   0.38239  0.00585  0.50517
   0.39682  0.00674  0.50223
   0.41122  0.00761  0.49896
   0.42559  0.00846  0.49626
   0.43993  0.00926  0.49385
   0.45424  0.01001  0.49073
   0.46853  0.01072  0.48859
   0.48283  0.01136  0.48496
   0.49712  0.01195  0.48162
   0.51141  0.01248  0.47810
   0.52568  0.01294  0.47469
   0.53995  0.01334  0.47070
   0.55423  0.01368  0.46627
   0.56852  0.01396  0.46170
   0.58282  0.01417  0.45672
   0.59711  0.01432  0.45260
   0.61140  0.01442  0.44717
   0.62570  0.01445  0.44137
   0.64001  0.01443  0.43647
   0.65433  0.01435  0.43045
   0.66865  0.01421  0.42492
   0.68298  0.01403  0.41898
   0.69731  0.01379  0.41291
   0.71165  0.01351  0.40587
   0.72599  0.01318  0.40021
   0.74033  0.01280  0.39282
   0.75468  0.01238  0.38760
   0.76904  0.01191  0.37982
   0.78340  0.01140  0.37214
   0.79776  0.01086  0.36596
   0.81212  0.01027  0.35954
   0.82648  0.00965  0.35149
   0.84084  0.00898  0.34400
   0.85521  0.00828  0.33614
   0.86957  0.00755  0.32897
   0.88391  0.00678  0.32187
   0.89826  0.00596  0.31192
   0.91261  0.00511  0.30385
   0.92693  0.00422  0.29548
   0.94122  0.00328  0.28633
   0.95546  0.00230  0.27830
   0.96946  0.00127  0.26838
   0.98276  0.00021  0.25604
   0.99416 -0.00076  0.24788
   1.00000 -0.00130  0.24876
