                                                
 Alfa =  10.00000 Re =  4000000.000 Xflap,Yflap =     0.000000    0.000000
#    x        y        Cp  
   1.00000  0.00105  0.39459
   0.99446  0.00252  0.22279
   0.98525  0.00494  0.14788
   0.97471  0.00770  0.08783
   0.96258  0.01085  0.03152
   0.94874  0.01441 -0.02242
   0.93363  0.01826 -0.07544
   0.91830  0.02212 -0.12633
   0.90295  0.02591 -0.17441
   0.88792  0.02956 -0.21956
   0.87311  0.03307 -0.26107
   0.85839  0.03649 -0.30198
   0.84365  0.03982 -0.34204
   0.82884  0.04308 -0.38081
   0.81392  0.04626 -0.41906
   0.79887  0.04938 -0.45491
   0.78373  0.05240 -0.49079
   0.76852  0.05532 -0.52399
   0.75328  0.05815 -0.55653
   0.73803  0.06087 -0.58840
   0.72278  0.06348 -0.61873
   0.70753  0.06600 -0.64943
   0.69227  0.06841 -0.67866
   0.67699  0.07073 -0.70703
   0.66166  0.07296 -0.73541
   0.64630  0.07510 -0.76471
   0.63088  0.07717 -0.79388
   0.61544  0.07915 -0.82421
   0.59998  0.08106 -0.85690
   0.58453  0.08289 -0.89433
   0.56911  0.08463 -0.93344
   0.55374  0.08627 -0.97442
   0.53842  0.08779 -1.01663
   0.52317  0.08919 -1.05707
   0.50797  0.09045 -1.09806
   0.49281  0.09156 -1.13687
   0.47768  0.09253 -1.17149
   0.46257  0.09335 -1.20515
   0.44745  0.09403 -1.23824
   0.43232  0.09456 -1.27137
   0.41715  0.09497 -1.30466
   0.40194  0.09523 -1.33942
   0.38667  0.09537 -1.37649
   0.37134  0.09536 -1.41695
   0.35595  0.09520 -1.45820
   0.34053  0.09488 -1.50186
   0.32514  0.09441 -1.54638
   0.30986  0.09377 -1.59459
   0.29477  0.09298 -1.64617
   0.27996  0.09202 -1.70247
   0.26546  0.09090 -1.76144
   0.25128  0.08959 -1.81777
   0.23732  0.08809 -1.87298
   0.22350  0.08636 -1.92386
   0.20967  0.08438 -1.96942
   0.19564  0.08208 -1.99875
   0.18117  0.07941 -2.00349
   0.16616  0.07638 -2.01177
   0.15098  0.07314 -2.04757
   0.13645  0.06991 -2.17032
   0.12302  0.06671 -2.31885
   0.11047  0.06338 -2.45621
   0.09820  0.05966 -2.53445
   0.08542  0.05527 -2.47136
   0.07212  0.05043 -2.52289
   0.06017  0.04593 -2.86716
   0.04991  0.04158 -3.13910
   0.04042  0.03686 -3.13220
   0.03143  0.03191 -3.12271
   0.02369  0.02748 -3.42592
   0.01767  0.02386 -4.20109
   0.01317  0.02071 -4.69987
   0.00973  0.01791 -5.05437
   0.00707  0.01542 -5.44424
   0.00499  0.01320 -5.85336
   0.00335  0.01116 -6.30753
   0.00207  0.00928 -6.76104
   0.00109  0.00751 -7.20195
   0.00038  0.00583 -7.58577
  -0.00008  0.00423 -7.76699
  -0.00028  0.00269 -7.63179
  -0.00024  0.00120 -7.01416
   0.00008 -0.00026 -5.82611
   0.00067 -0.00169 -4.23749
   0.00154 -0.00310 -2.81331
   0.00269 -0.00449 -1.67652
   0.00412 -0.00585 -0.81943
   0.00588 -0.00719 -0.18332
   0.00798 -0.00847  0.27579
   0.01049 -0.00964  0.59863
   0.01347 -0.01060  0.81784
   0.01698 -0.01119  0.94729
   0.02128 -0.01134  0.99549
   0.02681 -0.01119  0.99761
   0.03420 -0.01109  0.97866
   0.04364 -0.01106  0.94292
   0.05436 -0.01087  0.89887
   0.06628 -0.01030  0.85842
   0.07989 -0.00937  0.82334
   0.09455 -0.00826  0.79478
   0.10931 -0.00723  0.76745
   0.12409 -0.00632  0.73860
   0.13898 -0.00544  0.71110
   0.15402 -0.00446  0.68828
   0.16915 -0.00335  0.67335
   0.18435 -0.00218  0.66261
   0.19960 -0.00104  0.65314
   0.21491 -0.00000  0.64159
   0.23029  0.00093  0.62897
   0.24576  0.00178  0.61618
   0.26133  0.00255  0.60349
   0.27700  0.00326  0.59083
   0.29275  0.00393  0.57814
   0.30858  0.00458  0.56641
   0.32446  0.00521  0.55527
   0.34037  0.00584  0.54485
   0.35628  0.00648  0.53555
   0.37216  0.00714  0.52696
   0.38797  0.00783  0.52062
   0.40368  0.00856  0.51635
   0.41924  0.00931  0.51607
   0.43464  0.01006  0.51687
   0.44987  0.01075  0.51826
   0.46495  0.01135  0.51947
   0.47992  0.01183  0.52010
   0.49482  0.01215  0.51791
   0.50971  0.01228  0.51179
   0.52465  0.01223  0.50167
   0.53969  0.01203  0.48922
   0.55488  0.01171  0.47549
   0.57024  0.01131  0.46097
   0.58577  0.01087  0.44551
   0.60146  0.01043  0.43245
   0.61726  0.01001  0.42048
   0.63312  0.00964  0.41149
   0.64902  0.00929  0.40320
   0.66491  0.00898  0.39624
   0.68078  0.00871  0.38947
   0.69662  0.00846  0.38476
   0.71243  0.00824  0.38058
   0.72821  0.00803  0.37867
   0.74396  0.00781  0.37587
   0.75968  0.00758  0.37403
   0.77536  0.00730  0.37187
   0.79099  0.00698  0.36766
   0.80655  0.00658  0.36370
   0.82202  0.00612  0.35528
   0.83741  0.00559  0.34809
   0.85276  0.00502  0.33899
   0.86812  0.00441  0.32936
   0.88359  0.00378  0.32157
   0.89928  0.00313  0.31182
   0.91505  0.00247  0.30454
   0.93060  0.00183  0.29941
   0.94628  0.00118  0.29367
   0.96090  0.00058  0.29120
   0.97367  0.00005  0.29234
   0.98469 -0.00041  0.29640
   0.99427 -0.00081  0.31504
   1.00000 -0.00105  0.39459
