                                                
 Alfa =  10.00000 Re =  4000000.000 Xflap,Yflap =     0.000000    0.000000
#    x        y        Cp  
   1.00000  0.00493  0.13188
   0.99356  0.00540  0.09297
   0.98251  0.00625  0.07618
   0.96981  0.00732  0.05735
   0.95565  0.00860  0.03840
   0.94038  0.01007  0.01727
   0.92435  0.01170 -0.00492
   0.90784  0.01347 -0.02761
   0.89102  0.01533 -0.05192
   0.87398  0.01728 -0.07551
   0.85681  0.01929 -0.09964
   0.83953  0.02135 -0.12409
   0.82217  0.02345 -0.14902
   0.80475  0.02558 -0.17352
   0.78727  0.02773 -0.19799
   0.76975  0.02989 -0.22382
   0.75220  0.03206 -0.24892
   0.73465  0.03423 -0.27434
   0.71711  0.03640 -0.30106
   0.69960  0.03855 -0.32738
   0.68212  0.04069 -0.35414
   0.66466  0.04281 -0.38234
   0.64722  0.04491 -0.41057
   0.62982  0.04698 -0.44001
   0.61244  0.04902 -0.47061
   0.59511  0.05103 -0.50174
   0.57780  0.05301 -0.53452
   0.56054  0.05494 -0.56844
   0.54332  0.05681 -0.60341
   0.52615  0.05864 -0.64021
   0.50903  0.06040 -0.67859
   0.49197  0.06209 -0.71782
   0.47497  0.06371 -0.75884
   0.45803  0.06524 -0.80236
   0.44116  0.06668 -0.84608
   0.42435  0.06803 -0.89252
   0.40763  0.06926 -0.94018
   0.39097  0.07038 -0.98947
   0.37440  0.07137 -1.04075
   0.35792  0.07223 -1.09435
   0.34154  0.07294 -1.14844
   0.32519  0.07350 -1.20222
   0.30895  0.07391 -1.26560
   0.29298  0.07415 -1.33892
   0.27712  0.07416 -1.38582
   0.26105  0.07397 -1.42360
   0.24506  0.07367 -1.51423
   0.22955  0.07319 -1.61244
   0.21435  0.07245 -1.68280
   0.19922  0.07143 -1.75032
   0.18420  0.07017 -1.81982
   0.16935  0.06866 -1.89702
   0.15474  0.06692 -1.98312
   0.14046  0.06495 -2.08203
   0.12664  0.06275 -2.19278
   0.11339  0.06034 -2.31293
   0.10080  0.05772 -2.43908
   0.08899  0.05493 -2.57027
   0.07804  0.05200 -2.70071
   0.06802  0.04900 -2.83521
   0.05899  0.04598 -2.97260
   0.05095  0.04301 -3.11767
   0.04386  0.04013 -3.27483
   0.03764  0.03736 -3.43918
   0.03218  0.03472 -3.62365
   0.02741  0.03220 -3.81815
   0.02321  0.02979 -4.02876
   0.01953  0.02747 -4.25748
   0.01628  0.02522 -4.48273
   0.01341  0.02303 -4.72496
   0.01088  0.02088 -4.95797
   0.00867  0.01876 -5.15600
   0.00674  0.01666 -5.36130
   0.00508  0.01458 -5.49107
   0.00368  0.01250 -5.50392
   0.00253  0.01042 -5.40108
   0.00160  0.00835 -5.19685
   0.00089  0.00631 -4.95800
   0.00039  0.00432 -4.67767
   0.00010  0.00240 -4.35906
  -0.00001  0.00051 -3.95348
   0.00009 -0.00137 -3.43038
   0.00041 -0.00327 -2.83506
   0.00098 -0.00520 -2.18761
   0.00183 -0.00712 -1.45598
   0.00294 -0.00902 -0.80945
   0.00431 -0.01088 -0.29532
   0.00592 -0.01271  0.09289
   0.00777 -0.01450  0.39149
   0.00988 -0.01626  0.61270
   0.01226 -0.01798  0.77033
   0.01494 -0.01968  0.87891
   0.01795 -0.02134  0.94728
   0.02132 -0.02298  0.98502
   0.02512 -0.02461  0.99939
   0.02939 -0.02623  0.99597
   0.03424 -0.02785  0.97913
   0.03976 -0.02948  0.95248
   0.04606 -0.03113  0.91798
   0.05327 -0.03280  0.87766
   0.06149 -0.03448  0.83245
   0.07077 -0.03612  0.78391
   0.08110 -0.03766  0.73409
   0.09246 -0.03902  0.68604
   0.10477 -0.04016  0.64271
   0.11803 -0.04104  0.60611
   0.13230 -0.04172  0.57545
   0.14711 -0.04229  0.53426
   0.16184 -0.04259  0.49973
   0.17714 -0.04254  0.48914
   0.19319 -0.04238  0.46725
   0.20922 -0.04211  0.44157
   0.22528 -0.04164  0.42614
   0.24162 -0.04100  0.41272
   0.25811 -0.04021  0.40054
   0.27470 -0.03929  0.39082
   0.29143 -0.03825  0.38281
   0.30830 -0.03711  0.37657
   0.32530 -0.03586  0.37109
   0.34240 -0.03454  0.36713
   0.35961 -0.03316  0.36371
   0.37693 -0.03171  0.36087
   0.39434 -0.03023  0.35906
   0.41183 -0.02872  0.35701
   0.42937 -0.02719  0.35589
   0.44693 -0.02566  0.35436
   0.46448 -0.02414  0.35360
   0.48197 -0.02264  0.35236
   0.49943 -0.02116  0.35152
   0.51685 -0.01972  0.35043
   0.53423 -0.01831  0.34923
   0.55158 -0.01694  0.34791
   0.56891 -0.01561  0.34657
   0.58621 -0.01433  0.34525
   0.60350 -0.01310  0.34335
   0.62076 -0.01191  0.34210
   0.63801 -0.01078  0.33980
   0.65525 -0.00970  0.33802
   0.67248 -0.00868  0.33623
   0.68969 -0.00771  0.33381
   0.70689 -0.00680  0.33180
   0.72406 -0.00596  0.32965
   0.74122 -0.00517  0.32685
   0.75836 -0.00446  0.32506
   0.77546 -0.00381  0.32214
   0.79252 -0.00323  0.31971
   0.80954 -0.00273  0.31712
   0.82650 -0.00231  0.31371
   0.84340 -0.00198  0.31109
   0.86020 -0.00175  0.30715
   0.87690 -0.00162  0.30288
   0.89345 -0.00160  0.29758
   0.90979 -0.00170  0.29198
   0.92583 -0.00193  0.28387
   0.94140 -0.00228  0.27443
   0.95627 -0.00275  0.26205
   0.97011 -0.00332  0.24613
   0.98262 -0.00396  0.22490
   0.99357 -0.00461  0.19953
   1.00000 -0.00504  0.13188
