                                                
 Alfa =  10.00000 Re =  4000000.000 Xflap,Yflap =     0.000000    0.000000
#    x        y        Cp  
   1.00000  0.00000  0.41710
   0.99390  0.00078  0.34771
   0.98212  0.00267  0.28630
   0.96951  0.00508  0.21725
   0.95633  0.00786  0.15557
   0.94304  0.01080  0.09129
   0.92970  0.01383  0.03449
   0.91628  0.01691 -0.02444
   0.90286  0.01997 -0.08228
   0.88951  0.02296 -0.14175
   0.87624  0.02585 -0.19451
   0.86303  0.02859 -0.25060
   0.84985  0.03117 -0.29658
   0.83664  0.03356 -0.33319
   0.82340  0.03579 -0.36200
   0.81009  0.03785 -0.38543
   0.79671  0.03977 -0.40508
   0.78325  0.04158 -0.41678
   0.76974  0.04328 -0.43470
   0.75620  0.04490 -0.45002
   0.74264  0.04643 -0.46727
   0.72907  0.04789 -0.48014
   0.71549  0.04927 -0.49777
   0.70189  0.05058 -0.51317
   0.68828  0.05183 -0.52930
   0.67466  0.05300 -0.54329
   0.66102  0.05411 -0.55885
   0.64738  0.05517 -0.57336
   0.63372  0.05616 -0.58894
   0.62006  0.05711 -0.60586
   0.60640  0.05799 -0.62175
   0.59273  0.05882 -0.63743
   0.57906  0.05959 -0.65480
   0.56539  0.06031 -0.67170
   0.55171  0.06097 -0.68895
   0.53803  0.06158 -0.70427
   0.52434  0.06213 -0.72356
   0.51066  0.06263 -0.74155
   0.49697  0.06307 -0.76086
   0.48329  0.06346 -0.77904
   0.46960  0.06379 -0.79915
   0.45591  0.06407 -0.81719
   0.44223  0.06428 -0.83954
   0.42854  0.06444 -0.86125
   0.41486  0.06454 -0.88278
   0.40118  0.06458 -0.90630
   0.38750  0.06456 -0.93054
   0.37383  0.06447 -0.95489
   0.36016  0.06432 -0.98128
   0.34649  0.06410 -1.00758
   0.33284  0.06381 -1.03588
   0.31919  0.06344 -1.06660
   0.30555  0.06300 -1.09740
   0.29192  0.06248 -1.13067
   0.27830  0.06188 -1.16517
   0.26469  0.06119 -1.20282
   0.25110  0.06041 -1.24220
   0.23752  0.05953 -1.28501
   0.22397  0.05856 -1.33096
   0.21045  0.05747 -1.38060
   0.19695  0.05626 -1.43337
   0.18348  0.05493 -1.49099
   0.17005  0.05346 -1.55491
   0.15666  0.05185 -1.62473
   0.14333  0.05008 -1.70291
   0.13006  0.04813 -1.79011
   0.11687  0.04599 -1.88972
   0.10377  0.04363 -2.00264
   0.09080  0.04104 -2.13919
   0.07799  0.03817 -2.29632
   0.06539  0.03499 -2.49219
   0.05307  0.03145 -2.73422
   0.04118  0.02752 -3.05282
   0.02994  0.02315 -3.48693
   0.01984  0.01839 -4.10275
   0.01185  0.01371 -4.95614
   0.00646  0.00968 -6.11572
   0.00322  0.00649 -7.70940
   0.00146  0.00407 -8.92739
   0.00049  0.00213-10.26600
   0.00004  0.00051-13.82635
   0.00017 -0.00095-14.53689
   0.00121 -0.00234 -4.69644
   0.00298 -0.00380 -1.70139
   0.00586 -0.00560 -0.18184
   0.01155 -0.00826  0.67474
   0.02026 -0.01123  0.95786
   0.03025 -0.01394  0.99984
   0.04247 -0.01657  0.96840
   0.05542 -0.01883  0.91566
   0.06828 -0.02071  0.86286
   0.08139 -0.02234  0.81366
   0.09476 -0.02379  0.76873
   0.10823 -0.02507  0.72890
   0.12173 -0.02621  0.69300
   0.13527 -0.02724  0.66086
   0.14886 -0.02817  0.63140
   0.16248 -0.02902  0.60410
   0.17612 -0.02980  0.57930
   0.18977 -0.03050  0.55668
   0.20344 -0.03115  0.53497
   0.21711 -0.03173  0.51544
   0.23081 -0.03226  0.49689
   0.24451 -0.03274  0.47900
   0.25821 -0.03317  0.46290
   0.27191 -0.03356  0.44679
   0.28563 -0.03390  0.43265
   0.29934 -0.03420  0.41862
   0.31306 -0.03445  0.40574
   0.32679 -0.03467  0.39300
   0.34053 -0.03485  0.38164
   0.35426 -0.03500  0.36990
   0.36800 -0.03512  0.35942
   0.38174 -0.03520  0.34852
   0.39549 -0.03525  0.33885
   0.40924 -0.03527  0.33038
   0.42299 -0.03527  0.31942
   0.43674 -0.03524  0.31022
   0.45049 -0.03518  0.30200
   0.46424 -0.03509  0.29299
   0.47799 -0.03498  0.28500
   0.49174 -0.03484  0.27622
   0.50549 -0.03467  0.26804
   0.51925 -0.03448  0.26153
   0.53300 -0.03427  0.25315
   0.54675 -0.03402  0.24485
   0.56050 -0.03375  0.23957
   0.57424 -0.03346  0.22988
   0.58798 -0.03313  0.22400
   0.60173 -0.03277  0.21681
   0.61547 -0.03239  0.20951
   0.62921 -0.03198  0.20361
   0.64294 -0.03153  0.19531
   0.65667 -0.03106  0.18953
   0.67040 -0.03055  0.18208
   0.68411 -0.03000  0.17672
   0.69782 -0.02941  0.16867
   0.71152 -0.02878  0.16434
   0.72522 -0.02811  0.15608
   0.73892 -0.02739  0.15105
   0.75260 -0.02662  0.14351
   0.76626 -0.02579  0.13896
   0.77989 -0.02490  0.12839
   0.79347 -0.02393  0.12636
   0.80700 -0.02286  0.11745
   0.82048 -0.02167  0.11876
   0.83393 -0.02035  0.12325
   0.84739 -0.01891  0.13072
   0.86088 -0.01734  0.14273
   0.87443 -0.01567  0.15519
   0.88803 -0.01392  0.17247
   0.90163 -0.01214  0.18560
   0.91521 -0.01031  0.19991
   0.92877 -0.00842  0.22120
   0.94238 -0.00650  0.24590
   0.95600 -0.00457  0.28035
   0.96942 -0.00276  0.31722
   0.98217 -0.00125  0.36642
   0.99391 -0.00026  0.40208
   1.00000  0.00000  0.41710
