                                                
 Alfa =  10.00000 Re =  4000000.000 Xflap,Yflap =     0.000000    0.000000
#    x        y        Cp  
   1.00000  0.00013  0.62191
   0.99296  0.00171  0.23400
   0.98140  0.00398  0.12065
   0.96839  0.00609  0.07011
   0.95366  0.00815  0.06455
   0.93743  0.01044  0.03055
   0.92041  0.01288 -0.01395
   0.90325  0.01527 -0.05059
   0.88613  0.01755 -0.06435
   0.86907  0.01983 -0.07628
   0.85222  0.02224 -0.11536
   0.83574  0.02471 -0.18321
   0.81955  0.02699 -0.24423
   0.80339  0.02894 -0.25427
   0.78695  0.03066 -0.24085
   0.77009  0.03238 -0.22739
   0.75284  0.03428 -0.24572
   0.73530  0.03634 -0.28795
   0.71754  0.03842 -0.33171
   0.69946  0.04042 -0.35548
   0.68100  0.04236 -0.37389
   0.66231  0.04430 -0.39891
   0.64365  0.04620 -0.43241
   0.62516  0.04803 -0.46450
   0.60673  0.04976 -0.49177
   0.58820  0.05142 -0.51512
   0.56957  0.05302 -0.54308
   0.55093  0.05457 -0.57396
   0.53237  0.05604 -0.60738
   0.51388  0.05743 -0.64054
   0.49541  0.05874 -0.67387
   0.47696  0.05995 -0.70864
   0.45856  0.06107 -0.74545
   0.44020  0.06209 -0.78341
   0.42186  0.06300 -0.82098
   0.40356  0.06381 -0.86392
   0.38545  0.06449 -0.91191
   0.36749  0.06502 -0.95779
   0.34950  0.06538 -0.99028
   0.33150  0.06563 -1.04290
   0.31381  0.06572 -1.10268
   0.29610  0.06559 -1.13283
   0.27841  0.06534 -1.20047
   0.26134  0.06488 -1.27616
   0.24448  0.06411 -1.23408
   0.22792  0.06340 -1.35522
   0.21145  0.06247 -1.41652
   0.19489  0.06130 -1.47285
   0.17873  0.05998 -1.54918
   0.16339  0.05854 -1.64042
   0.14930  0.05701 -1.71729
   0.13674  0.05548 -1.80744
   0.12593  0.05403 -1.89756
   0.11677  0.05269 -2.01493
   0.10907  0.05142 -2.04486
   0.10252  0.05029 -2.12264
   0.09693  0.04926 -2.23189
   0.09211  0.04829 -2.02339
   0.08781  0.04757 -2.56661
   0.08388  0.04673 -2.52523
   0.08002  0.04582 -2.32199
   0.07597  0.04493 -2.95111
   0.07169  0.04365 -2.24606
   0.06700  0.04244 -2.69633
   0.06195  0.04100 -2.70980
   0.05657  0.03937 -2.82790
   0.05099  0.03755 -2.96325
   0.04538  0.03556 -3.08374
   0.03991  0.03343 -3.21066
   0.03472  0.03124 -3.35653
   0.02991  0.02902 -3.48607
   0.02551  0.02684 -3.66180
   0.02153  0.02470 -3.87386
   0.01797  0.02260 -4.06554
   0.01477  0.02056 -4.21842
   0.01188  0.01861 -4.75081
   0.00934  0.01669 -5.43263
   0.00716  0.01470 -5.29714
   0.00522  0.01273 -5.89794
   0.00357  0.01074 -6.60396
   0.00228  0.00866 -6.33550
   0.00132  0.00655 -5.91363
   0.00063  0.00446 -5.44353
   0.00020  0.00239 -4.93364
   0.00001  0.00034 -4.41164
   0.00007 -0.00169 -4.09541
   0.00050 -0.00369 -2.75421
   0.00117 -0.00568 -1.94215
   0.00204 -0.00762 -1.47516
   0.00322 -0.00945 -0.75625
   0.00467 -0.01115 -0.36107
   0.00648 -0.01251  0.28387
   0.00855 -0.01366  0.69153
   0.01060 -0.01507  0.76378
   0.01273 -0.01659  0.82026
   0.01521 -0.01789  0.91922
   0.01808 -0.01902  0.97505
   0.02126 -0.02015  0.99591
   0.02480 -0.02122  0.99932
   0.02883 -0.02216  0.98926
   0.03346 -0.02305  0.97196
   0.03881 -0.02403  0.94813
   0.04503 -0.02506  0.91821
   0.05244 -0.02614  0.88781
   0.06134 -0.02737  0.85073
   0.07202 -0.02877  0.81072
   0.08463 -0.03034  0.76733
   0.09900 -0.03204  0.72050
   0.11488 -0.03379  0.67664
   0.13183 -0.03555  0.63321
   0.14929 -0.03726  0.59001
   0.16701 -0.03885  0.55219
   0.18496 -0.04033  0.51670
   0.20298 -0.04168  0.48318
   0.22103 -0.04290  0.45224
   0.23910 -0.04398  0.42359
   0.25718 -0.04492  0.39726
   0.27531 -0.04573  0.37347
   0.29340 -0.04641  0.34827
   0.31147 -0.04693  0.32887
   0.32964 -0.04732  0.31106
   0.34777 -0.04759  0.29064
   0.36580 -0.04772  0.27280
   0.38385 -0.04768  0.26046
   0.40203 -0.04749  0.24991
   0.42035 -0.04719  0.24055
   0.43870 -0.04677  0.22973
   0.45708 -0.04626  0.22165
   0.47552 -0.04564  0.21363
   0.49399 -0.04493  0.20645
   0.51248 -0.04413  0.19975
   0.53101 -0.04324  0.19413
   0.54961 -0.04228  0.18942
   0.56828 -0.04124  0.18508
   0.58695 -0.04015  0.17903
   0.60551 -0.03900  0.17257
   0.62399 -0.03778  0.16777
   0.64252 -0.03645  0.16773
   0.66122 -0.03505  0.16816
   0.67996 -0.03363  0.16487
   0.69846 -0.03219  0.15758
   0.71659 -0.03069  0.15458
   0.73441 -0.02909  0.16600
   0.75199 -0.02751  0.17644
   0.76929 -0.02609  0.17282
   0.78619 -0.02483  0.14707
   0.80266 -0.02356  0.12125
   0.81888 -0.02206  0.11134
   0.83512 -0.02021  0.13816
   0.85167 -0.01819  0.17117
   0.86857 -0.01624  0.18318
   0.88569 -0.01443  0.17497
   0.90287 -0.01262  0.16724
   0.92009 -0.01070  0.17553
   0.93717 -0.00873  0.19134
   0.95346 -0.00688  0.19791
   0.96823 -0.00523  0.17892
   0.98130 -0.00347  0.19964
   0.99292 -0.00152  0.27479
   1.00000 -0.00013  0.62191
