                                                
 Alfa =  10.00000 Re =  4000000.000 Xflap,Yflap =     0.000000    0.000000
#    x        y        Cp  
   1.00000  0.00000  0.37252
   0.99356  0.00191  0.24439
   0.98301  0.00510  0.17615
   0.97121  0.00875  0.11937
   0.95805  0.01292  0.06403
   0.94361  0.01763 -0.00051
   0.92831  0.02272 -0.07650
   0.91265  0.02793 -0.15730
   0.89694  0.03303 -0.23260
   0.88122  0.03794 -0.29188
   0.86541  0.04269 -0.34481
   0.84946  0.04730 -0.39285
   0.83332  0.05179 -0.43750
   0.81695  0.05619 -0.47916
   0.80035  0.06051 -0.52146
   0.78352  0.06476 -0.56259
   0.76649  0.06893 -0.60473
   0.74930  0.07301 -0.64735
   0.73201  0.07701 -0.69166
   0.71471  0.08091 -0.73825
   0.69751  0.08469 -0.79028
   0.68050  0.08834 -0.85098
   0.66376  0.09180 -0.91442
   0.64729  0.09505 -0.97892
   0.63107  0.09806 -1.04161
   0.61501  0.10083 -1.10042
   0.59901  0.10335 -1.15041
   0.58296  0.10561 -1.18444
   0.56672  0.10767 -1.21018
   0.55022  0.10954 -1.23186
   0.53341  0.11126 -1.25224
   0.51631  0.11285 -1.27494
   0.49898  0.11434 -1.30435
   0.48156  0.11573 -1.34987
   0.46419  0.11700 -1.40383
   0.44698  0.11812 -1.46315
   0.42997  0.11907 -1.52504
   0.41317  0.11984 -1.59049
   0.39655  0.12040 -1.65604
   0.38006  0.12075 -1.72280
   0.36364  0.12087 -1.79099
   0.34730  0.12075 -1.85831
   0.33106  0.12037 -1.92539
   0.31497  0.11972 -1.98984
   0.29912  0.11879 -2.05426
   0.28359  0.11759 -2.11251
   0.26843  0.11613 -2.16807
   0.25362  0.11440 -2.21777
   0.23908  0.11240 -2.26292
   0.22468  0.11011 -2.29970
   0.21025  0.10748 -2.32649
   0.19554  0.10444 -2.32633
   0.18023  0.10092 -2.28983
   0.16424  0.09700 -2.26589
   0.14819  0.09297 -2.32396
   0.13323  0.08916 -2.53767
   0.11982  0.08546 -2.77222
   0.10765  0.08166 -2.97576
   0.09624  0.07751 -3.05590
   0.08513  0.07286 -2.99024
   0.07419  0.06783 -2.93909
   0.06373  0.06272 -3.00140
   0.05423  0.05779 -3.11022
   0.04599  0.05322 -3.27423
   0.03899  0.04904 -3.47538
   0.03307  0.04519 -3.66332
   0.02802  0.04158 -3.82221
   0.02366  0.03814 -3.92868
   0.01985  0.03481 -3.95823
   0.01646  0.03155 -3.93520
   0.01345  0.02841 -3.90623
   0.01077  0.02541 -3.97258
   0.00844  0.02261 -4.10750
   0.00646  0.02000 -4.26357
   0.00477  0.01756 -4.42474
   0.00337  0.01526 -4.59190
   0.00221  0.01309 -4.74716
   0.00127  0.01102 -4.88378
   0.00055  0.00903 -4.95974
   0.00004  0.00712 -4.98105
  -0.00028  0.00526 -4.88344
  -0.00040  0.00345 -4.65589
  -0.00030  0.00168 -4.24944
   0.00002 -0.00007 -3.62886
   0.00058 -0.00180 -2.83166
   0.00137 -0.00353 -2.04101
   0.00241 -0.00527 -1.33740
   0.00370 -0.00701 -0.75411
   0.00525 -0.00876 -0.27604
   0.00707 -0.01053  0.09834
   0.00919 -0.01230  0.39021
   0.01162 -0.01406  0.60870
   0.01436 -0.01575  0.76776
   0.01740 -0.01734  0.87966
   0.02078 -0.01879  0.95038
   0.02452 -0.02011  0.98778
   0.02871 -0.02131  0.99988
   0.03341 -0.02237  0.99387
   0.03877 -0.02330  0.97516
   0.04493 -0.02407  0.94848
   0.05207 -0.02468  0.91750
   0.06038 -0.02514  0.88520
   0.06996 -0.02551  0.85391
   0.08074 -0.02593  0.81652
   0.09234 -0.02638  0.76746
   0.10450 -0.02656  0.72160
   0.11741 -0.02624  0.69143
   0.13148 -0.02545  0.67097
   0.14704 -0.02431  0.65648
   0.16391 -0.02301  0.63651
   0.18123 -0.02167  0.61348
   0.19833 -0.02025  0.59279
   0.21516 -0.01870  0.57763
   0.23193 -0.01702  0.56605
   0.24884 -0.01519  0.55726
   0.26600 -0.01324  0.55090
   0.28345 -0.01117  0.54638
   0.30116 -0.00901  0.54361
   0.31897 -0.00680  0.54244
   0.33673 -0.00459  0.54236
   0.35434 -0.00243  0.54272
   0.37176 -0.00035  0.54337
   0.38902  0.00161  0.54329
   0.40621  0.00345  0.54200
   0.42345  0.00516  0.53817
   0.44083  0.00678  0.53381
   0.45842  0.00833  0.52885
   0.47621  0.00982  0.52468
   0.49417  0.01128  0.52087
   0.51218  0.01272  0.51958
   0.53012  0.01412  0.52028
   0.54789  0.01544  0.52139
   0.56544  0.01666  0.52326
   0.58276  0.01775  0.52429
   0.59991  0.01870  0.52481
   0.61694  0.01948  0.52375
   0.63392  0.02011  0.52195
   0.65089  0.02059  0.51911
   0.66790  0.02093  0.51601
   0.68496  0.02111  0.51215
   0.70207  0.02115  0.50797
   0.71922  0.02104  0.50323
   0.73638  0.02078  0.49766
   0.75355  0.02038  0.49226
   0.77072  0.01984  0.48575
   0.78788  0.01916  0.47876
   0.80506  0.01835  0.47139
   0.82225  0.01739  0.46274
   0.83947  0.01630  0.45401
   0.85671  0.01509  0.44466
   0.87394  0.01376  0.43468
   0.89113  0.01233  0.42451
   0.90823  0.01080  0.41519
   0.92510  0.00918  0.40728
   0.94137  0.00748  0.39802
   0.95652  0.00576  0.38726
   0.97022  0.00408  0.37486
   0.98245  0.00247  0.36230
   0.99336  0.00096  0.35649
   1.00000  0.00000  0.37252
