                                                
 Alfa =  10.00000 Re =  4000000.000 Xflap,Yflap =     0.000000    0.000000
#    x        y        Cp  
   1.00000  0.00000  0.28121
   0.99343  0.00040  0.19064
   0.98110  0.00118  0.14082
   0.96754  0.00206  0.12669
   0.95382  0.00305  0.10137
   0.94000  0.00416  0.07649
   0.92615  0.00535  0.04834
   0.91221  0.00659  0.02138
   0.89822  0.00782  0.00390
   0.88424  0.00906 -0.01057
   0.87031  0.01030 -0.02245
   0.85641  0.01159 -0.03627
   0.84255  0.01293 -0.05223
   0.82867  0.01433 -0.07337
   0.81476  0.01578 -0.09495
   0.80082  0.01726 -0.11797
   0.78687  0.01876 -0.14146
   0.77291  0.02026 -0.16281
   0.75895  0.02175 -0.18217
   0.74497  0.02325 -0.20258
   0.73101  0.02474 -0.22413
   0.71704  0.02623 -0.24570
   0.70307  0.02772 -0.26772
   0.68909  0.02920 -0.28988
   0.67513  0.03067 -0.31512
   0.66117  0.03213 -0.34063
   0.64725  0.03356 -0.36771
   0.63334  0.03496 -0.39536
   0.61945  0.03631 -0.42113
   0.60556  0.03761 -0.44770
   0.59167  0.03885 -0.47261
   0.57779  0.04004 -0.49804
   0.56392  0.04116 -0.52451
   0.55005  0.04222 -0.54817
   0.53618  0.04319 -0.57148
   0.52231  0.04410 -0.59344
   0.50844  0.04493 -0.61561
   0.49458  0.04567 -0.63451
   0.48069  0.04634 -0.65145
   0.46678  0.04694 -0.66765
   0.45284  0.04749 -0.68370
   0.43888  0.04798 -0.70207
   0.42490  0.04844 -0.72357
   0.41091  0.04886 -0.74822
   0.39694  0.04925 -0.78013
   0.38302  0.04958 -0.81589
   0.36916  0.04983 -0.85212
   0.35535  0.04998 -0.88292
   0.34156  0.05001 -0.90914
   0.32775  0.04992 -0.92521
   0.31386  0.04973 -0.93834
   0.29991  0.04947 -0.95795
   0.28594  0.04917 -0.98385
   0.27199  0.04882 -1.01750
   0.25809  0.04841 -1.05868
   0.24423  0.04792 -1.09584
   0.23038  0.04735 -1.12932
   0.21647  0.04669 -1.16525
   0.20248  0.04599 -1.20840
   0.18855  0.04529 -1.29498
   0.17488  0.04453 -1.41738
   0.16142  0.04357 -1.50864
   0.14798  0.04236 -1.57562
   0.13449  0.04089 -1.63693
   0.12098  0.03921 -1.70504
   0.10745  0.03734 -1.79064
   0.09398  0.03529 -1.91334
   0.08065  0.03305 -2.07659
   0.06751  0.03056 -2.28251
   0.05470  0.02781 -2.57486
   0.04244  0.02470 -2.92990
   0.03101  0.02123 -3.43659
   0.02128  0.01761 -4.12562
   0.01387  0.01415 -5.03522
   0.00873  0.01111 -6.16220
   0.00544  0.00860 -7.42836
   0.00320  0.00630 -8.12041
   0.00163  0.00413 -8.33141
   0.00060  0.00228 -9.98342
   0.00007  0.00072-12.79784
   0.00007 -0.00072-10.68924
   0.00060 -0.00228 -5.65369
   0.00163 -0.00413 -2.95251
   0.00320 -0.00630 -1.52770
   0.00544 -0.00860 -0.41863
   0.00873 -0.01111  0.36320
   0.01387 -0.01415  0.79683
   0.02128 -0.01761  0.97191
   0.03101 -0.02123  0.99751
   0.04244 -0.02470  0.95656
   0.05470 -0.02781  0.89578
   0.06751 -0.03056  0.83421
   0.08065 -0.03305  0.77591
   0.09398 -0.03529  0.72299
   0.10745 -0.03734  0.67380
   0.12098 -0.03921  0.62682
   0.13449 -0.04089  0.58289
   0.14798 -0.04236  0.54275
   0.16142 -0.04357  0.50808
   0.17488 -0.04453  0.48316
   0.18855 -0.04529  0.47033
   0.20248 -0.04599  0.45362
   0.21647 -0.04669  0.42985
   0.23038 -0.04735  0.40732
   0.24423 -0.04792  0.38491
   0.25809 -0.04841  0.36715
   0.27199 -0.04882  0.35132
   0.28594 -0.04917  0.33568
   0.29991 -0.04947  0.31847
   0.31386 -0.04973  0.30067
   0.32775 -0.04992  0.28087
   0.34156 -0.05001  0.26411
   0.35535 -0.04998  0.25168
   0.36916 -0.04983  0.24219
   0.38302 -0.04958  0.23658
   0.39694 -0.04925  0.23147
   0.41091 -0.04886  0.22594
   0.42490 -0.04844  0.21779
   0.43888 -0.04798  0.21000
   0.45284 -0.04749  0.20014
   0.46678 -0.04694  0.19066
   0.48069 -0.04634  0.18169
   0.49458 -0.04567  0.17349
   0.50844 -0.04493  0.16649
   0.52231 -0.04410  0.16222
   0.53618 -0.04319  0.15851
   0.55005 -0.04222  0.15558
   0.56392 -0.04116  0.15430
   0.57779 -0.04004  0.15311
   0.59167 -0.03885  0.15420
   0.60556 -0.03761  0.15530
   0.61945 -0.03631  0.15587
   0.63334 -0.03496  0.15880
   0.64725 -0.03356  0.16214
   0.66117 -0.03213  0.16501
   0.67513 -0.03067  0.16983
   0.68909 -0.02920  0.17260
   0.70307 -0.02772  0.17522
   0.71704 -0.02623  0.17738
   0.73101 -0.02474  0.17902
   0.74497 -0.02325  0.18142
   0.75895 -0.02175  0.18448
   0.77291 -0.02026  0.18524
   0.78687 -0.01876  0.18970
   0.80082 -0.01726  0.19362
   0.81476 -0.01578  0.19898
   0.82867 -0.01433  0.20319
   0.84255 -0.01293  0.20634
   0.85641 -0.01159  0.20766
   0.87031 -0.01030  0.20510
   0.88424 -0.00906  0.20218
   0.89822 -0.00782  0.19901
   0.91221 -0.00659  0.20068
   0.92615 -0.00535  0.20777
   0.94000 -0.00416  0.21579
   0.95382 -0.00305  0.22109
   0.96754 -0.00206  0.22297
   0.98110 -0.00118  0.21385
   0.99343 -0.00040  0.23293
   1.00000  0.00000  0.28121
