                                                
 Alfa =  10.00000 Re =  4000000.000 Xflap,Yflap =     0.000000    0.000000
#    x        y        Cp  
   1.00000  0.00000  0.39330
   0.99320  0.00042  0.26714
   0.98273  0.00110  0.21589
   0.97192  0.00183  0.18778
   0.96076  0.00261  0.16445
   0.94921  0.00346  0.14543
   0.93727  0.00438  0.12807
   0.92489  0.00537  0.11277
   0.91207  0.00644  0.09712
   0.89878  0.00759  0.08174
   0.88500  0.00885  0.06738
   0.87070  0.01020  0.05167
   0.85588  0.01166  0.03623
   0.84052  0.01324  0.01938
   0.82463  0.01494  0.00251
   0.80821  0.01677 -0.01597
   0.79129  0.01873 -0.03521
   0.77411  0.02081 -0.05639
   0.75723  0.02292 -0.07760
   0.74064  0.02508 -0.10059
   0.72424  0.02729 -0.12348
   0.70796  0.02955 -0.14894
   0.69173  0.03189 -0.17587
   0.67546  0.03430 -0.20578
   0.65910  0.03680 -0.23851
   0.64257  0.03940 -0.27624
   0.62577  0.04212 -0.31991
   0.60867  0.04497 -0.37195
   0.59180  0.04786 -0.44096
   0.57543  0.05068 -0.52768
   0.55954  0.05334 -0.61976
   0.54406  0.05574 -0.71158
   0.52892  0.05781 -0.79869
   0.51401  0.05949 -0.87258
   0.49923  0.06072 -0.92178
   0.48443  0.06147 -0.91784
   0.46951  0.06181 -0.88497
   0.45438  0.06183 -0.83889
   0.43896  0.06165 -0.78658
   0.42324  0.06136 -0.73734
   0.40721  0.06109 -0.69738
   0.39093  0.06098 -0.69206
   0.37452  0.06107 -0.72314
   0.35805  0.06129 -0.77037
   0.34162  0.06155 -0.82736
   0.32524  0.06177 -0.88673
   0.30894  0.06188 -0.94235
   0.29269  0.06179 -0.96822
   0.27647  0.06154 -0.95949
   0.26035  0.06131 -0.95966
   0.24450  0.06129 -1.01832
   0.22914  0.06147 -1.17225
   0.21427  0.06160 -1.34940
   0.19964  0.06142 -1.50886
   0.18480  0.06072 -1.55849
   0.16929  0.05956 -1.56207
   0.15311  0.05812 -1.58134
   0.13704  0.05666 -1.74627
   0.12207  0.05510 -1.98741
   0.10840  0.05320 -2.19478
   0.09575  0.05078 -2.21957
   0.08376  0.04797 -2.00369
   0.07226  0.04541 -2.02351
   0.06150  0.04339 -2.58615
   0.05183  0.04136 -3.29013
   0.04342  0.03899 -3.87152
   0.03629  0.03626 -4.28411
   0.03031  0.03326 -4.49283
   0.02533  0.03004 -4.40094
   0.02115  0.02666 -3.71204
   0.01751  0.02337 -3.05402
   0.01421  0.02045 -2.73289
   0.01116  0.01803 -3.11687
   0.00843  0.01596 -4.39080
   0.00619  0.01391 -5.14045
   0.00436  0.01177 -5.00079
   0.00281  0.00958 -5.13669
   0.00159  0.00747 -5.33211
   0.00070  0.00546 -5.52240
   0.00013  0.00356 -5.60443
  -0.00011  0.00175 -5.44807
  -0.00000  0.00001 -4.71991
   0.00048 -0.00168 -3.19806
   0.00130 -0.00337 -1.80942
   0.00243 -0.00512 -0.82156
   0.00380 -0.00699 -0.18910
   0.00531 -0.00901  0.13871
   0.00685 -0.01108  0.12470
   0.00886 -0.01274  0.48476
   0.01162 -0.01393  0.83967
   0.01498 -0.01516  0.94302
   0.01883 -0.01680  0.98180
   0.02329 -0.01884  0.99886
   0.02855 -0.02107  0.99469
   0.03490 -0.02334  0.96878
   0.04259 -0.02560  0.92685
   0.05177 -0.02774  0.87857
   0.06243 -0.02970  0.83777
   0.07433 -0.03175  0.80508
   0.08707 -0.03429  0.75130
   0.10043 -0.03703  0.68085
   0.11446 -0.03944  0.63120
   0.12929 -0.04152  0.59828
   0.14493 -0.04347  0.57311
   0.16111 -0.04554  0.53925
   0.17740 -0.04771  0.49449
   0.19360 -0.04982  0.44826
   0.20981 -0.05174  0.40956
   0.22630 -0.05348  0.38003
   0.24318 -0.05511  0.35181
   0.26018 -0.05668  0.31593
   0.27684 -0.05813  0.27192
   0.29295 -0.05930  0.23092
   0.30864 -0.06012  0.20330
   0.32418 -0.06058  0.19067
   0.33982 -0.06077  0.18591
   0.35572 -0.06073  0.18514
   0.37200 -0.06054  0.18674
   0.38871 -0.06025  0.18822
   0.40578 -0.05995  0.18403
   0.42302 -0.05968  0.16925
   0.44024 -0.05941  0.15091
   0.45731 -0.05909  0.13138
   0.47416 -0.05867  0.11181
   0.49079 -0.05811  0.09496
   0.50728 -0.05738  0.08413
   0.52372 -0.05645  0.07960
   0.54021 -0.05535  0.08083
   0.55681 -0.05409  0.08201
   0.57358 -0.05270  0.08670
   0.59051 -0.05119  0.09026
   0.60762 -0.04961  0.09364
   0.62485 -0.04796  0.09485
   0.64214 -0.04626  0.09528
   0.65944 -0.04451  0.09492
   0.67670 -0.04272  0.09608
   0.69384 -0.04089  0.09551
   0.71082 -0.03903  0.09631
   0.72759 -0.03714  0.09647
   0.74411 -0.03524  0.09829
   0.76034 -0.03333  0.09835
   0.77624 -0.03141  0.10089
   0.79181 -0.02949  0.10202
   0.80702 -0.02758  0.10469
   0.82187 -0.02568  0.10718
   0.83634 -0.02379  0.11013
   0.85044 -0.02191  0.11384
   0.86416 -0.02006  0.11734
   0.87753 -0.01822  0.12252
   0.89053 -0.01640  0.12744
   0.90319 -0.01461  0.13325
   0.91552 -0.01284  0.14024
   0.92751 -0.01109  0.14833
   0.93919 -0.00936  0.15683
   0.95057 -0.00766  0.16858
   0.96165 -0.00597  0.18202
   0.97246 -0.00432  0.20015
   0.98300 -0.00268  0.22368
   0.99328 -0.00106  0.27094
   1.00000  0.00000  0.39330
