                                                
 Alfa =  10.00000 Re =  4000000.000 Xflap,Yflap =     0.000000    0.000000
#    x        y        Cp  
   1.00000  0.00241  0.15422
   0.99457  0.00212  0.26106
   0.98495  0.00199  0.28831
   0.97387  0.00235  0.27830
   0.96166  0.00323  0.24645
   0.94870  0.00455  0.20566
   0.93518  0.00623  0.16025
   0.92119  0.00818  0.11287
   0.90685  0.01030  0.06620
   0.89225  0.01252  0.02034
   0.87759  0.01476 -0.01946
   0.86295  0.01697 -0.05657
   0.84832  0.01914 -0.09050
   0.83367  0.02128 -0.11862
   0.81900  0.02338 -0.14800
   0.80430  0.02546 -0.17697
   0.78959  0.02752 -0.20625
   0.77492  0.02955 -0.23827
   0.76030  0.03153 -0.27102
   0.74576  0.03345 -0.30445
   0.73127  0.03528 -0.33739
   0.71685  0.03703 -0.36679
   0.70245  0.03866 -0.39485
   0.68806  0.04019 -0.41757
   0.67364  0.04162 -0.43902
   0.65918  0.04294 -0.45778
   0.64468  0.04418 -0.47395
   0.63013  0.04534 -0.48898
   0.61555  0.04642 -0.50590
   0.60093  0.04744 -0.52136
   0.58630  0.04839 -0.53743
   0.57164  0.04928 -0.55381
   0.55698  0.05011 -0.57142
   0.54232  0.05088 -0.58871
   0.52764  0.05159 -0.60496
   0.51297  0.05224 -0.62407
   0.49829  0.05283 -0.64154
   0.48361  0.05336 -0.65893
   0.46892  0.05383 -0.67824
   0.45423  0.05424 -0.69516
   0.43953  0.05460 -0.71486
   0.42483  0.05490 -0.73452
   0.41012  0.05514 -0.75423
   0.39540  0.05533 -0.77403
   0.38067  0.05547 -0.79663
   0.36595  0.05555 -0.81979
   0.35122  0.05558 -0.84362
   0.33650  0.05556 -0.87013
   0.32177  0.05549 -0.89752
   0.30704  0.05537 -0.92816
   0.29232  0.05519 -0.96040
   0.27760  0.05497 -0.99716
   0.26289  0.05468 -1.03703
   0.24820  0.05435 -1.08159
   0.23355  0.05395 -1.13288
   0.21893  0.05348 -1.18951
   0.20439  0.05294 -1.25644
   0.18993  0.05231 -1.32834
   0.17555  0.05156 -1.40890
   0.16124  0.05069 -1.49751
   0.14704  0.04969 -1.60296
   0.13301  0.04855 -1.73242
   0.11927  0.04723 -1.88778
   0.10592  0.04569 -2.07096
   0.09307  0.04389 -2.27770
   0.08077  0.04174 -2.49013
   0.06895  0.03918 -2.68099
   0.05754  0.03617 -2.84124
   0.04663  0.03275 -3.02264
   0.03666  0.02914 -3.30948
   0.02809  0.02553 -3.66014
   0.02111  0.02206 -4.03031
   0.01563  0.01887 -4.42398
   0.01139  0.01599 -4.84549
   0.00813  0.01341 -5.31557
   0.00562  0.01108 -5.78137
   0.00369  0.00894 -6.46976
   0.00226  0.00692 -6.94393
   0.00124  0.00500 -6.75963
   0.00052  0.00318 -6.95191
   0.00010  0.00147 -7.37099
   0.00000 -0.00014 -7.24235
   0.00028 -0.00173 -6.14982
   0.00105 -0.00330 -3.66625
   0.00220 -0.00478 -2.24349
   0.00387 -0.00606 -0.59501
   0.00597 -0.00723  0.16917
   0.00859 -0.00837  0.60451
   0.01189 -0.00952  0.83419
   0.01614 -0.01075  0.95148
   0.02177 -0.01214  0.99650
   0.02933 -0.01373  0.99299
   0.03920 -0.01552  0.95686
   0.05101 -0.01737  0.90386
   0.06397 -0.01910  0.84800
   0.07756 -0.02067  0.79576
   0.09152 -0.02207  0.74905
   0.10574 -0.02334  0.70743
   0.12013 -0.02450  0.66990
   0.13463 -0.02557  0.63599
   0.14920 -0.02657  0.60485
   0.16381 -0.02749  0.57613
   0.17844 -0.02836  0.54919
   0.19309 -0.02915  0.52448
   0.20775 -0.02989  0.50132
   0.22243 -0.03057  0.47977
   0.23712 -0.03118  0.45956
   0.25182 -0.03175  0.44053
   0.26654 -0.03226  0.42246
   0.28126 -0.03272  0.40574
   0.29600 -0.03313  0.38919
   0.31073 -0.03349  0.37393
   0.32547 -0.03380  0.35872
   0.34021 -0.03406  0.34438
   0.35495 -0.03428  0.33113
   0.36969 -0.03444  0.31754
   0.38443 -0.03456  0.30514
   0.39916 -0.03463  0.29259
   0.41389 -0.03464  0.28091
   0.42860 -0.03460  0.26972
   0.44331 -0.03451  0.25870
   0.45801 -0.03436  0.24931
   0.47270 -0.03415  0.23825
   0.48738 -0.03388  0.23049
   0.50205 -0.03355  0.22183
   0.51673 -0.03316  0.21468
   0.53140 -0.03270  0.20839
   0.54609 -0.03218  0.20259
   0.56079 -0.03161  0.19653
   0.57551 -0.03098  0.19383
   0.59024 -0.03031  0.18787
   0.60498 -0.02958  0.18394
   0.61971 -0.02881  0.18025
   0.63444 -0.02800  0.17633
   0.64917 -0.02714  0.17325
   0.66388 -0.02623  0.16952
   0.67860 -0.02527  0.16834
   0.69331 -0.02427  0.16593
   0.70803 -0.02322  0.16566
   0.72277 -0.02212  0.16569
   0.73753 -0.02099  0.16661
   0.75232 -0.01981  0.16855
   0.76714 -0.01862  0.16954
   0.78199 -0.01740  0.17093
   0.79687 -0.01617  0.17262
   0.81176 -0.01493  0.17340
   0.82666 -0.01369  0.17476
   0.84155 -0.01245  0.17411
   0.85642 -0.01121  0.17432
   0.87125 -0.00995  0.17482
   0.88604 -0.00868  0.17754
   0.90083 -0.00738  0.18140
   0.91561 -0.00605  0.19126
   0.93033 -0.00472  0.20369
   0.94480 -0.00345  0.22091
   0.95879 -0.00233  0.24167
   0.97200 -0.00148  0.26066
   0.98399 -0.00102  0.25110
   0.99440 -0.00087  0.19330
   1.00000 -0.00080  0.15422
