                                                
 Alfa =  10.00000 Re =  4000000.000 Xflap,Yflap =     0.000000    0.000000
#    x        y        Cp  
   1.00000 -0.00080  0.22393
   0.99387  0.00133  0.05772
   0.98374  0.00468 -0.06503
   0.97241  0.00818 -0.16107
   0.95992  0.01175 -0.24345
   0.94649  0.01530 -0.31322
   0.93240  0.01873 -0.37658
   0.91769  0.02197 -0.42053
   0.90225  0.02507 -0.44971
   0.88645  0.02803 -0.50319
   0.87069  0.03069 -0.54492
   0.85441  0.03308 -0.54088
   0.83753  0.03540 -0.56626
   0.82069  0.03752 -0.59821
   0.80369  0.03941 -0.60603
   0.78640  0.04116 -0.62304
   0.76901  0.04271 -0.63294
   0.75127  0.04411 -0.62844
   0.73316  0.04543 -0.63747
   0.71506  0.04667 -0.65812
   0.69710  0.04776 -0.67448
   0.67891  0.04871 -0.66654
   0.66046  0.04961 -0.68187
   0.64220  0.05044 -0.70272
   0.62406  0.05113 -0.71244
   0.60584  0.05172 -0.70299
   0.58758  0.05231 -0.72637
   0.56936  0.05285 -0.75251
   0.55083  0.05328 -0.75224
   0.53200  0.05369 -0.77020
   0.51326  0.05407 -0.79719
   0.49468  0.05438 -0.81909
   0.47605  0.05459 -0.83486
   0.45720  0.05475 -0.85033
   0.43820  0.05488 -0.87528
   0.41929  0.05497 -0.90744
   0.40056  0.05500 -0.94008
   0.38192  0.05495 -0.96888
   0.36323  0.05483 -0.99753
   0.34442  0.05464 -1.03042
   0.32557  0.05440 -1.06949
   0.30675  0.05412 -1.11551
   0.28810  0.05378 -1.16927
   0.26969  0.05336 -1.23068
   0.25150  0.05285 -1.29546
   0.23343  0.05221 -1.35779
   0.21538  0.05144 -1.42634
   0.19741  0.05057 -1.50502
   0.17970  0.04958 -1.60283
   0.16239  0.04848 -1.71284
   0.14559  0.04726 -1.84358
   0.12957  0.04592 -2.00103
   0.11443  0.04443 -2.15581
   0.10024  0.04283 -2.32803
   0.08736  0.04120 -2.55812
   0.07596  0.03955 -2.80958
   0.06592  0.03788 -3.07271
   0.05710  0.03621 -3.34548
   0.04942  0.03457 -3.64017
   0.04276  0.03298 -3.97625
   0.03696  0.03145 -4.35420
   0.03187  0.02995 -4.80715
   0.02737  0.02847 -5.28743
   0.02337  0.02697 -5.80121
   0.01980  0.02544 -6.37342
   0.01660  0.02388 -6.94845
   0.01374  0.02228 -7.50621
   0.01118  0.02061 -8.22716
   0.00890  0.01887 -8.99533
   0.00693  0.01702 -9.35246
   0.00525  0.01505 -9.15948
   0.00383  0.01302 -8.82384
   0.00267  0.01094 -8.37797
   0.00173  0.00885 -7.89211
   0.00100  0.00674 -7.36903
   0.00047  0.00464 -6.80819
   0.00014  0.00254 -6.22468
   0.00000  0.00044 -5.57266
   0.00006 -0.00166 -4.84877
   0.00032 -0.00376 -4.09062
   0.00077 -0.00586 -3.36752
   0.00142 -0.00797 -2.69709
   0.00228 -0.01007 -2.06917
   0.00336 -0.01217 -1.49681
   0.00467 -0.01424 -0.98381
   0.00625 -0.01626 -0.52189
   0.00812 -0.01820 -0.10037
   0.01029 -0.02002  0.26801
   0.01276 -0.02177  0.53256
   0.01551 -0.02348  0.70937
   0.01857 -0.02516  0.83134
   0.02199 -0.02681  0.91397
   0.02581 -0.02843  0.96501
   0.03009 -0.03002  0.99178
   0.03494 -0.03162  0.99999
   0.04045 -0.03326  0.99428
   0.04672 -0.03497  0.97759
   0.05388 -0.03672  0.95184
   0.06207 -0.03846  0.91960
   0.07146 -0.04020  0.88295
   0.08216 -0.04194  0.84346
   0.09427 -0.04366  0.80203
   0.10767 -0.04534  0.75930
   0.12207 -0.04691  0.71665
   0.13739 -0.04831  0.67946
   0.15369 -0.04958  0.64453
   0.17041 -0.05073  0.60652
   0.18744 -0.05164  0.57830
   0.20523 -0.05242  0.55426
   0.22344 -0.05314  0.52549
   0.24151 -0.05376  0.49759
   0.25939 -0.05422  0.47370
   0.27738 -0.05455  0.45393
   0.29567 -0.05476  0.43531
   0.31414 -0.05490  0.41475
   0.33253 -0.05495  0.39408
   0.35073 -0.05489  0.37442
   0.36882 -0.05471  0.35746
   0.38692 -0.05440  0.34183
   0.40506 -0.05397  0.32684
   0.42323 -0.05342  0.31187
   0.44135 -0.05276  0.29755
   0.45934 -0.05198  0.28235
   0.47713 -0.05108  0.26671
   0.49468 -0.05005  0.25184
   0.51198 -0.04885  0.23783
   0.52903 -0.04748  0.22472
   0.54578 -0.04593  0.21278
   0.56208 -0.04418  0.20089
   0.57790 -0.04222  0.19189
   0.59338 -0.03997  0.19156
   0.60851 -0.03743  0.19187
   0.62324 -0.03458  0.20090
   0.63795 -0.03123  0.23757
   0.65327 -0.02735  0.28848
   0.66937 -0.02303  0.34092
   0.68575 -0.01860  0.39127
   0.70179 -0.01445  0.42750
   0.71786 -0.01062  0.44447
   0.73425 -0.00695  0.46189
   0.75056 -0.00348  0.48151
   0.76661 -0.00033  0.49880
   0.78257  0.00251  0.50992
   0.79865  0.00509  0.51879
   0.81448  0.00742  0.53462
   0.82985  0.00937  0.54699
   0.84514  0.01096  0.55026
   0.86027  0.01225  0.56102
   0.87479  0.01319  0.57274
   0.88885  0.01369  0.57595
   0.90264  0.01379  0.57837
   0.91591  0.01354  0.58311
   0.92856  0.01286  0.58289
   0.94074  0.01175  0.57480
   0.95250  0.01024  0.56368
   0.96376  0.00836  0.54756
   0.97442  0.00613  0.52548
   0.98448  0.00358  0.48115
   0.99396  0.00073  0.42441
   1.00000 -0.00130  0.22393
