                                                
 Alfa =  10.00000 Re =  4000000.000 Xflap,Yflap =     0.000000    0.000000
#    x        y        Cp  
   1.00000  0.00105  0.56910
   0.99251  0.00321  0.39221
   0.98048  0.00680  0.32657
   0.96742  0.01086  0.27021
   0.95322  0.01546  0.21826
   0.93787  0.02067  0.15759
   0.92144  0.02644  0.08774
   0.90407  0.03261  0.01090
   0.88594  0.03900 -0.06032
   0.86725  0.04546 -0.12517
   0.84823  0.05190 -0.18755
   0.82907  0.05826 -0.24822
   0.80988  0.06448 -0.30614
   0.79076  0.07054 -0.36391
   0.77169  0.07645 -0.42066
   0.75266  0.08219 -0.47675
   0.73362  0.08779 -0.53307
   0.71455  0.09325 -0.58860
   0.69538  0.09858 -0.64445
   0.67605  0.10380 -0.69941
   0.65651  0.10891 -0.75456
   0.63678  0.11394 -0.81238
   0.61693  0.11886 -0.87465
   0.59710  0.12367 -0.94318
   0.57749  0.12832 -1.02680
   0.55827  0.13274 -1.12056
   0.53952  0.13686 -1.21894
   0.52123  0.14066 -1.31795
   0.50331  0.14411 -1.41636
   0.48566  0.14720 -1.50699
   0.46813  0.14996 -1.58766
   0.45061  0.15239 -1.66385
   0.43304  0.15453 -1.73860
   0.41541  0.15636 -1.81428
   0.39776  0.15789 -1.89137
   0.38015  0.15913 -1.97911
   0.36270  0.16004 -2.07428
   0.34548  0.16062 -2.17312
   0.32855  0.16084 -2.27208
   0.31195  0.16068 -2.36965
   0.29570  0.16015 -2.46518
   0.27978  0.15925 -2.55721
   0.26420  0.15796 -2.64671
   0.24895  0.15628 -2.73081
   0.23405  0.15422 -2.80696
   0.21947  0.15177 -2.87711
   0.20522  0.14892 -2.93457
   0.19129  0.14567 -2.97996
   0.17767  0.14203 -3.00436
   0.16437  0.13800 -3.01584
   0.15141  0.13362 -3.01866
   0.13881  0.12892 -3.01695
   0.12661  0.12392 -3.01267
   0.11489  0.11870 -3.00787
   0.10377  0.11332 -3.00634
   0.09333  0.10788 -3.01248
   0.08365  0.10246 -3.04696
   0.07478  0.09711 -3.08747
   0.06674  0.09186 -3.12804
   0.05950  0.08672 -3.17782
   0.05301  0.08167 -3.18877
   0.04719  0.07667 -3.14928
   0.04196  0.07168 -3.01308
   0.03721  0.06670 -2.82061
   0.03289  0.06178 -2.62227
   0.02895  0.05699 -2.43889
   0.02534  0.05236 -2.27751
   0.02204  0.04795 -2.15022
   0.01902  0.04377 -2.05927
   0.01626  0.03980 -1.99688
   0.01374  0.03604 -1.94622
   0.01142  0.03247 -1.91853
   0.00930  0.02910 -1.94680
   0.00739  0.02591 -2.00607
   0.00570  0.02289 -2.06622
   0.00424  0.02004 -2.12298
   0.00300  0.01732 -2.15664
   0.00197  0.01471 -2.16776
   0.00114  0.01219 -2.15394
   0.00051  0.00975 -2.09718
   0.00008  0.00738 -1.99611
  -0.00017  0.00505 -1.84594
  -0.00022  0.00276 -1.64285
  -0.00006  0.00049 -1.38232
   0.00030 -0.00177 -1.06652
   0.00088 -0.00401 -0.74278
   0.00165 -0.00624 -0.43597
   0.00263 -0.00845 -0.15658
   0.00380 -0.01062  0.09027
   0.00517 -0.01276  0.30801
   0.00676 -0.01483  0.49374
   0.00857 -0.01683  0.64900
   0.01060 -0.01871  0.77534
   0.01288 -0.02044  0.87359
   0.01543 -0.02197  0.94292
   0.01824 -0.02329  0.98284
   0.02134 -0.02443  0.99830
   0.02472 -0.02545  0.99899
   0.02837 -0.02645  0.99200
   0.03225 -0.02751  0.97989
   0.03635 -0.02863  0.96317
   0.04068 -0.02975  0.94211
   0.04524 -0.03084  0.91707
   0.05004 -0.03183  0.88951
   0.05513 -0.03264  0.86561
   0.06054 -0.03327  0.84841
   0.06633 -0.03381  0.83637
   0.07254 -0.03435  0.82722
   0.07920 -0.03507  0.81242
   0.08633 -0.03608  0.78209
   0.09394 -0.03727  0.74084
   0.10212 -0.03844  0.69329
   0.11097 -0.03935  0.66047
   0.12066 -0.03996  0.64019
   0.13141 -0.04029  0.62854
   0.14343 -0.04043  0.62352
   0.15691 -0.04056  0.61425
   0.17182 -0.04086  0.59031
   0.18789 -0.04124  0.56015
   0.20481 -0.04156  0.52995
   0.22245 -0.04168  0.50805
   0.24086 -0.04158  0.49094
   0.26004 -0.04131  0.47708
   0.27997 -0.04087  0.46569
   0.30057 -0.04035  0.45518
   0.32168 -0.03977  0.44290
   0.34313 -0.03918  0.43040
   0.36471 -0.03857  0.41741
   0.38625 -0.03794  0.40480
   0.40758 -0.03731  0.39126
   0.42863 -0.03665  0.37714
   0.44935 -0.03594  0.36339
   0.46976 -0.03515  0.35110
   0.48994 -0.03425  0.34051
   0.51000 -0.03320  0.33442
   0.53008 -0.03200  0.33307
   0.55032 -0.03068  0.33388
   0.57079 -0.02927  0.33569
   0.59154 -0.02782  0.33763
   0.61254 -0.02638  0.33697
   0.63375 -0.02496  0.33428
   0.65507 -0.02358  0.33032
   0.67647 -0.02220  0.32628
   0.69790 -0.02082  0.32266
   0.71934 -0.01943  0.31980
   0.74079 -0.01803  0.31819
   0.76224 -0.01663  0.31706
   0.78369 -0.01521  0.31613
   0.80513 -0.01380  0.31583
   0.82657 -0.01240  0.31603
   0.84794 -0.01100  0.31657
   0.86914 -0.00961  0.31865
   0.89000 -0.00825  0.32182
   0.91033 -0.00692  0.32665
   0.92985 -0.00564  0.33473
   0.94806 -0.00445  0.34584
   0.96454 -0.00337  0.36165
   0.97917 -0.00241  0.38594
   0.99215 -0.00156  0.42509
   1.00000 -0.00105  0.56910
