                                                
 Alfa =  10.00000 Re =  4000000.000 Xflap,Yflap =     0.000000    0.000000
#    x        y        Cp  
   1.00000  0.00000  0.30848
   0.99448  0.00091  0.19650
   0.98451  0.00259  0.14538
   0.97214  0.00476  0.09667
   0.95849  0.00722  0.04453
   0.94475  0.00972 -0.00095
   0.93111  0.01218 -0.04220
   0.91741  0.01459 -0.07135
   0.90364  0.01697 -0.09008
   0.88985  0.01937 -0.12012
   0.87607  0.02176 -0.15132
   0.86226  0.02414 -0.17635
   0.84842  0.02651 -0.20135
   0.83455  0.02888 -0.23046
   0.82071  0.03124 -0.25954
   0.80690  0.03357 -0.29313
   0.79313  0.03585 -0.32208
   0.77936  0.03808 -0.35032
   0.76558  0.04027 -0.37704
   0.75178  0.04241 -0.40267
   0.73797  0.04450 -0.43190
   0.72416  0.04654 -0.45994
   0.71036  0.04853 -0.48776
   0.69657  0.05045 -0.51475
   0.68277  0.05231 -0.54136
   0.66896  0.05410 -0.56642
   0.65513  0.05584 -0.59203
   0.64129  0.05752 -0.61981
   0.62745  0.05914 -0.64917
   0.61363  0.06068 -0.67772
   0.59982  0.06215 -0.70712
   0.58601  0.06353 -0.73371
   0.57220  0.06483 -0.76026
   0.55838  0.06605 -0.78640
   0.54455  0.06718 -0.81247
   0.53071  0.06822 -0.83746
   0.51688  0.06917 -0.86411
   0.50304  0.07003 -0.88742
   0.48920  0.07080 -0.91173
   0.47536  0.07148 -0.93446
   0.46150  0.07208 -0.95742
   0.44763  0.07258 -0.98010
   0.43376  0.07300 -1.00429
   0.41987  0.07334 -1.02833
   0.40599  0.07360 -1.05399
   0.39210  0.07377 -1.07987
   0.37822  0.07386 -1.10883
   0.36434  0.07387 -1.14046
   0.35048  0.07378 -1.17224
   0.33665  0.07361 -1.20582
   0.32284  0.07332 -1.23903
   0.30903  0.07292 -1.26555
   0.29518  0.07241 -1.29587
   0.28134  0.07182 -1.32966
   0.26751  0.07112 -1.36614
   0.25366  0.07033 -1.40554
   0.23983  0.06946 -1.45903
   0.22605  0.06848 -1.51798
   0.21235  0.06738 -1.58225
   0.19871  0.06613 -1.64742
   0.18511  0.06473 -1.71491
   0.17155  0.06315 -1.78566
   0.15803  0.06139 -1.86438
   0.14459  0.05944 -1.95452
   0.13127  0.05728 -2.05807
   0.11807  0.05488 -2.16675
   0.10495  0.05221 -2.28239
   0.09200  0.04926 -2.43128
   0.07935  0.04601 -2.60697
   0.06696  0.04238 -2.79551
   0.05479  0.03828 -3.00304
   0.04321  0.03379 -3.31333
   0.03248  0.02888 -3.63391
   0.02264  0.02347 -4.05906
   0.01465  0.01809 -4.53812
   0.00881  0.01321 -5.04535
   0.00521  0.00950 -5.85931
   0.00294  0.00653 -5.66900
   0.00134  0.00423 -7.47893
   0.00039  0.00248-10.45847
  -0.00002  0.00100-13.33031
   0.00008 -0.00038-11.78426
   0.00077 -0.00178 -6.43137
   0.00209 -0.00330 -2.98430
   0.00420 -0.00491 -0.92413
   0.00728 -0.00672  0.12507
   0.01201 -0.00890  0.67562
   0.01912 -0.01135  0.93738
   0.02910 -0.01365  1.00000
   0.04108 -0.01571  0.97331
   0.05389 -0.01736  0.92461
   0.06740 -0.01877  0.87293
   0.08096 -0.01995  0.82579
   0.09460 -0.02096  0.78362
   0.10839 -0.02185  0.74517
   0.12222 -0.02263  0.70972
   0.13604 -0.02332  0.67801
   0.14987 -0.02390  0.64888
   0.16374 -0.02440  0.62325
   0.17762 -0.02481  0.59926
   0.19154 -0.02515  0.57829
   0.20549 -0.02543  0.55824
   0.21944 -0.02566  0.53968
   0.23340 -0.02584  0.52248
   0.24740 -0.02598  0.50694
   0.26143 -0.02609  0.49051
   0.27542 -0.02617  0.47430
   0.28940 -0.02621  0.45971
   0.30339 -0.02622  0.44468
   0.31736 -0.02618  0.43041
   0.33130 -0.02609  0.41589
   0.34521 -0.02594  0.40328
   0.35911 -0.02571  0.39256
   0.37303 -0.02542  0.38306
   0.38696 -0.02506  0.37518
   0.40091 -0.02464  0.36700
   0.41487 -0.02417  0.35946
   0.42882 -0.02366  0.35308
   0.44277 -0.02309  0.34559
   0.45672 -0.02248  0.34022
   0.47067 -0.02181  0.33467
   0.48461 -0.02110  0.33062
   0.49856 -0.02034  0.32643
   0.51250 -0.01954  0.32349
   0.52645 -0.01869  0.32062
   0.54041 -0.01780  0.31885
   0.55436 -0.01687  0.31748
   0.56833 -0.01590  0.31687
   0.58230 -0.01490  0.31668
   0.59628 -0.01388  0.31751
   0.61028 -0.01283  0.31927
   0.62428 -0.01177  0.31985
   0.63828 -0.01070  0.32219
   0.65229 -0.00964  0.32415
   0.66630 -0.00858  0.32564
   0.68031 -0.00754  0.32754
   0.69430 -0.00652  0.32949
   0.70829 -0.00552  0.33123
   0.72227 -0.00455  0.33328
   0.73623 -0.00361  0.33648
   0.75017 -0.00272  0.33849
   0.76409 -0.00188  0.33939
   0.77797 -0.00110  0.34168
   0.79184 -0.00039  0.34297
   0.80571  0.00024  0.34356
   0.81961  0.00080  0.34320
   0.83348  0.00127  0.34284
   0.84724  0.00164  0.34375
   0.86102  0.00188  0.33596
   0.87496  0.00202  0.32775
   0.88887  0.00211  0.32674
   0.90257  0.00208  0.32183
   0.91630  0.00192  0.30183
   0.93013  0.00174  0.28961
   0.94384  0.00160  0.29408
   0.95759  0.00137  0.29214
   0.97155  0.00100  0.28268
   0.98421  0.00060  0.27357
   0.99440  0.00022  0.27449
   1.00000  0.00000  0.30848
