                                                
 Alfa =  10.00000 Re =  4000000.000 Xflap,Yflap =     0.000000    0.000000
#    x        y        Cp  
   1.00000  0.00300  0.48105
   0.99419  0.00338  0.37496
   0.98492  0.00400  0.34219
   0.97585  0.00451  0.40863
   0.96752  0.00537  0.46602
   0.95883  0.00725  0.33621
   0.94824  0.00977  0.22024
   0.93554  0.01249  0.19134
   0.92162  0.01545  0.15340
   0.90715  0.01864  0.10823
   0.89258  0.02197  0.04138
   0.87814  0.02517 -0.00895
   0.86396  0.02814 -0.01538
   0.85001  0.03108 -0.01922
   0.83607  0.03430 -0.05963
   0.82178  0.03784 -0.14364
   0.80702  0.04155 -0.23419
   0.79214  0.04514 -0.31350
   0.77749  0.04845 -0.38633
   0.76304  0.05145 -0.44410
   0.74856  0.05417 -0.48786
   0.73392  0.05666 -0.52502
   0.71920  0.05890 -0.55888
   0.70455  0.06088 -0.58707
   0.68991  0.06258 -0.60109
   0.67498  0.06403 -0.58743
   0.65949  0.06536 -0.56578
   0.64349  0.06670 -0.56475
   0.62743  0.06805 -0.59256
   0.61163  0.06931 -0.62351
   0.59607  0.07042 -0.64487
   0.58047  0.07137 -0.64221
   0.56463  0.07224 -0.63818
   0.54849  0.07311 -0.64192
   0.53228  0.07403 -0.67173
   0.51619  0.07493 -0.71062
   0.50027  0.07574 -0.74585
   0.48437  0.07642 -0.76809
   0.46832  0.07699 -0.78481
   0.45208  0.07748 -0.80100
   0.43569  0.07791 -0.82397
   0.41928  0.07828 -0.85044
   0.40295  0.07857 -0.87989
   0.38673  0.07878 -0.91010
   0.37063  0.07889 -0.94168
   0.35458  0.07891 -0.97192
   0.33843  0.07883 -0.99779
   0.32208  0.07865 -1.02156
   0.30554  0.07841 -1.05229
   0.28900  0.07814 -1.10354
   0.27274  0.07782 -1.16968
   0.25685  0.07741 -1.23910
   0.24124  0.07684 -1.30045
   0.22576  0.07610 -1.35421
   0.21023  0.07520 -1.41018
   0.19456  0.07415 -1.47404
   0.17871  0.07293 -1.55262
   0.16281  0.07157 -1.65059
   0.14727  0.07011 -1.79041
   0.13256  0.06856 -1.99432
   0.11891  0.06681 -2.21183
   0.10625  0.06479 -2.42017
   0.09442  0.06242 -2.59436
   0.08323  0.05967 -2.72910
   0.07253  0.05653 -2.83954
   0.06223  0.05299 -2.92916
   0.05257  0.04919 -3.02073
   0.04400  0.04540 -3.20218
   0.03672  0.04175 -3.39236
   0.03054  0.03819 -3.52972
   0.02520  0.03464 -3.56218
   0.02051  0.03108 -3.42246
   0.01638  0.02762 -3.29922
   0.01282  0.02449 -3.36358
   0.00984  0.02174 -3.88579
   0.00743  0.01922 -4.33155
   0.00553  0.01677 -4.27022
   0.00400  0.01441 -4.07546
   0.00277  0.01213 -3.85917
   0.00175  0.00993 -3.72710
   0.00094  0.00784 -3.75392
   0.00034  0.00585 -3.76465
  -0.00003  0.00396 -3.69587
  -0.00016  0.00213 -3.47609
  -0.00005  0.00034 -3.08637
   0.00034 -0.00143 -2.54226
   0.00105 -0.00314 -1.92655
   0.00216 -0.00468 -1.07432
   0.00374 -0.00597 -0.09004
   0.00569 -0.00704  0.47016
   0.00793 -0.00796  0.74672
   0.01052 -0.00883  0.88954
   0.01352 -0.00968  0.96081
   0.01703 -0.01058  0.99276
   0.02118 -0.01152  0.99980
   0.02614 -0.01252  0.98886
   0.03221 -0.01356  0.96451
   0.03976 -0.01468  0.93003
   0.04914 -0.01589  0.88921
   0.06037 -0.01727  0.84128
   0.07303 -0.01870  0.78978
   0.08680 -0.02001  0.74335
   0.10175 -0.02124  0.70215
   0.11758 -0.02242  0.66143
   0.13366 -0.02351  0.62418
   0.14966 -0.02448  0.59127
   0.16565 -0.02534  0.56294
   0.18186 -0.02611  0.53783
   0.19833 -0.02685  0.51411
   0.21487 -0.02755  0.48901
   0.23126 -0.02821  0.46471
   0.24745 -0.02877  0.44255
   0.26359 -0.02923  0.42537
   0.27990 -0.02960  0.41028
   0.29645 -0.02993  0.39672
   0.31312 -0.03024  0.38101
   0.32973 -0.03052  0.36407
   0.34619 -0.03076  0.34827
   0.36258 -0.03092  0.33492
   0.37902 -0.03103  0.32295
   0.39555 -0.03109  0.31162
   0.41212 -0.03111  0.29923
   0.42865 -0.03110  0.28691
   0.44510 -0.03103  0.27456
   0.46148 -0.03090  0.26411
   0.47787 -0.03071  0.25544
   0.49428 -0.03045  0.24717
   0.51074 -0.03014  0.23999
   0.52724 -0.02978  0.23240
   0.54377 -0.02937  0.22714
   0.56033 -0.02891  0.22084
   0.57694 -0.02842  0.21474
   0.59360 -0.02791  0.20998
   0.61028 -0.02737  0.20312
   0.62697 -0.02681  0.19770
   0.64366 -0.02623  0.19027
   0.66032 -0.02563  0.18405
   0.67698 -0.02500  0.17612
   0.69359 -0.02436  0.16970
   0.71012 -0.02368  0.16125
   0.72655 -0.02296  0.15489
   0.74296 -0.02218  0.15237
   0.75942 -0.02137  0.15142
   0.77589 -0.02057  0.14531
   0.79225 -0.01979  0.13325
   0.80848 -0.01898  0.12122
   0.82477 -0.01809  0.11498
   0.84122 -0.01713  0.11180
   0.85752 -0.01614  0.09877
   0.87335 -0.01509  0.08503
   0.88887 -0.01389  0.08779
   0.90444 -0.01257  0.10011
   0.92002 -0.01127  0.09331
   0.93516 -0.00999  0.07046
   0.94950 -0.00860  0.05532
   0.96283 -0.00706  0.05879
   0.97498 -0.00538  0.07466
   0.98562 -0.00365  0.07442
   0.99461 -0.00171  0.10995
   1.00000  0.00000  0.48105
