                                                
 Alfa =  10.00000 Re =  4000000.000 Xflap,Yflap =     0.000000    0.000000
#    x        y        Cp  
   1.00000  0.00000  0.51052
   0.99318  0.00045  0.37052
   0.98177  0.00129  0.31661
   0.96898  0.00238  0.28246
   0.95492  0.00372  0.25434
   0.93981  0.00533  0.22733
   0.92388  0.00719  0.20133
   0.90736  0.00929  0.17430
   0.89040  0.01161  0.14633
   0.87310  0.01413  0.11787
   0.85555  0.01681  0.08775
   0.83777  0.01964  0.05660
   0.81981  0.02261  0.02412
   0.80166  0.02569 -0.00948
   0.78336  0.02887 -0.04445
   0.76491  0.03212 -0.08061
   0.74634  0.03542 -0.11735
   0.72768  0.03876 -0.15648
   0.70901  0.04211 -0.19543
   0.69038  0.04543 -0.23578
   0.67184  0.04870 -0.27611
   0.65339  0.05192 -0.31776
   0.63504  0.05506 -0.35938
   0.61678  0.05813 -0.40220
   0.59861  0.06110 -0.44486
   0.58052  0.06398 -0.48871
   0.56252  0.06674 -0.53254
   0.54459  0.06939 -0.57717
   0.52674  0.07192 -0.62225
   0.50896  0.07432 -0.66858
   0.49124  0.07658 -0.71418
   0.47359  0.07870 -0.76172
   0.45601  0.08066 -0.80923
   0.43848  0.08248 -0.85788
   0.42103  0.08413 -0.90673
   0.40364  0.08561 -0.95721
   0.38632  0.08692 -1.00870
   0.36907  0.08805 -1.06071
   0.35190  0.08899 -1.11529
   0.33483  0.08975 -1.17136
   0.31788  0.09031 -1.22970
   0.30109  0.09067 -1.29599
   0.28451  0.09081 -1.36582
   0.26814  0.09070 -1.43389
   0.25199  0.09035 -1.50318
   0.23606  0.08974 -1.57368
   0.22038  0.08886 -1.64489
   0.20495  0.08770 -1.71609
   0.18981  0.08626 -1.78905
   0.17500  0.08453 -1.86262
   0.16057  0.08253 -1.93671
   0.14656  0.08025 -2.01163
   0.13305  0.07772 -2.08736
   0.12012  0.07494 -2.16299
   0.10787  0.07198 -2.24057
   0.09637  0.06885 -2.31636
   0.08570  0.06563 -2.39664
   0.07592  0.06235 -2.47321
   0.06703  0.05908 -2.55216
   0.05901  0.05586 -2.63090
   0.05183  0.05271 -2.71047
   0.04541  0.04965 -2.78822
   0.03968  0.04670 -2.86852
   0.03457  0.04385 -2.94852
   0.03001  0.04111 -3.03134
   0.02594  0.03847 -3.10807
   0.02228  0.03591 -3.18907
   0.01901  0.03344 -3.26920
   0.01607  0.03103 -3.34389
   0.01343  0.02868 -3.42012
   0.01107  0.02639 -3.49533
   0.00896  0.02413 -3.53703
   0.00708  0.02191 -3.57094
   0.00543  0.01973 -3.63904
   0.00399  0.01758 -3.68651
   0.00276  0.01543 -3.66475
   0.00175  0.01328 -3.51714
   0.00094  0.01112 -3.31251
   0.00034  0.00898 -3.05824
  -0.00007  0.00686 -2.78997
  -0.00029  0.00478 -2.47896
  -0.00031  0.00273 -2.14402
  -0.00012  0.00071 -1.75036
   0.00029 -0.00128 -1.29862
   0.00093 -0.00325 -0.82771
   0.00178 -0.00520 -0.40449
   0.00287 -0.00715 -0.04107
   0.00419 -0.00910  0.25808
   0.00575 -0.01103  0.49650
   0.00755 -0.01293  0.67783
   0.00958 -0.01477  0.81196
   0.01185 -0.01655  0.90324
   0.01437 -0.01829  0.95933
   0.01715 -0.02000  0.98926
   0.02022 -0.02170  0.99979
   0.02361 -0.02338  0.99557
   0.02735 -0.02505  0.98037
   0.03150 -0.02672  0.95694
   0.03610 -0.02839  0.92741
   0.04124 -0.03007  0.89331
   0.04700 -0.03177  0.85587
   0.05347 -0.03349  0.81594
   0.06079 -0.03523  0.77463
   0.06906 -0.03697  0.73215
   0.07840 -0.03872  0.68967
   0.08890 -0.04046  0.64734
   0.10061 -0.04215  0.60649
   0.11350 -0.04376  0.56754
   0.12750 -0.04528  0.53080
   0.14246 -0.04667  0.49703
   0.15821 -0.04792  0.46611
   0.17460 -0.04903  0.43822
   0.19150 -0.04999  0.41285
   0.20879 -0.05082  0.39021
   0.22640 -0.05152  0.36935
   0.24428 -0.05211  0.35078
   0.26238 -0.05259  0.33348
   0.28067 -0.05299  0.31769
   0.29914 -0.05332  0.30375
   0.31779 -0.05359  0.29000
   0.33652 -0.05384  0.27417
   0.35528 -0.05404  0.25879
   0.37402 -0.05421  0.24317
   0.39274 -0.05433  0.22829
   0.41143 -0.05441  0.21311
   0.43009 -0.05442  0.19861
   0.44871 -0.05438  0.18442
   0.46729 -0.05428  0.17052
   0.48583 -0.05411  0.15671
   0.50434 -0.05388  0.14377
   0.52281 -0.05357  0.13090
   0.54123 -0.05319  0.11828
   0.55961 -0.05273  0.10614
   0.57795 -0.05219  0.09422
   0.59624 -0.05156  0.08262
   0.61448 -0.05084  0.07193
   0.63267 -0.05003  0.06085
   0.65080 -0.04912  0.05124
   0.66886 -0.04811  0.04125
   0.68686 -0.04699  0.03234
   0.70479 -0.04576  0.02403
   0.72264 -0.04442  0.01619
   0.74040 -0.04295  0.00936
   0.75807 -0.04135  0.00376
   0.77565 -0.03962 -0.00073
   0.79313 -0.03775 -0.00429
   0.81048 -0.03574 -0.00618
   0.82772 -0.03358 -0.00589
   0.84481 -0.03126 -0.00382
   0.86173 -0.02878  0.00122
   0.87847 -0.02614  0.00838
   0.89497 -0.02334  0.02020
   0.91116 -0.02040  0.03555
   0.92695 -0.01732  0.05672
   0.94217 -0.01414  0.08331
   0.95664 -0.01092  0.11871
   0.97012 -0.00774  0.16271
   0.98242 -0.00467  0.22353
   0.99341 -0.00179  0.31402
   1.00000 -0.00000  0.51052
