                                                
 Alfa =  10.00000 Re =  4000000.000 Xflap,Yflap =     0.000000    0.000000
#    x        y        Cp  
   1.00000  0.00000  0.38354
   0.99369  0.00188  0.21611
   0.98329  0.00495  0.13327
   0.97156  0.00838  0.06683
   0.95833  0.01218  0.00689
   0.94363  0.01634 -0.04845
   0.92785  0.02074 -0.10165
   0.91158  0.02518 -0.15151
   0.89524  0.02957 -0.19847
   0.87890  0.03388 -0.24364
   0.86254  0.03812 -0.28838
   0.84612  0.04230 -0.33147
   0.82964  0.04641 -0.37516
   0.81311  0.05045 -0.41876
   0.79655  0.05442 -0.46266
   0.78002  0.05829 -0.50914
   0.76356  0.06205 -0.55537
   0.74717  0.06567 -0.60172
   0.73086  0.06917 -0.64794
   0.71460  0.07251 -0.69260
   0.69836  0.07572 -0.73561
   0.68207  0.07878 -0.77450
   0.66569  0.08171 -0.81201
   0.64921  0.08453 -0.84881
   0.63262  0.08723 -0.88660
   0.61596  0.08982 -0.92491
   0.59930  0.09230 -0.96701
   0.58271  0.09466 -1.01634
   0.56629  0.09686 -1.06757
   0.55006  0.09889 -1.11976
   0.53399  0.10074 -1.17187
   0.51805  0.10238 -1.22031
   0.50215  0.10382 -1.26448
   0.48617  0.10505 -1.29636
   0.47002  0.10609 -1.32158
   0.45361  0.10695 -1.34435
   0.43692  0.10767 -1.36859
   0.42002  0.10825 -1.39594
   0.40304  0.10872 -1.43267
   0.38617  0.10911 -1.49070
   0.36962  0.10937 -1.56229
   0.35348  0.10946 -1.63849
   0.33774  0.10937 -1.71549
   0.32233  0.10904 -1.78926
   0.30711  0.10847 -1.85724
   0.29192  0.10760 -1.90722
   0.27654  0.10642 -1.93857
   0.26084  0.10492 -1.96519
   0.24477  0.10312 -1.98984
   0.22841  0.10103 -2.02196
   0.21201  0.09872 -2.06535
   0.19599  0.09627 -2.14599
   0.18075  0.09376 -2.27647
   0.16637  0.09109 -2.41112
   0.15266  0.08817 -2.52708
   0.13926  0.08486 -2.58431
   0.12586  0.08109 -2.60588
   0.11240  0.07689 -2.62494
   0.09911  0.07239 -2.66654
   0.08649  0.06779 -2.76788
   0.07484  0.06321 -2.89563
   0.06419  0.05865 -3.04222
   0.05461  0.05416 -3.19281
   0.04626  0.04989 -3.37083
   0.03917  0.04592 -3.57435
   0.03317  0.04221 -3.75556
   0.02804  0.03870 -3.90955
   0.02360  0.03531 -3.99950
   0.01970  0.03200 -4.00801
   0.01623  0.02877 -3.97103
   0.01317  0.02567 -3.95182
   0.01048  0.02276 -4.06099
   0.00817  0.02008 -4.24736
   0.00623  0.01761 -4.44607
   0.00460  0.01531 -4.66329
   0.00324  0.01316 -4.87054
   0.00214  0.01113 -5.06678
   0.00126  0.00918 -5.22956
   0.00059  0.00732 -5.32085
   0.00012  0.00551 -5.32521
  -0.00014  0.00375 -5.18799
  -0.00021  0.00203 -4.86575
  -0.00006  0.00033 -4.32681
   0.00033 -0.00136 -3.53168
   0.00094 -0.00305 -2.66972
   0.00178 -0.00476 -1.88206
   0.00285 -0.00648 -1.20804
   0.00418 -0.00822 -0.64561
   0.00577 -0.01000 -0.19241
   0.00765 -0.01181  0.16501
   0.00987 -0.01365  0.44108
   0.01242 -0.01549  0.64945
   0.01533 -0.01728  0.80036
   0.01862 -0.01898  0.90350
   0.02233 -0.02058  0.96544
   0.02652 -0.02211  0.99427
   0.03129 -0.02358  0.99950
   0.03679 -0.02502  0.98749
   0.04319 -0.02641  0.96258
   0.05066 -0.02776  0.92860
   0.05928 -0.02905  0.88658
   0.06899 -0.03019  0.84000
   0.07976 -0.03105  0.79476
   0.09185 -0.03160  0.75521
   0.10550 -0.03189  0.71781
   0.12038 -0.03198  0.67881
   0.13577 -0.03182  0.64373
   0.15117 -0.03141  0.61376
   0.16660 -0.03074  0.58993
   0.18229 -0.02984  0.57079
   0.19837 -0.02872  0.55474
   0.21486 -0.02741  0.54149
   0.23165 -0.02593  0.53031
   0.24867 -0.02431  0.52133
   0.26582 -0.02257  0.51458
   0.28305 -0.02075  0.50928
   0.30032 -0.01886  0.50514
   0.31763 -0.01695  0.50141
   0.33499 -0.01501  0.49834
   0.35237 -0.01305  0.49586
   0.36978 -0.01109  0.49434
   0.38719 -0.00913  0.49327
   0.40456 -0.00719  0.49304
   0.42185 -0.00529  0.49369
   0.43903 -0.00344  0.49460
   0.45609 -0.00167  0.49574
   0.47303  0.00002  0.49666
   0.48986  0.00160  0.49722
   0.50662  0.00307  0.49683
   0.52334  0.00441  0.49545
   0.54005  0.00565  0.49339
   0.55679  0.00678  0.49081
   0.57356  0.00780  0.48781
   0.59038  0.00872  0.48477
   0.60726  0.00954  0.48112
   0.62419  0.01026  0.47731
   0.64118  0.01089  0.47309
   0.65821  0.01143  0.46889
   0.67527  0.01189  0.46491
   0.69235  0.01226  0.46057
   0.70942  0.01255  0.45740
   0.72647  0.01277  0.45398
   0.74348  0.01290  0.45118
   0.76043  0.01293  0.44841
   0.77732  0.01287  0.44475
   0.79414  0.01269  0.44146
   0.81089  0.01240  0.43736
   0.82758  0.01199  0.43171
   0.84421  0.01146  0.42680
   0.86079  0.01081  0.42050
   0.87733  0.01005  0.41386
   0.89382  0.00916  0.40650
   0.91029  0.00816  0.39929
   0.92662  0.00703  0.39112
   0.94246  0.00579  0.38251
   0.95728  0.00450  0.37195
   0.97073  0.00321  0.36166
   0.98274  0.00196  0.35169
   0.99347  0.00076  0.34732
   1.00000  0.00000  0.38354
