                                                
 Alfa =  10.00000 Re =  4000000.000 Xflap,Yflap =     0.000000    0.000000
#    x        y        Cp  
   1.00000  0.00000  0.26700
   0.99361  0.00002  0.26872
   0.98111  0.00034  0.22511
   0.96816  0.00095  0.19520
   0.95480  0.00180  0.17521
   0.94148  0.00281  0.15452
   0.92819  0.00397  0.13279
   0.91484  0.00525  0.11010
   0.90145  0.00663  0.09209
   0.88806  0.00810  0.06748
   0.87468  0.00964  0.04840
   0.86129  0.01125  0.02631
   0.84789  0.01292  0.00530
   0.83448  0.01464 -0.01626
   0.82107  0.01641 -0.03927
   0.80766  0.01821 -0.06138
   0.79424  0.02005 -0.08497
   0.78082  0.02192 -0.10615
   0.76740  0.02380 -0.13169
   0.75397  0.02571 -0.15467
   0.74053  0.02763 -0.17979
   0.72708  0.02956 -0.20434
   0.71364  0.03149 -0.22964
   0.70019  0.03342 -0.25757
   0.68675  0.03535 -0.28268
   0.67331  0.03727 -0.31087
   0.65988  0.03917 -0.33849
   0.64645  0.04106 -0.36903
   0.63302  0.04292 -0.39765
   0.61960  0.04476 -0.43006
   0.60618  0.04658 -0.46384
   0.59278  0.04835 -0.49802
   0.57939  0.05007 -0.53570
   0.56601  0.05172 -0.57208
   0.55265  0.05329 -0.60816
   0.53930  0.05477 -0.64360
   0.52595  0.05616 -0.67672
   0.51260  0.05743 -0.70808
   0.49924  0.05860 -0.73494
   0.48587  0.05966 -0.76120
   0.47248  0.06062 -0.78494
   0.45907  0.06148 -0.80818
   0.44565  0.06225 -0.82999
   0.43221  0.06292 -0.85363
   0.41877  0.06352 -0.87653
   0.40532  0.06403 -0.90296
   0.39186  0.06446 -0.92922
   0.37841  0.06480 -0.95720
   0.36496  0.06506 -0.98509
   0.35151  0.06524 -1.01608
   0.33807  0.06532 -1.04723
   0.32463  0.06531 -1.07977
   0.31120  0.06521 -1.11567
   0.29778  0.06500 -1.15119
   0.28437  0.06469 -1.18930
   0.27097  0.06426 -1.22838
   0.25759  0.06372 -1.26948
   0.24422  0.06305 -1.31186
   0.23088  0.06224 -1.35770
   0.21755  0.06130 -1.40432
   0.20425  0.06021 -1.45425
   0.19099  0.05896 -1.50670
   0.17776  0.05755 -1.56182
   0.16456  0.05596 -1.62026
   0.15142  0.05417 -1.68380
   0.13832  0.05219 -1.75147
   0.12528  0.04999 -1.82663
   0.11233  0.04756 -1.91165
   0.09946  0.04488 -2.00750
   0.08672  0.04193 -2.12159
   0.07413  0.03866 -2.25280
   0.06175  0.03506 -2.41482
   0.04965  0.03105 -2.61104
   0.03789  0.02659 -2.86922
   0.02672  0.02164 -3.23737
   0.01667  0.01627 -3.80024
   0.00872  0.01094 -4.69477
   0.00397  0.00676 -6.10740
   0.00167  0.00396 -7.64747
   0.00052  0.00197 -9.39118
   0.00003  0.00039-14.67425
   0.00027 -0.00103-11.34286
   0.00142 -0.00244 -3.26883
   0.00346 -0.00408 -0.88097
   0.00724 -0.00636  0.36585
   0.01536 -0.00976  0.92518
   0.02557 -0.01276  0.99978
   0.03708 -0.01527  0.96121
   0.04993 -0.01740  0.89572
   0.06277 -0.01904  0.83402
   0.07570 -0.02036  0.77908
   0.08888 -0.02145  0.73093
   0.10219 -0.02233  0.68914
   0.11552 -0.02304  0.65301
   0.12888 -0.02361  0.62162
   0.14228 -0.02406  0.59391
   0.15573 -0.02442  0.56881
   0.16920 -0.02470  0.54706
   0.18269 -0.02491  0.52659
   0.19620 -0.02506  0.50868
   0.20971 -0.02516  0.49205
   0.22324 -0.02522  0.47643
   0.23677 -0.02524  0.46196
   0.25032 -0.02522  0.44882
   0.26386 -0.02518  0.43606
   0.27742 -0.02512  0.42391
   0.29097 -0.02503  0.41277
   0.30453 -0.02493  0.40223
   0.31809 -0.02480  0.39103
   0.33166 -0.02466  0.38191
   0.34523 -0.02451  0.37205
   0.35879 -0.02435  0.36274
   0.37235 -0.02416  0.35357
   0.38592 -0.02397  0.34532
   0.39948 -0.02376  0.33671
   0.41305 -0.02353  0.32958
   0.42662 -0.02330  0.32096
   0.44019 -0.02305  0.31379
   0.45376 -0.02279  0.30700
   0.46732 -0.02253  0.29959
   0.48089 -0.02225  0.29221
   0.49446 -0.02196  0.28630
   0.50803 -0.02165  0.27878
   0.52160 -0.02134  0.27368
   0.53517 -0.02102  0.26633
   0.54874 -0.02069  0.26057
   0.56231 -0.02035  0.25522
   0.57587 -0.02000  0.24890
   0.58944 -0.01964  0.24267
   0.60301 -0.01927  0.23732
   0.61658 -0.01889  0.23108
   0.63015 -0.01850  0.22678
   0.64372 -0.01810  0.22023
   0.65728 -0.01770  0.21539
   0.67085 -0.01728  0.21026
   0.68441 -0.01685  0.20369
   0.69798 -0.01641  0.19922
   0.71154 -0.01596  0.19436
   0.72511 -0.01551  0.18900
   0.73867 -0.01503  0.18253
   0.75223 -0.01455  0.17856
   0.76579 -0.01406  0.17268
   0.77935 -0.01355  0.16624
   0.79290 -0.01303  0.16333
   0.80645 -0.01249  0.15468
   0.82001 -0.01194  0.15269
   0.83356 -0.01137  0.14558
   0.84710 -0.01078  0.14045
   0.86063 -0.01017  0.13428
   0.87416 -0.00953  0.12692
   0.88768 -0.00886  0.12305
   0.90119 -0.00816  0.11534
   0.91470 -0.00741  0.10923
   0.92816 -0.00661  0.10280
   0.94155 -0.00573  0.09199
   0.95481 -0.00471  0.09166
   0.96799 -0.00350  0.10017
   0.98103 -0.00207  0.15327
   0.99365 -0.00062  0.24184
   1.00000  0.00000  0.26700
