                                                
 Alfa =  10.00000 Re =  4000000.000 Xflap,Yflap =     0.000000    0.000000
#    x        y        Cp  
   1.00000  0.00000  0.28436
   0.99473  0.00101  0.17030
   0.98598  0.00268  0.12027
   0.97599  0.00457  0.06922
   0.96451  0.00673  0.03031
   0.95141  0.00916 -0.00958
   0.93724  0.01177 -0.04618
   0.92323  0.01432 -0.07895
   0.90910  0.01688 -0.11084
   0.89474  0.01947 -0.14236
   0.88047  0.02203 -0.17292
   0.86623  0.02457 -0.20292
   0.85193  0.02709 -0.23413
   0.83756  0.02958 -0.26546
   0.82318  0.03204 -0.29351
   0.80881  0.03446 -0.32447
   0.79447  0.03682 -0.35468
   0.78013  0.03914 -0.38203
   0.76580  0.04141 -0.41301
   0.75147  0.04363 -0.44205
   0.73714  0.04580 -0.47260
   0.72282  0.04789 -0.50261
   0.70851  0.04993 -0.53292
   0.69421  0.05189 -0.56250
   0.67990  0.05378 -0.59241
   0.66558  0.05560 -0.62168
   0.65126  0.05735 -0.65051
   0.63694  0.05901 -0.68338
   0.62264  0.06060 -0.71177
   0.60834  0.06210 -0.74486
   0.59406  0.06351 -0.77552
   0.57977  0.06481 -0.80666
   0.56548  0.06602 -0.83535
   0.55120  0.06713 -0.86767
   0.53693  0.06814 -0.89840
   0.52270  0.06902 -0.93038
   0.50850  0.06979 -0.96152
   0.49433  0.07041 -0.98852
   0.48014  0.07091 -1.00960
   0.46592  0.07127 -1.03075
   0.45167  0.07151 -1.04921
   0.43740  0.07163 -1.06980
   0.42312  0.07163 -1.08951
   0.40885  0.07152 -1.10868
   0.39458  0.07129 -1.12819
   0.38029  0.07095 -1.14523
   0.36599  0.07050 -1.16322
   0.35168  0.06994 -1.18246
   0.33735  0.06929 -1.20400
   0.32303  0.06853 -1.22697
   0.30873  0.06768 -1.25132
   0.29444  0.06672 -1.27825
   0.28018  0.06566 -1.30700
   0.26593  0.06449 -1.33630
   0.25171  0.06321 -1.36865
   0.23752  0.06182 -1.40233
   0.22335  0.06030 -1.43760
   0.20921  0.05867 -1.47635
   0.19508  0.05692 -1.51912
   0.18099  0.05503 -1.56715
   0.16692  0.05301 -1.62138
   0.15291  0.05086 -1.68158
   0.13900  0.04856 -1.75219
   0.12522  0.04611 -1.83342
   0.11158  0.04350 -1.92612
   0.09803  0.04070 -2.03307
   0.08451  0.03768 -2.16461
   0.07118  0.03444 -2.33473
   0.05847  0.03107 -2.56475
   0.04635  0.02750 -2.84497
   0.03444  0.02355 -3.21102
   0.02401  0.01967 -3.79367
   0.01636  0.01649 -4.87218
   0.01116  0.01387 -5.96996
   0.00755  0.01166 -7.07297
   0.00496  0.00974 -8.78141
   0.00303  0.00787-10.09799
   0.00162  0.00601-10.72548
   0.00067  0.00426-11.52265
   0.00010  0.00262-12.24985
  -0.00010  0.00108-12.47745
   0.00009 -0.00037-10.80365
   0.00067 -0.00177 -7.32200
   0.00167 -0.00315 -4.33094
   0.00313 -0.00455 -2.21830
   0.00516 -0.00597 -0.84101
   0.00779 -0.00734  0.02528
   0.01118 -0.00860  0.55956
   0.01593 -0.00989  0.84773
   0.02299 -0.01129  0.97602
   0.03318 -0.01288  0.99890
   0.04584 -0.01461  0.96937
   0.05901 -0.01614  0.92446
   0.07260 -0.01750  0.87843
   0.08674 -0.01876  0.83352
   0.10100 -0.01991  0.79145
   0.11519 -0.02093  0.75398
   0.12942 -0.02185  0.72033
   0.14376 -0.02269  0.68955
   0.15822 -0.02347  0.66088
   0.17273 -0.02419  0.63370
   0.18723 -0.02486  0.60859
   0.20170 -0.02547  0.58512
   0.21616 -0.02601  0.56323
   0.23063 -0.02649  0.54333
   0.24512 -0.02692  0.52456
   0.25964 -0.02731  0.50620
   0.27417 -0.02764  0.48915
   0.28870 -0.02793  0.47290
   0.30322 -0.02817  0.45737
   0.31775 -0.02836  0.44239
   0.33228 -0.02851  0.42823
   0.34681 -0.02861  0.41430
   0.36133 -0.02866  0.40053
   0.37584 -0.02867  0.38780
   0.39033 -0.02861  0.37512
   0.40480 -0.02850  0.36325
   0.41927 -0.02833  0.35229
   0.43372 -0.02809  0.34159
   0.44817 -0.02778  0.33219
   0.46260 -0.02740  0.32213
   0.47700 -0.02695  0.31390
   0.49136 -0.02642  0.30641
   0.50571 -0.02580  0.30075
   0.52008 -0.02509  0.29786
   0.53449 -0.02431  0.29526
   0.54893 -0.02345  0.29443
   0.56341 -0.02253  0.29254
   0.57791 -0.02156  0.29211
   0.59242 -0.02055  0.29168
   0.60693 -0.01949  0.29187
   0.62146 -0.01839  0.29246
   0.63600 -0.01726  0.29411
   0.65057 -0.01611  0.29450
   0.66515 -0.01493  0.29701
   0.67975 -0.01373  0.29844
   0.69435 -0.01251  0.30088
   0.70895 -0.01129  0.30340
   0.72354 -0.01006  0.30788
   0.73811 -0.00883  0.31042
   0.75268 -0.00763  0.31451
   0.76725 -0.00644  0.31781
   0.78182 -0.00528  0.32106
   0.79639 -0.00414  0.32497
   0.81093 -0.00303  0.32974
   0.82541 -0.00197  0.33536
   0.83983 -0.00098  0.34127
   0.85419 -0.00007  0.34524
   0.86850  0.00076  0.34877
   0.88280  0.00150  0.35193
   0.89713  0.00216  0.35573
   0.91153  0.00274  0.36832
   0.92593  0.00316  0.37873
   0.94001  0.00334  0.38655
   0.95331  0.00320  0.38778
   0.96543  0.00278  0.37800
   0.97629  0.00216  0.36195
   0.98599  0.00141  0.34507
   0.99468  0.00058  0.31354
   1.00000  0.00000  0.28436
