                                                
 Alfa =  10.00000 Re =  4000000.000 Xflap,Yflap =     0.000000    0.000000
#    x        y        Cp  
   1.00000  0.04237  0.83020
   0.99672  0.05857  0.94250
   0.99328  0.08069  0.80850
   0.98941  0.09992  0.66391
   0.98450  0.11717  0.49791
   0.97848  0.13327  0.36250
   0.97196  0.14869  0.22909
   0.96569  0.16323  0.01629
   0.95980  0.17655 -0.28892
   0.95410  0.18862 -0.73070
   0.94827  0.19946 -1.34458
   0.94210  0.20888 -2.40112
   0.93510  0.21631 -3.59063
   0.92654  0.22148 -3.22131
   0.91625  0.22500 -2.14057
   0.90475  0.22780 -1.45894
   0.89222  0.23059 -1.01624
   0.87865  0.23406 -0.81322
   0.86392  0.23866 -0.85434
   0.84741  0.24422 -0.95670
   0.82859  0.25033 -0.94455
   0.80735  0.25712 -0.95037
   0.78386  0.26463 -0.98091
   0.75866  0.27266 -1.03401
   0.73260  0.28086 -1.03099
   0.70646  0.28957 -1.14114
   0.67991  0.29882 -1.36853
   0.65343  0.30784 -1.59447
   0.62783  0.31613 -1.89088
   0.60309  0.32323 -2.15814
   0.57858  0.32907 -2.28412
   0.55383  0.33399 -2.38646
   0.52915  0.33816 -2.54694
   0.50472  0.34150 -2.71005
   0.48057  0.34396 -2.87572
   0.45674  0.34549 -3.03148
   0.43320  0.34602 -3.14908
   0.40973  0.34555 -3.16979
   0.38632  0.34428 -3.22571
   0.36328  0.34235 -3.32449
   0.34083  0.33981 -3.46415
   0.31935  0.33670 -3.75104
   0.29900  0.33273 -3.94512
   0.27940  0.32771 -3.98542
   0.26044  0.32171 -4.01587
   0.24207  0.31469 -3.92994
   0.22405  0.30665 -3.74116
   0.20639  0.29781 -3.65072
   0.18930  0.28825 -3.54938
   0.17281  0.27793 -3.39081
   0.15691  0.26694 -3.24100
   0.14171  0.25538 -3.10290
   0.12736  0.24331 -2.96089
   0.11388  0.23067 -2.71451
   0.10115  0.21755 -2.44744
   0.08917  0.20422 -2.23800
   0.07805  0.19093 -2.05646
   0.06788  0.17785 -1.89260
   0.05868  0.16510 -1.72467
   0.05041  0.15280 -1.57684
   0.04304  0.14106 -1.46416
   0.03655  0.12993 -1.36418
   0.03095  0.11940 -1.27322
   0.02620  0.10939 -1.14370
   0.02221  0.09983 -0.95535
   0.01878  0.09075 -0.78061
   0.01574  0.08217 -0.65480
   0.01304  0.07413 -0.57136
   0.01067  0.06660 -0.50027
   0.00863  0.05955 -0.43845
   0.00691  0.05294 -0.37821
   0.00550  0.04671 -0.31133
   0.00439  0.04081 -0.23277
   0.00355  0.03518 -0.12517
   0.00289  0.02978 -0.01957
   0.00234  0.02461  0.07083
   0.00183  0.01968  0.13965
   0.00132  0.01501  0.18353
   0.00078  0.01062  0.17459
   0.00030  0.00649  0.13427
   0.00002  0.00255  0.10935
   0.00005 -0.00132  0.16811
   0.00042 -0.00527  0.30766
   0.00099 -0.00941  0.43354
   0.00159 -0.01381  0.50386
   0.00219 -0.01845  0.54722
   0.00286 -0.02330  0.58540
   0.00366 -0.02833  0.62425
   0.00469 -0.03353  0.66909
   0.00603 -0.03894  0.72484
   0.00770 -0.04458  0.77912
   0.00975 -0.05048  0.83120
   0.01221 -0.05667  0.87877
   0.01507 -0.06319  0.91834
   0.01827 -0.07010  0.94831
   0.02182 -0.07740  0.97090
   0.02588 -0.08503  0.98794
   0.03065 -0.09296  0.99807
   0.03622 -0.10131  0.99958
   0.04256 -0.11018  0.99288
   0.04966 -0.11962  0.97775
   0.05766 -0.12957  0.95390
   0.06666 -0.14006  0.92136
   0.07674 -0.15107  0.87963
   0.08795 -0.16257  0.82911
   0.10031 -0.17450  0.76996
   0.11369 -0.18674  0.69555
   0.12804 -0.19896  0.61017
   0.14345 -0.21099  0.52534
   0.15986 -0.22283  0.43211
   0.17706 -0.23431  0.32813
   0.19494 -0.24525  0.21696
   0.21353 -0.25549  0.11282
   0.23284 -0.26504  0.01186
   0.25284 -0.27387 -0.08531
   0.27351 -0.28198 -0.17133
   0.29481 -0.28940 -0.25889
   0.31658 -0.29610 -0.34707
   0.33871 -0.30203 -0.43151
   0.36109 -0.30718 -0.51405
   0.38354 -0.31153 -0.60919
   0.40589 -0.31497 -0.70711
   0.42818 -0.31736 -0.77914
   0.45062 -0.31865 -0.80805
   0.47337 -0.31896 -0.81927
   0.49633 -0.31838 -0.84130
   0.51945 -0.31686 -0.84653
   0.54274 -0.31439 -0.84231
   0.56619 -0.31090 -0.82157
   0.58998 -0.30629 -0.75461
   0.61445 -0.30061 -0.66324
   0.63955 -0.29416 -0.61208
   0.66460 -0.28699 -0.57460
   0.69001 -0.27868 -0.43196
   0.71602 -0.26983 -0.31309
   0.74203 -0.26127 -0.26826
   0.76753 -0.25309 -0.23177
   0.79161 -0.24561 -0.19242
   0.81402 -0.23917 -0.19464
   0.83490 -0.23368 -0.24583
   0.85405 -0.22890 -0.31113
   0.87127 -0.22467 -0.37161
   0.88660 -0.22100 -0.47671
   0.90021 -0.21768 -0.57060
   0.91234 -0.21474 -0.63231
   0.92331 -0.21247 -1.03808
   0.93340 -0.21012 -1.74574
   0.94247 -0.20683 -2.71640
   0.94981 -0.20191 -3.12553
   0.95535 -0.19482 -1.91270
   0.95984 -0.18557 -0.80588
   0.96409 -0.17455 -0.21162
   0.96859 -0.16232  0.07990
   0.97328 -0.14905  0.28858
   0.97818 -0.13458  0.44203
   0.98311 -0.11865  0.57782
   0.98776 -0.10100  0.71197
   0.99210 -0.08126  0.82358
   0.99653 -0.05890  0.93848
   1.00000 -0.04239  0.83020
