                                                
 Alfa =  10.00000 Re =  4000000.000 Xflap,Yflap =     0.000000    0.000000
#    x        y        Cp  
   1.00000  0.00000  0.47195
   0.99473  0.00141  0.28921
   0.98641  0.00361  0.20011
   0.97751  0.00594  0.13757
   0.96796  0.00840  0.08514
   0.95768  0.01102  0.03880
   0.94659  0.01380 -0.00519
   0.93462  0.01675 -0.04930
   0.92172  0.01988 -0.09135
   0.90791  0.02315 -0.13384
   0.89334  0.02654 -0.17590
   0.87844  0.02991 -0.21937
   0.86370  0.03317 -0.25940
   0.84894  0.03633 -0.29758
   0.83399  0.03941 -0.33556
   0.81899  0.04240 -0.37022
   0.80418  0.04523 -0.40204
   0.78950  0.04790 -0.42610
   0.77486  0.05045 -0.44876
   0.76016  0.05292 -0.46558
   0.74535  0.05534 -0.48437
   0.73041  0.05772 -0.50360
   0.71535  0.06009 -0.52309
   0.70019  0.06247 -0.54970
   0.68502  0.06485 -0.58569
   0.66992  0.06721 -0.62817
   0.65492  0.06950 -0.67367
   0.64004  0.07169 -0.71946
   0.62528  0.07377 -0.76455
   0.61060  0.07570 -0.80762
   0.59595  0.07747 -0.84232
   0.58126  0.07908 -0.86538
   0.56647  0.08056 -0.88338
   0.55155  0.08192 -0.89965
   0.53648  0.08319 -0.91529
   0.52128  0.08440 -0.93327
   0.50600  0.08556 -0.95543
   0.49070  0.08668 -0.98989
   0.47548  0.08777 -1.03697
   0.46040  0.08878 -1.08832
   0.44547  0.08968 -1.14079
   0.43069  0.09044 -1.19561
   0.41603  0.09105 -1.24655
   0.40143  0.09147 -1.29135
   0.38679  0.09169 -1.32071
   0.37206  0.09173 -1.34259
   0.35716  0.09159 -1.35961
   0.34209  0.09132 -1.37895
   0.32687  0.09091 -1.39987
   0.31157  0.09042 -1.43033
   0.29631  0.08986 -1.47732
   0.28124  0.08925 -1.55380
   0.26644  0.08852 -1.63880
   0.25188  0.08763 -1.72543
   0.23744  0.08652 -1.79882
   0.22302  0.08517 -1.86636
   0.20860  0.08357 -1.93613
   0.19427  0.08174 -2.01858
   0.18018  0.07966 -2.11644
   0.16641  0.07731 -2.20978
   0.15292  0.07464 -2.29308
   0.13961  0.07157 -2.33873
   0.12631  0.06808 -2.36058
   0.11296  0.06417 -2.37619
   0.09962  0.05987 -2.39735
   0.08641  0.05526 -2.43485
   0.07335  0.05036 -2.52245
   0.06032  0.04509 -2.70889
   0.04821  0.03965 -2.91546
   0.03830  0.03466 -3.12283
   0.03007  0.03000 -3.34468
   0.02241  0.02505 -3.55933
   0.01495  0.01948 -3.66799
   0.01003  0.01544 -4.12455
   0.00688  0.01261 -4.79720
   0.00466  0.01038 -5.49802
   0.00302  0.00847 -6.29348
   0.00179  0.00677 -7.12477
   0.00090  0.00521 -8.01397
   0.00028  0.00376 -8.82656
  -0.00006  0.00237 -9.30526
  -0.00014  0.00104 -9.08344
   0.00006 -0.00025 -7.76464
   0.00057 -0.00154 -5.56108
   0.00138 -0.00283 -3.58419
   0.00252 -0.00416 -2.05097
   0.00405 -0.00554 -0.95506
   0.00606 -0.00702 -0.18180
   0.00878 -0.00865  0.34644
   0.01261 -0.01055  0.70134
   0.01835 -0.01276  0.91671
   0.02660 -0.01513  0.99570
   0.03664 -0.01765  0.99098
   0.04803 -0.02012  0.94862
   0.06036 -0.02220  0.89192
   0.07353 -0.02384  0.83607
   0.08726 -0.02513  0.78250
   0.10111 -0.02606  0.73484
   0.11511 -0.02662  0.69693
   0.12949 -0.02690  0.66659
   0.14437 -0.02699  0.64126
   0.15958 -0.02699  0.61519
   0.17475 -0.02692  0.58816
   0.18968 -0.02673  0.56399
   0.20438 -0.02637  0.54604
   0.21906 -0.02585  0.53530
   0.23388 -0.02521  0.52843
   0.24891 -0.02455  0.52166
   0.26410 -0.02392  0.50998
   0.27934 -0.02332  0.49641
   0.29457 -0.02272  0.48332
   0.30977 -0.02208  0.47243
   0.32497 -0.02140  0.46388
   0.34019 -0.02068  0.45640
   0.35544 -0.01993  0.45017
   0.37074 -0.01915  0.44421
   0.38607 -0.01837  0.43994
   0.40143 -0.01758  0.43516
   0.41679 -0.01679  0.43112
   0.43214 -0.01603  0.42661
   0.44747 -0.01528  0.42320
   0.46276 -0.01457  0.41911
   0.47801 -0.01390  0.41489
   0.49324 -0.01326  0.41041
   0.50845 -0.01268  0.40512
   0.52366 -0.01215  0.39905
   0.53888 -0.01166  0.39200
   0.55413 -0.01121  0.38524
   0.56941 -0.01079  0.37817
   0.58473 -0.01038  0.37080
   0.60008 -0.01000  0.36284
   0.61546 -0.00962  0.35641
   0.63087 -0.00925  0.34921
   0.64627 -0.00888  0.34231
   0.66167 -0.00850  0.33598
   0.67707 -0.00811  0.32948
   0.69243 -0.00771  0.32460
   0.70775 -0.00728  0.31993
   0.72299 -0.00683  0.31714
   0.73816 -0.00637  0.31475
   0.75327 -0.00591  0.31242
   0.76836 -0.00544  0.31078
   0.78349 -0.00499  0.30845
   0.79871 -0.00454  0.30776
   0.81405 -0.00410  0.30408
   0.82917 -0.00370  0.30192
   0.84406 -0.00332  0.29891
   0.85878 -0.00295  0.29604
   0.87349 -0.00260  0.29436
   0.88838 -0.00226  0.29130
   0.90358 -0.00192  0.29053
   0.91818 -0.00161  0.28897
   0.93178 -0.00132  0.29006
   0.94437 -0.00106  0.29190
   0.95599 -0.00083  0.29495
   0.96672 -0.00062  0.29972
   0.97667 -0.00043  0.30958
   0.98591 -0.00026  0.32370
   0.99455 -0.00010  0.36091
   1.00000  0.00000  0.47195
