                                                
 Alfa =  10.00000 Re =  4000000.000 Xflap,Yflap =     0.000000    0.000000
#    x        y        Cp  
   1.00000  0.00000  0.34914
   0.99231  0.00062  0.24514
   0.97988  0.00167  0.19954
   0.96624  0.00291  0.16749
   0.95128  0.00437  0.13910
   0.93500  0.00608  0.10828
   0.91755  0.00800  0.07652
   0.89922  0.01009  0.04578
   0.88031  0.01226  0.02151
   0.86114  0.01448  0.00034
   0.84192  0.01676 -0.01967
   0.82280  0.01910 -0.03942
   0.80382  0.02150 -0.06077
   0.78489  0.02400 -0.08688
   0.76590  0.02661 -0.11629
   0.74677  0.02929 -0.14857
   0.72744  0.03205 -0.18223
   0.70791  0.03486 -0.21741
   0.68826  0.03768 -0.25252
   0.66856  0.04049 -0.28625
   0.64890  0.04326 -0.32111
   0.62930  0.04599 -0.35540
   0.60976  0.04868 -0.39030
   0.59024  0.05131 -0.42487
   0.57067  0.05390 -0.45982
   0.55102  0.05647 -0.49578
   0.53129  0.05901 -0.53493
   0.51157  0.06153 -0.57753
   0.49196  0.06402 -0.62818
   0.47260  0.06644 -0.68700
   0.45359  0.06874 -0.75019
   0.43494  0.07089 -0.81558
   0.41661  0.07287 -0.88199
   0.39854  0.07464 -0.94725
   0.38061  0.07620 -1.00985
   0.36276  0.07754 -1.07068
   0.34495  0.07867 -1.13192
   0.32721  0.07957 -1.19437
   0.30960  0.08023 -1.25826
   0.29222  0.08066 -1.32575
   0.27519  0.08085 -1.39818
   0.25856  0.08077 -1.46962
   0.24230  0.08041 -1.54038
   0.22635  0.07977 -1.60614
   0.21057  0.07882 -1.66633
   0.19481  0.07754 -1.70730
   0.17890  0.07592 -1.72418
   0.16295  0.07408 -1.75131
   0.14739  0.07218 -1.82984
   0.13286  0.07032 -1.99460
   0.11968  0.06845 -2.17954
   0.10778  0.06648 -2.36028
   0.09701  0.06438 -2.51402
   0.08717  0.06216 -2.63381
   0.07819  0.05987 -2.75714
   0.07005  0.05759 -2.93834
   0.06272  0.05529 -3.14882
   0.05611  0.05296 -3.33637
   0.05014  0.05056 -3.48050
   0.04471  0.04809 -3.54286
   0.03974  0.04557 -3.57078
   0.03520  0.04303 -3.59072
   0.03103  0.04051 -3.60755
   0.02719  0.03801 -3.63709
   0.02366  0.03555 -3.72501
   0.02041  0.03311 -3.86049
   0.01744  0.03068 -3.97085
   0.01473  0.02824 -4.03561
   0.01229  0.02578 -4.04649
   0.01010  0.02332 -4.01536
   0.00816  0.02090 -3.96769
   0.00646  0.01852 -3.90912
   0.00499  0.01619 -3.83459
   0.00373  0.01391 -3.74431
   0.00267  0.01168 -3.63667
   0.00179  0.00950 -3.49402
   0.00109  0.00735 -3.32758
   0.00056  0.00523 -3.12203
   0.00020  0.00313 -2.86739
   0.00002  0.00104 -2.56258
   0.00002 -0.00104 -2.18740
   0.00020 -0.00313 -1.76821
   0.00056 -0.00523 -1.35340
   0.00109 -0.00735 -0.96116
   0.00179 -0.00950 -0.60555
   0.00267 -0.01168 -0.29042
   0.00373 -0.01391 -0.01438
   0.00499 -0.01619  0.22280
   0.00646 -0.01852  0.42126
   0.00816 -0.02090  0.58582
   0.01010 -0.02332  0.71884
   0.01229 -0.02578  0.82171
   0.01473 -0.02824  0.89869
   0.01744 -0.03068  0.95175
   0.02041 -0.03311  0.98364
   0.02366 -0.03555  0.99813
   0.02719 -0.03801  0.99879
   0.03103 -0.04051  0.98813
   0.03520 -0.04303  0.96758
   0.03974 -0.04557  0.93825
   0.04471 -0.04809  0.90100
   0.05014 -0.05056  0.85811
   0.05611 -0.05296  0.81330
   0.06272 -0.05529  0.76871
   0.07005 -0.05759  0.72553
   0.07819 -0.05987  0.68104
   0.08717 -0.06216  0.63248
   0.09701 -0.06438  0.58363
   0.10778 -0.06648  0.54078
   0.11968 -0.06845  0.50481
   0.13286 -0.07032  0.47399
   0.14739 -0.07218  0.44468
   0.16295 -0.07408  0.40282
   0.17890 -0.07592  0.35283
   0.19481 -0.07754  0.30381
   0.21057 -0.07882  0.26422
   0.22635 -0.07977  0.23402
   0.24230 -0.08041  0.20897
   0.25856 -0.08077  0.18894
   0.27519 -0.08085  0.17207
   0.29222 -0.08066  0.15858
   0.30960 -0.08023  0.14666
   0.32721 -0.07957  0.13593
   0.34495 -0.07867  0.12738
   0.36276 -0.07754  0.12146
   0.38061 -0.07620  0.11771
   0.39854 -0.07464  0.11757
   0.41661 -0.07287  0.12046
   0.43494 -0.07089  0.12652
   0.45359 -0.06874  0.13385
   0.47260 -0.06644  0.14211
   0.49196 -0.06402  0.14987
   0.51157 -0.06153  0.15488
   0.53129 -0.05901  0.15728
   0.55102 -0.05647  0.15895
   0.57067 -0.05390  0.16016
   0.59024 -0.05131  0.16166
   0.60976 -0.04868  0.16427
   0.62930 -0.04599  0.16781
   0.64890 -0.04326  0.17217
   0.66856 -0.04049  0.17694
   0.68826 -0.03768  0.18260
   0.70791 -0.03486  0.18933
   0.72744 -0.03205  0.19757
   0.74677 -0.02929  0.20534
   0.76590 -0.02661  0.21285
   0.78489 -0.02400  0.21912
   0.80382 -0.02150  0.22338
   0.82280 -0.01910  0.22444
   0.84192 -0.01676  0.22410
   0.86114 -0.01448  0.22375
   0.88031 -0.01226  0.22401
   0.89922 -0.01009  0.22646
   0.91755 -0.00800  0.23439
   0.93500 -0.00608  0.24375
   0.95128 -0.00437  0.25199
   0.96624 -0.00291  0.25872
   0.97988 -0.00167  0.26649
   0.99231 -0.00062  0.28632
   1.00000  0.00000  0.34914
