                                                
 Alfa =  10.00000 Re =  4000000.000 Xflap,Yflap =     0.000000    0.000000
#    x        y        Cp  
   1.00000  0.00000  0.46525
   0.99377  0.00135  0.42132
   0.98373  0.00400  0.35525
   0.97243  0.00741  0.27765
   0.95974  0.01149  0.20617
   0.94578  0.01611  0.12900
   0.93081  0.02103  0.06070
   0.91515  0.02605  0.00527
   0.89891  0.03111 -0.03639
   0.88211  0.03623 -0.07147
   0.86490  0.04144 -0.10637
   0.84751  0.04671 -0.14337
   0.83005  0.05202 -0.18222
   0.81253  0.05739 -0.22574
   0.79498  0.06278 -0.26932
   0.77739  0.06821 -0.31652
   0.75978  0.07366 -0.36597
   0.74217  0.07912 -0.41952
   0.72458  0.08457 -0.47712
   0.70706  0.08998 -0.53685
   0.68964  0.09534 -0.60050
   0.67232  0.10063 -0.66926
   0.65513  0.10582 -0.74161
   0.63808  0.11089 -0.82025
   0.62119  0.11583 -0.90249
   0.60447  0.12061 -0.99085
   0.58793  0.12521 -1.08511
   0.57161  0.12961 -1.18566
   0.55554  0.13378 -1.29413
   0.53975  0.13768 -1.40892
   0.52429  0.14127 -1.53506
   0.50921  0.14452 -1.66374
   0.49445  0.14739 -1.78878
   0.47993  0.14987 -1.89930
   0.46558  0.15196 -1.99996
   0.45132  0.15366 -2.08416
   0.43709  0.15498 -2.15341
   0.42282  0.15593 -2.20657
   0.40849  0.15651 -2.25091
   0.39408  0.15674 -2.28718
   0.37961  0.15663 -2.31769
   0.36505  0.15616 -2.33626
   0.35041  0.15535 -2.35444
   0.33569  0.15419 -2.35904
   0.32082  0.15271 -2.35255
   0.30597  0.15096 -2.39822
   0.29126  0.14887 -2.39584
   0.27637  0.14642 -2.37253
   0.26147  0.14371 -2.39696
   0.24672  0.14071 -2.40584
   0.23203  0.13742 -2.41380
   0.21747  0.13385 -2.42557
   0.20306  0.13000 -2.43696
   0.18883  0.12587 -2.44889
   0.17481  0.12148 -2.46141
   0.16103  0.11682 -2.47442
   0.14753  0.11191 -2.48583
   0.13435  0.10676 -2.50133
   0.12158  0.10142 -2.52022
   0.10928  0.09589 -2.54085
   0.09753  0.09024 -2.56098
   0.08642  0.08450 -2.58361
   0.07603  0.07875 -2.60639
   0.06642  0.07304 -2.63085
   0.05767  0.06747 -2.65778
   0.04982  0.06211 -2.68761
   0.04286  0.05703 -2.71840
   0.03673  0.05223 -2.75280
   0.03137  0.04772 -2.79014
   0.02668  0.04349 -2.82367
   0.02259  0.03952 -2.85083
   0.01903  0.03578 -2.87081
   0.01592  0.03226 -2.88567
   0.01321  0.02894 -2.88802
   0.01084  0.02579 -2.88827
   0.00879  0.02281 -2.87485
   0.00701  0.01997 -2.85376
   0.00546  0.01726 -2.82926
   0.00413  0.01468 -2.80967
   0.00299  0.01222 -2.83781
   0.00203  0.00985 -2.86391
   0.00126  0.00758 -2.88046
   0.00067  0.00538 -2.84949
   0.00027  0.00326 -2.81083
   0.00005  0.00123 -2.72130
   0.00001 -0.00074 -2.65128
   0.00019 -0.00271 -2.57515
   0.00068 -0.00465 -2.34288
   0.00160 -0.00649 -1.60744
   0.00295 -0.00812 -0.67536
   0.00465 -0.00957 -0.01498
   0.00662 -0.01086  0.39992
   0.00882 -0.01205  0.64941
   0.01124 -0.01318  0.79593
   0.01390 -0.01425  0.89290
   0.01683 -0.01525  0.95201
   0.02008 -0.01621  0.98440
   0.02368 -0.01715  0.99814
   0.02768 -0.01808  0.99908
   0.03216 -0.01901  0.99055
   0.03721 -0.01994  0.97472
   0.04295 -0.02087  0.95303
   0.04953 -0.02178  0.92688
   0.05714 -0.02268  0.89713
   0.06598 -0.02356  0.86472
   0.07618 -0.02441  0.83031
   0.08781 -0.02521  0.79499
   0.10086 -0.02593  0.75979
   0.11520 -0.02656  0.72586
   0.13060 -0.02706  0.69371
   0.14678 -0.02746  0.66380
   0.16349 -0.02774  0.63595
   0.18055 -0.02789  0.61096
   0.19788 -0.02793  0.58872
   0.21543 -0.02787  0.56867
   0.23315 -0.02772  0.55039
   0.25099 -0.02749  0.53363
   0.26894 -0.02719  0.51832
   0.28698 -0.02684  0.50421
   0.30508 -0.02644  0.49105
   0.32322 -0.02599  0.47832
   0.34138 -0.02551  0.46645
   0.35954 -0.02498  0.45504
   0.37769 -0.02440  0.44452
   0.39582 -0.02379  0.43475
   0.41394 -0.02312  0.42596
   0.43207 -0.02240  0.41810
   0.45022 -0.02164  0.41089
   0.46839 -0.02082  0.40525
   0.48663 -0.01996  0.40050
   0.50493 -0.01907  0.39609
   0.52332 -0.01814  0.39288
   0.54177 -0.01721  0.38913
   0.56025 -0.01627  0.38597
   0.57873 -0.01533  0.38248
   0.59719 -0.01441  0.37943
   0.61564 -0.01349  0.37590
   0.63407 -0.01259  0.37312
   0.65247 -0.01170  0.37026
   0.67086 -0.01084  0.36732
   0.68921 -0.00999  0.36459
   0.70754 -0.00917  0.36199
   0.72586 -0.00838  0.35928
   0.74417 -0.00762  0.35610
   0.76248 -0.00689  0.35378
   0.78078 -0.00618  0.35061
   0.79908 -0.00550  0.34844
   0.81736 -0.00486  0.34540
   0.83563 -0.00424  0.34368
   0.85389 -0.00366  0.33976
   0.87211 -0.00309  0.33724
   0.89017 -0.00254  0.33443
   0.90788 -0.00196  0.33543
   0.92513 -0.00134  0.34215
   0.94167 -0.00072  0.35587
   0.95699 -0.00016  0.37561
   0.97078  0.00024  0.39795
   0.98296  0.00042  0.42858
   0.99359  0.00029  0.45846
   1.00000  0.00000  0.46525
