                                                
 Alfa =  10.00000 Re =  4000000.000 Xflap,Yflap =     0.000000    0.000000
#    x        y        Cp  
   1.00000  0.00000  0.29554
   0.99413  0.00135  0.22519
   0.98302  0.00415  0.13026
   0.97004  0.00753  0.03687
   0.95648  0.01100 -0.03876
   0.94286  0.01435 -0.09262
   0.92915  0.01755 -0.13644
   0.91527  0.02065 -0.16799
   0.90125  0.02368 -0.19400
   0.88713  0.02665 -0.22005
   0.87296  0.02958 -0.24710
   0.85876  0.03246 -0.27328
   0.84455  0.03531 -0.29946
   0.83033  0.03811 -0.32697
   0.81609  0.04087 -0.35327
   0.80184  0.04360 -0.37804
   0.78757  0.04630 -0.40568
   0.77330  0.04896 -0.43358
   0.75902  0.05158 -0.46099
   0.74475  0.05416 -0.49074
   0.73048  0.05670 -0.51927
   0.71620  0.05920 -0.54796
   0.70192  0.06166 -0.57930
   0.68763  0.06407 -0.60993
   0.67335  0.06644 -0.64229
   0.65907  0.06876 -0.67636
   0.64479  0.07102 -0.71167
   0.63051  0.07323 -0.74715
   0.61624  0.07538 -0.78530
   0.60197  0.07747 -0.82355
   0.58773  0.07948 -0.86631
   0.57352  0.08140 -0.90909
   0.55933  0.08323 -0.95227
   0.54517  0.08496 -0.99556
   0.53101  0.08657 -1.03765
   0.51685  0.08807 -1.07992
   0.50270  0.08946 -1.12341
   0.48856  0.09071 -1.16591
   0.47444  0.09184 -1.21026
   0.46033  0.09283 -1.25133
   0.44623  0.09367 -1.29282
   0.43213  0.09436 -1.33283
   0.41803  0.09491 -1.37241
   0.40393  0.09531 -1.41300
   0.38986  0.09554 -1.45280
   0.37581  0.09562 -1.49234
   0.36179  0.09552 -1.53011
   0.34778  0.09525 -1.56451
   0.33377  0.09481 -1.59780
   0.31977  0.09419 -1.63009
   0.30577  0.09339 -1.66131
   0.29178  0.09242 -1.69110
   0.27780  0.09128 -1.72244
   0.26383  0.08997 -1.75563
   0.24987  0.08848 -1.78800
   0.23595  0.08682 -1.82718
   0.22206  0.08500 -1.86786
   0.20825  0.08299 -1.91333
   0.19449  0.08080 -1.96080
   0.18080  0.07841 -2.01115
   0.16717  0.07582 -2.06408
   0.15363  0.07303 -2.12720
   0.14022  0.07002 -2.19765
   0.12696  0.06678 -2.27374
   0.11382  0.06329 -2.35622
   0.10085  0.05953 -2.45144
   0.08816  0.05551 -2.56683
   0.07580  0.05122 -2.69960
   0.06373  0.04659 -2.85310
   0.05208  0.04162 -3.03337
   0.04138  0.03650 -3.26498
   0.03173  0.03127 -3.53143
   0.02292  0.02575 -3.85295
   0.01605  0.02076 -4.22407
   0.01137  0.01682 -4.64312
   0.00791  0.01343 -5.01653
   0.00511  0.01020 -5.45460
   0.00298  0.00723 -5.90442
   0.00156  0.00483 -6.49440
   0.00065  0.00293 -7.95299
   0.00014  0.00131 -9.34915
   0.00000 -0.00023 -9.56295
   0.00028 -0.00182 -8.13823
   0.00108 -0.00340 -5.25522
   0.00247 -0.00495 -2.53159
   0.00452 -0.00651 -0.82893
   0.00724 -0.00811  0.02717
   0.01080 -0.00976  0.53920
   0.01562 -0.01146  0.83136
   0.02215 -0.01333  0.96270
   0.03082 -0.01531  0.99991
   0.04144 -0.01719  0.98129
   0.05358 -0.01882  0.93858
   0.06662 -0.02018  0.88955
   0.08011 -0.02128  0.84232
   0.09386 -0.02214  0.79926
   0.10781 -0.02280  0.76084
   0.12191 -0.02331  0.72619
   0.13610 -0.02368  0.69491
   0.15034 -0.02393  0.66726
   0.16462 -0.02407  0.64197
   0.17896 -0.02412  0.61958
   0.19334 -0.02409  0.59859
   0.20774 -0.02399  0.57946
   0.22215 -0.02381  0.56174
   0.23657 -0.02358  0.54538
   0.25101 -0.02328  0.53033
   0.26546 -0.02292  0.51648
   0.27992 -0.02251  0.50294
   0.29436 -0.02205  0.49039
   0.30879 -0.02153  0.47891
   0.32320 -0.02096  0.46851
   0.33761 -0.02032  0.45889
   0.35203 -0.01962  0.45113
   0.36645 -0.01886  0.44377
   0.38090 -0.01805  0.43786
   0.39535 -0.01719  0.43184
   0.40981 -0.01628  0.42728
   0.42428 -0.01533  0.42362
   0.43876 -0.01434  0.41997
   0.45327 -0.01332  0.41747
   0.46779 -0.01226  0.41591
   0.48232 -0.01119  0.41408
   0.49687 -0.01010  0.41341
   0.51143 -0.00900  0.41208
   0.52599 -0.00790  0.41241
   0.54055 -0.00681  0.41216
   0.55510 -0.00574  0.41153
   0.56964 -0.00468  0.41111
   0.58417 -0.00364  0.41088
   0.59869 -0.00263  0.41042
   0.61319 -0.00164  0.41033
   0.62769 -0.00069  0.40977
   0.64218  0.00023  0.40957
   0.65666  0.00111  0.40906
   0.67114  0.00195  0.40891
   0.68562  0.00276  0.40819
   0.70009  0.00352  0.40793
   0.71455  0.00423  0.40767
   0.72901  0.00490  0.40776
   0.74345  0.00551  0.40699
   0.75789  0.00607  0.40694
   0.77231  0.00657  0.40661
   0.78672  0.00701  0.40665
   0.80111  0.00737  0.40629
   0.81550  0.00767  0.40510
   0.82987  0.00789  0.40584
   0.84423  0.00804  0.40434
   0.85856  0.00809  0.40462
   0.87285  0.00806  0.40387
   0.88711  0.00792  0.40490
   0.90131  0.00766  0.40366
   0.91545  0.00727  0.40261
   0.92946  0.00673  0.40262
   0.94331  0.00601  0.40260
   0.95692  0.00507  0.39679
   0.97019  0.00387  0.38851
   0.98283  0.00244  0.37191
   0.99402  0.00091  0.34355
   1.00000  0.00000  0.29554
