                                                
 Alfa =  10.00000 Re =  4000000.000 Xflap,Yflap =     0.000000    0.000000
#    x        y        Cp  
   1.00000  0.00700  0.55447
   0.99348  0.00917  0.33467
   0.98277  0.01271  0.24070
   0.97078  0.01662  0.16232
   0.95739  0.02094  0.09535
   0.94264  0.02563  0.03293
   0.92691  0.03056 -0.02574
   0.91071  0.03555 -0.08117
   0.89439  0.04049 -0.13337
   0.87804  0.04536 -0.18451
   0.86165  0.05015 -0.23381
   0.84522  0.05486 -0.28255
   0.82875  0.05948 -0.33012
   0.81226  0.06401 -0.37722
   0.79575  0.06843 -0.42436
   0.77925  0.07273 -0.47126
   0.76279  0.07691 -0.51790
   0.74635  0.08095 -0.56387
   0.72995  0.08485 -0.60878
   0.71356  0.08861 -0.65317
   0.69717  0.09221 -0.69513
   0.68075  0.09567 -0.73384
   0.66426  0.09900 -0.77175
   0.64771  0.10220 -0.80822
   0.63108  0.10528 -0.84474
   0.61437  0.10825 -0.88171
   0.59761  0.11110 -0.92049
   0.58082  0.11384 -0.96192
   0.56402  0.11646 -1.00504
   0.54725  0.11894 -1.04933
   0.53050  0.12129 -1.09436
   0.51379  0.12349 -1.14010
   0.49712  0.12554 -1.18772
   0.48048  0.12745 -1.23486
   0.46386  0.12920 -1.28320
   0.44726  0.13079 -1.33247
   0.43069  0.13221 -1.38269
   0.41413  0.13346 -1.43275
   0.39761  0.13455 -1.48444
   0.38112  0.13545 -1.53575
   0.36467  0.13618 -1.58825
   0.34825  0.13672 -1.64363
   0.33186  0.13709 -1.70045
   0.31549  0.13728 -1.76234
   0.29910  0.13730 -1.83108
   0.28269  0.13712 -1.91055
   0.26625  0.13673 -1.99885
   0.24984  0.13611 -2.09436
   0.23359  0.13523 -2.19591
   0.21765  0.13410 -2.30505
   0.20219  0.13272 -2.42625
   0.18736  0.13110 -2.57407
   0.17324  0.12921 -2.72782
   0.15971  0.12699 -2.86936
   0.14660  0.12437 -2.97073
   0.13367  0.12128 -3.01141
   0.12079  0.11773 -3.03271
   0.10800  0.11378 -3.05418
   0.09555  0.10954 -3.10243
   0.08377  0.10519 -3.19636
   0.07294  0.10085 -3.33560
   0.06320  0.09660 -3.53644
   0.05459  0.09243 -3.71507
   0.04702  0.08833 -3.83041
   0.04040  0.08435 -3.88961
   0.03460  0.08053 -3.93559
   0.02951  0.07689 -3.98355
   0.02501  0.07341 -4.03010
   0.02101  0.07008 -4.09049
   0.01744  0.06689 -4.13911
   0.01428  0.06388 -4.21603
   0.01149  0.06106 -4.38977
   0.00907  0.05847 -4.69132
   0.00702  0.05608 -5.01632
   0.00530  0.05385 -5.33591
   0.00386  0.05175 -5.64758
   0.00267  0.04974 -5.92616
   0.00172  0.04782 -6.13786
   0.00098  0.04594 -6.26001
   0.00045  0.04411 -6.23605
   0.00012  0.04230 -6.03315
   0.00000  0.04050 -5.58751
   0.00009  0.03869 -4.88143
   0.00038  0.03687 -4.06368
   0.00088  0.03503 -3.27920
   0.00156  0.03317 -2.54507
   0.00245  0.03128 -1.88921
   0.00355  0.02937 -1.31976
   0.00488  0.02743 -0.82486
   0.00646  0.02547 -0.40440
   0.00831  0.02350 -0.04859
   0.01047  0.02155  0.24858
   0.01298  0.01967  0.49609
   0.01586  0.01793  0.69750
   0.01915  0.01633  0.84066
   0.02290  0.01484  0.92904
   0.02716  0.01337  0.97565
   0.03196  0.01186  0.99628
   0.03740  0.01032  0.99930
   0.04357  0.00878  0.98847
   0.05053  0.00730  0.96684
   0.05846  0.00592  0.93779
   0.06755  0.00465  0.90437
   0.07801  0.00349  0.86854
   0.08990  0.00242  0.83001
   0.10303  0.00151  0.79181
   0.11721  0.00081  0.75616
   0.13226  0.00031  0.72368
   0.14794  0.00002  0.69512
   0.16405 -0.00009  0.66908
   0.18045 -0.00005  0.64571
   0.19706  0.00015  0.62545
   0.21387  0.00049  0.60856
   0.23090  0.00097  0.59439
   0.24814  0.00154  0.58268
   0.26558  0.00220  0.57308
   0.28318  0.00291  0.56515
   0.30086  0.00363  0.55817
   0.31854  0.00435  0.55253
   0.33612  0.00502  0.54702
   0.35355  0.00563  0.54213
   0.37082  0.00615  0.53708
   0.38793  0.00657  0.53232
   0.40494  0.00687  0.52604
   0.42189  0.00705  0.51814
   0.43885  0.00711  0.50961
   0.45587  0.00706  0.50024
   0.47298  0.00691  0.49036
   0.49020  0.00667  0.48007
   0.50754  0.00635  0.46908
   0.52499  0.00595  0.45784
   0.54253  0.00549  0.44613
   0.56014  0.00496  0.43404
   0.57780  0.00439  0.42135
   0.59545  0.00377  0.40775
   0.61304  0.00311  0.39320
   0.63055  0.00246  0.37757
   0.64793  0.00182  0.36213
   0.66518  0.00124  0.34693
   0.68232  0.00072  0.33286
   0.69938  0.00031  0.32069
   0.71640  0.00002  0.31166
   0.73344 -0.00016  0.30589
   0.75053 -0.00024  0.30042
   0.76771 -0.00023  0.29726
   0.78498 -0.00014  0.29498
   0.80237  0.00003  0.29376
   0.81986  0.00025  0.29328
   0.83745  0.00052  0.29338
   0.85508  0.00082  0.29438
   0.87269  0.00113  0.29470
   0.89019  0.00144  0.29487
   0.90749  0.00172  0.29181
   0.92441  0.00200  0.28688
   0.94064  0.00235  0.28531
   0.95577  0.00278  0.29271
   0.96956  0.00331  0.30995
   0.98197  0.00389  0.34044
   0.99315  0.00449  0.39000
   1.00000  0.00490  0.55447
