                                                
 Alfa =  10.00000 Re =  4000000.000 Xflap,Yflap =     0.000000    0.000000
#    x        y        Cp  
   1.00000  0.00900  0.32006
   0.99458  0.01011  0.19231
   0.98555  0.01196  0.12873
   0.97519  0.01405  0.07501
   0.96321  0.01645  0.02722
   0.94947  0.01916 -0.01864
   0.93448  0.02209 -0.06378
   0.91948  0.02496 -0.10522
   0.90430  0.02781 -0.14416
   0.88938  0.03055 -0.18095
   0.87474  0.03316 -0.21359
   0.86021  0.03568 -0.24596
   0.84570  0.03812 -0.27502
   0.83111  0.04048 -0.30333
   0.81640  0.04278 -0.32855
   0.80155  0.04499 -0.35344
   0.78654  0.04713 -0.37098
   0.77142  0.04920 -0.38618
   0.75620  0.05121 -0.40020
   0.74090  0.05317 -0.41246
   0.72557  0.05511 -0.42650
   0.71021  0.05704 -0.44160
   0.69486  0.05898 -0.46199
   0.67953  0.06093 -0.48834
   0.66424  0.06288 -0.51813
   0.64899  0.06481 -0.55017
   0.63377  0.06671 -0.58363
   0.61860  0.06856 -0.61855
   0.60345  0.07034 -0.65193
   0.58831  0.07205 -0.68403
   0.57318  0.07369 -0.71540
   0.55804  0.07525 -0.74435
   0.54288  0.07674 -0.77596
   0.52771  0.07816 -0.80625
   0.51252  0.07950 -0.83797
   0.49733  0.08077 -0.87062
   0.48213  0.08196 -0.90677
   0.46695  0.08308 -0.94385
   0.45179  0.08410 -0.98145
   0.43665  0.08503 -1.02120
   0.42154  0.08586 -1.06074
   0.40646  0.08658 -1.10199
   0.39141  0.08720 -1.14396
   0.37640  0.08769 -1.18577
   0.36142  0.08806 -1.22974
   0.34646  0.08832 -1.27429
   0.33152  0.08844 -1.32118
   0.31660  0.08843 -1.37039
   0.30167  0.08829 -1.42292
   0.28673  0.08801 -1.48306
   0.27178  0.08758 -1.54626
   0.25682  0.08696 -1.61472
   0.24191  0.08616 -1.68591
   0.22709  0.08514 -1.75900
   0.21244  0.08392 -1.83609
   0.19804  0.08247 -1.91823
   0.18396  0.08080 -2.01011
   0.17022  0.07888 -2.10036
   0.15673  0.07667 -2.18583
   0.14330  0.07410 -2.25102
   0.12972  0.07111 -2.29688
   0.11595  0.06770 -2.34459
   0.10227  0.06395 -2.40907
   0.08919  0.06003 -2.53561
   0.07689  0.05594 -2.68628
   0.06484  0.05142 -2.81045
   0.05290  0.04636 -2.93747
   0.04255  0.04146 -3.16846
   0.03433  0.03706 -3.43019
   0.02748  0.03283 -3.65220
   0.02128  0.02832 -3.65387
   0.01548  0.02341 -3.44684
   0.01092  0.01924 -3.57512
   0.00764  0.01605 -3.99661
   0.00525  0.01348 -4.45394
   0.00344  0.01128 -4.94259
   0.00206  0.00933 -5.47315
   0.00103  0.00756 -6.01244
   0.00029  0.00592 -6.47950
  -0.00018  0.00438 -6.83853
  -0.00040  0.00292 -6.83572
  -0.00036  0.00152 -6.34659
  -0.00006  0.00016 -5.24007
   0.00053 -0.00116 -3.67570
   0.00141 -0.00245 -2.26616
   0.00258 -0.00372 -1.19425
   0.00404 -0.00496 -0.41440
   0.00583 -0.00616  0.13519
   0.00799 -0.00728  0.51137
   0.01056 -0.00827  0.76151
   0.01360 -0.00899  0.91551
   0.01716 -0.00926  0.98732
   0.02146 -0.00903  0.99972
   0.02686 -0.00853  0.99027
   0.03391 -0.00825  0.97082
   0.04304 -0.00832  0.93763
   0.05398 -0.00848  0.89330
   0.06646 -0.00837  0.85496
   0.08045 -0.00816  0.81968
   0.09542 -0.00804  0.78162
   0.11075 -0.00793  0.74748
   0.12622 -0.00780  0.71805
   0.14175 -0.00765  0.69179
   0.15728 -0.00750  0.66785
   0.17282 -0.00736  0.64613
   0.18838 -0.00722  0.62581
   0.20395 -0.00709  0.60693
   0.21952 -0.00695  0.58973
   0.23509 -0.00681  0.57364
   0.25066 -0.00667  0.55831
   0.26623 -0.00653  0.54419
   0.28181 -0.00639  0.53081
   0.29738 -0.00625  0.51830
   0.31296 -0.00611  0.50621
   0.32853 -0.00598  0.49440
   0.34411 -0.00584  0.48394
   0.35968 -0.00570  0.47316
   0.37526 -0.00556  0.46339
   0.39083 -0.00542  0.45358
   0.40641 -0.00528  0.44438
   0.42199 -0.00514  0.43546
   0.43756 -0.00501  0.42698
   0.45314 -0.00487  0.41866
   0.46872 -0.00473  0.41029
   0.48429 -0.00459  0.40287
   0.49987 -0.00445  0.39550
   0.51544 -0.00431  0.38783
   0.53102 -0.00417  0.38099
   0.54659 -0.00404  0.37378
   0.56216 -0.00390  0.36677
   0.57772 -0.00376  0.36077
   0.59330 -0.00362  0.35440
   0.60887 -0.00348  0.34750
   0.62444 -0.00334  0.34228
   0.63999 -0.00320  0.33557
   0.65554 -0.00307  0.33012
   0.67108 -0.00293  0.32386
   0.68663 -0.00279  0.31926
   0.70220 -0.00265  0.31324
   0.71775 -0.00251  0.30762
   0.73326 -0.00237  0.30235
   0.74874 -0.00224  0.29707
   0.76419 -0.00210  0.29253
   0.77965 -0.00196  0.28724
   0.79516 -0.00182  0.28274
   0.81069 -0.00169  0.27770
   0.82610 -0.00155  0.27349
   0.84136 -0.00141  0.26861
   0.85651 -0.00128  0.26533
   0.87163 -0.00114  0.26080
   0.88682 -0.00101  0.25770
   0.90223 -0.00087  0.25448
   0.91753 -0.00074  0.25097
   0.93260 -0.00060  0.24961
   0.94787 -0.00047  0.24830
   0.96214 -0.00034  0.24926
   0.97454 -0.00023  0.25308
   0.98520 -0.00013  0.26287
   0.99446 -0.00005  0.28200
   1.00000  0.00000  0.32006
