                                                
 Alfa =  10.00000 Re =  4000000.000 Xflap,Yflap =     0.000000    0.000000
#    x        y        Cp  
   1.00000  0.00000  0.46636
   0.99465  0.00143  0.25399
   0.98583  0.00371  0.14627
   0.97587  0.00617  0.06736
   0.96455  0.00883  0.00196
   0.95175  0.01165 -0.05090
   0.93765  0.01455 -0.09334
   0.92289  0.01739 -0.12162
   0.90810  0.02011 -0.14271
   0.89328  0.02277 -0.16560
   0.87862  0.02538 -0.19307
   0.86405  0.02794 -0.22058
   0.84951  0.03045 -0.24858
   0.83494  0.03293 -0.27717
   0.82032  0.03537 -0.30505
   0.80563  0.03777 -0.33128
   0.79089  0.04012 -0.35836
   0.77609  0.04241 -0.38368
   0.76128  0.04465 -0.40706
   0.74644  0.04683 -0.43190
   0.73160  0.04895 -0.45492
   0.71676  0.05102 -0.47978
   0.70193  0.05304 -0.50304
   0.68709  0.05500 -0.52752
   0.67224  0.05692 -0.55357
   0.65739  0.05878 -0.57823
   0.64253  0.06059 -0.60446
   0.62766  0.06234 -0.63118
   0.61279  0.06404 -0.65897
   0.59793  0.06567 -0.68633
   0.58309  0.06725 -0.71690
   0.56828  0.06875 -0.74796
   0.55351  0.07018 -0.77769
   0.53876  0.07152 -0.80980
   0.52403  0.07277 -0.83955
   0.50931  0.07394 -0.86987
   0.49458  0.07500 -0.89832
   0.47980  0.07597 -0.92237
   0.46497  0.07684 -0.94541
   0.45008  0.07764 -0.97051
   0.43512  0.07836 -0.99501
   0.42013  0.07902 -1.02233
   0.40512  0.07962 -1.05503
   0.39013  0.08018 -1.09494
   0.37523  0.08067 -1.14361
   0.36042  0.08109 -1.19680
   0.34573  0.08141 -1.25220
   0.33114  0.08161 -1.31100
   0.31663  0.08167 -1.36822
   0.30216  0.08157 -1.42612
   0.28766  0.08130 -1.47760
   0.27308  0.08084 -1.52735
   0.25840  0.08019 -1.57620
   0.24362  0.07935 -1.62627
   0.22880  0.07833 -1.68092
   0.21403  0.07712 -1.73915
   0.19942  0.07575 -1.80788
   0.18514  0.07423 -1.89591
   0.17123  0.07255 -1.99366
   0.15755  0.07064 -2.09548
   0.14383  0.06842 -2.19392
   0.12971  0.06580 -2.29038
   0.11517  0.06273 -2.40227
   0.10102  0.05936 -2.55267
   0.08834  0.05599 -2.82068
   0.07709  0.05246 -3.07738
   0.06596  0.04814 -3.06480
   0.05348  0.04245 -2.89713
   0.04200  0.03682 -3.10629
   0.03356  0.03228 -3.47260
   0.02669  0.02799 -3.76603
   0.02000  0.02291 -3.51933
   0.01336  0.01723 -3.23799
   0.00900  0.01349 -3.84898
   0.00615  0.01091 -4.62466
   0.00412  0.00886 -5.44984
   0.00262  0.00709 -6.35642
   0.00150  0.00551 -7.32981
   0.00071  0.00405 -8.27600
   0.00020  0.00267 -9.00575
  -0.00004  0.00134 -9.17355
  -0.00001  0.00005 -8.30075
   0.00032 -0.00124 -6.30508
   0.00094 -0.00253 -4.25204
   0.00186 -0.00386 -2.60619
   0.00310 -0.00522 -1.37966
   0.00473 -0.00665 -0.50105
   0.00687 -0.00818  0.11180
   0.00972 -0.00985  0.53880
   0.01369 -0.01166  0.82025
   0.01950 -0.01343  0.97322
   0.02766 -0.01491  0.99815
   0.03790 -0.01632  0.96364
   0.04980 -0.01753  0.90495
   0.06253 -0.01831  0.84394
   0.07571 -0.01861  0.79034
   0.08929 -0.01849  0.74695
   0.10328 -0.01802  0.71335
   0.11759 -0.01728  0.68811
   0.13210 -0.01638  0.66902
   0.14675 -0.01544  0.65332
   0.16144 -0.01457  0.63395
   0.17612 -0.01374  0.61239
   0.19076 -0.01290  0.59226
   0.20533 -0.01195  0.57734
   0.21982 -0.01088  0.56988
   0.23423 -0.00973  0.56633
   0.24859 -0.00856  0.56476
   0.26290 -0.00742  0.56449
   0.27719 -0.00636  0.56415
   0.29149 -0.00543  0.56311
   0.30583 -0.00467  0.55843
   0.32025 -0.00411  0.54892
   0.33477 -0.00372  0.53741
   0.34941 -0.00347  0.52404
   0.36418 -0.00331  0.50972
   0.37907 -0.00323  0.49516
   0.39407 -0.00318  0.48083
   0.40916 -0.00313  0.46804
   0.42429 -0.00306  0.45873
   0.43943 -0.00298  0.44917
   0.45456 -0.00291  0.44139
   0.46968 -0.00284  0.43364
   0.48476 -0.00279  0.42581
   0.49982 -0.00275  0.41877
   0.51487 -0.00274  0.40981
   0.52992 -0.00275  0.40172
   0.54498 -0.00277  0.39303
   0.56006 -0.00281  0.38436
   0.57514 -0.00285  0.37587
   0.59024 -0.00288  0.36744
   0.60535 -0.00291  0.36107
   0.62044 -0.00292  0.35402
   0.63551 -0.00293  0.34848
   0.65057 -0.00295  0.34256
   0.66561 -0.00296  0.33737
   0.68064 -0.00299  0.33135
   0.69568 -0.00303  0.32556
   0.71076 -0.00310  0.31828
   0.72588 -0.00319  0.31113
   0.74098 -0.00328  0.30286
   0.75604 -0.00339  0.29417
   0.77107 -0.00350  0.28577
   0.78613 -0.00361  0.27780
   0.80124 -0.00371  0.26813
   0.81623 -0.00379  0.25887
   0.83102 -0.00384  0.25050
   0.84561 -0.00386  0.24163
   0.86005 -0.00382  0.23425
   0.87444 -0.00372  0.22875
   0.88889 -0.00354  0.22343
   0.90358 -0.00328  0.22318
   0.91857 -0.00291  0.22618
   0.93336 -0.00248  0.23175
   0.94826 -0.00198  0.24192
   0.96226 -0.00148  0.25140
   0.97455 -0.00102  0.26798
   0.98519 -0.00061  0.29119
   0.99445 -0.00023  0.33644
   1.00000  0.00000  0.46636
