                                                
 Alfa =  10.00000 Re =  4000000.000 Xflap,Yflap =     0.000000    0.000000
#    x        y        Cp  
   1.00000  0.00221  0.34031
   0.99382  0.00306  0.23546
   0.98327  0.00457  0.19071
   0.97115  0.00640  0.15178
   0.95764  0.00852  0.11684
   0.94293  0.01092  0.08210
   0.92716  0.01359  0.04632
   0.91056  0.01649  0.01017
   0.89338  0.01956 -0.02820
   0.87577  0.02278 -0.06714
   0.85787  0.02609 -0.10648
   0.83982  0.02945 -0.14812
   0.82175  0.03284 -0.19305
   0.80374  0.03620 -0.23873
   0.78582  0.03949 -0.28103
   0.76794  0.04270 -0.32193
   0.75009  0.04583 -0.36227
   0.73236  0.04889 -0.40768
   0.71483  0.05182 -0.45287
   0.69742  0.05462 -0.49458
   0.68009  0.05729 -0.53649
   0.66288  0.05982 -0.57928
   0.64574  0.06220 -0.61735
   0.62861  0.06444 -0.65543
   0.61153  0.06654 -0.69501
   0.59453  0.06848 -0.73404
   0.57760  0.07026 -0.77218
   0.56071  0.07188 -0.80775
   0.54388  0.07333 -0.84366
   0.52705  0.07461 -0.87419
   0.51018  0.07573 -0.90476
   0.49336  0.07669 -0.94147
   0.47665  0.07747 -0.97324
   0.45988  0.07806 -0.99401
   0.44298  0.07849 -1.01882
   0.42611  0.07878 -1.05080
   0.40931  0.07889 -1.07939
   0.39252  0.07882 -1.10266
   0.37564  0.07858 -1.12397
   0.35868  0.07818 -1.14514
   0.34170  0.07764 -1.17235
   0.32475  0.07694 -1.20106
   0.30783  0.07608 -1.22826
   0.29089  0.07505 -1.25360
   0.27387  0.07386 -1.27730
   0.25684  0.07254 -1.31427
   0.23994  0.07108 -1.35616
   0.22312  0.06947 -1.39274
   0.20632  0.06770 -1.43339
   0.18964  0.06581 -1.48740
   0.17323  0.06381 -1.55257
   0.15723  0.06171 -1.63091
   0.14180  0.05951 -1.72102
   0.12711  0.05725 -1.82451
   0.11330  0.05495 -1.94138
   0.10050  0.05261 -2.07174
   0.08883  0.05030 -2.21648
   0.07836  0.04804 -2.38168
   0.06905  0.04584 -2.55783
   0.06080  0.04371 -2.74407
   0.05345  0.04163 -2.95881
   0.04689  0.03960 -3.18270
   0.04104  0.03759 -3.40134
   0.03582  0.03562 -3.61892
   0.03114  0.03368 -3.84342
   0.02694  0.03178 -4.12669
   0.02318  0.02990 -4.44055
   0.01981  0.02803 -4.73619
   0.01680  0.02615 -5.00846
   0.01410  0.02426 -5.24428
   0.01170  0.02235 -5.42259
   0.00955  0.02041 -5.55702
   0.00763  0.01844 -5.64821
   0.00593  0.01645 -5.72597
   0.00446  0.01442 -5.73567
   0.00320  0.01237 -5.64582
   0.00216  0.01029 -5.42230
   0.00135  0.00820 -5.04801
   0.00074  0.00611 -4.60819
   0.00032  0.00405 -4.14006
   0.00008  0.00201 -3.66678
   0.00000 -0.00002 -3.20026
   0.00008 -0.00204 -2.74377
   0.00034 -0.00407 -2.29800
   0.00078 -0.00609 -1.84401
   0.00142 -0.00810 -1.39249
   0.00230 -0.01007 -0.91855
   0.00341 -0.01199 -0.45474
   0.00477 -0.01383 -0.04962
   0.00635 -0.01558  0.27787
   0.00815 -0.01724  0.52717
   0.01015 -0.01881  0.70795
   0.01238 -0.02029  0.83583
   0.01485 -0.02168  0.92151
   0.01759 -0.02298  0.97180
   0.02064 -0.02420  0.99557
   0.02403 -0.02534  0.99949
   0.02780 -0.02642  0.98982
   0.03198 -0.02745  0.97111
   0.03662 -0.02844  0.94574
   0.04179 -0.02939  0.91607
   0.04756 -0.03026  0.88404
   0.05403 -0.03106  0.85125
   0.06128 -0.03179  0.81920
   0.06949 -0.03246  0.78606
   0.07886 -0.03307  0.75356
   0.08962 -0.03362  0.72185
   0.10190 -0.03412  0.68983
   0.11565 -0.03454  0.65942
   0.13073 -0.03489  0.63087
   0.14703 -0.03518  0.60424
   0.16432 -0.03544  0.57882
   0.18227 -0.03569  0.55440
   0.20060 -0.03593  0.53069
   0.21913 -0.03616  0.50858
   0.23780 -0.03638  0.48811
   0.25655 -0.03659  0.46783
   0.27528 -0.03680  0.44792
   0.29398 -0.03699  0.42893
   0.31258 -0.03717  0.40974
   0.33102 -0.03730  0.39169
   0.34945 -0.03737  0.37733
   0.36789 -0.03742  0.36080
   0.38610 -0.03745  0.34138
   0.40418 -0.03738  0.32780
   0.42235 -0.03723  0.31621
   0.44052 -0.03703  0.30146
   0.45853 -0.03676  0.28807
   0.47649 -0.03640  0.27720
   0.49446 -0.03595  0.26736
   0.51246 -0.03542  0.25810
   0.53038 -0.03482  0.24799
   0.54822 -0.03413  0.23996
   0.56612 -0.03332  0.23489
   0.58406 -0.03244  0.22858
   0.60193 -0.03148  0.22264
   0.61984 -0.03041  0.22106
   0.63788 -0.02926  0.21925
   0.65590 -0.02804  0.21517
   0.67393 -0.02673  0.21568
   0.69211 -0.02534  0.21769
   0.71036 -0.02389  0.21723
   0.72862 -0.02238  0.21900
   0.74701 -0.02080  0.22411
   0.76553 -0.01919  0.22659
   0.78403 -0.01755  0.23006
   0.80250 -0.01590  0.23706
   0.82095 -0.01426  0.24091
   0.83937 -0.01265  0.24545
   0.85762 -0.01108  0.25141
   0.87555 -0.00958  0.25803
   0.89310 -0.00819  0.26315
   0.91026 -0.00692  0.26675
   0.92693 -0.00578  0.26910
   0.94277 -0.00477  0.27424
   0.95746 -0.00393  0.27965
   0.97095 -0.00327  0.28232
   0.98312 -0.00277  0.28641
   0.99376 -0.00240  0.29674
   1.00000 -0.00221  0.34031
