                                                
 Alfa =  10.00000 Re =  4000000.000 Xflap,Yflap =     0.000000    0.000000
#    x        y        Cp  
   1.00000  0.00125  0.53454
   0.99379  0.00215  0.36574
   0.98326  0.00372  0.30059
   0.97105  0.00560  0.25053
   0.95726  0.00783  0.20940
   0.94255  0.01029  0.17120
   0.92760  0.01290  0.13817
   0.91260  0.01563  0.10607
   0.89751  0.01852  0.06685
   0.88219  0.02156  0.01828
   0.86661  0.02468 -0.02781
   0.85092  0.02780 -0.06758
   0.83522  0.03089 -0.10699
   0.81957  0.03393 -0.14644
   0.80398  0.03692 -0.18537
   0.78842  0.03985 -0.22283
   0.77287  0.04270 -0.25835
   0.75734  0.04548 -0.29453
   0.74182  0.04818 -0.33055
   0.72633  0.05080 -0.36469
   0.71086  0.05333 -0.39995
   0.69539  0.05577 -0.43362
   0.67993  0.05811 -0.46680
   0.66448  0.06036 -0.49936
   0.64902  0.06250 -0.53247
   0.63358  0.06453 -0.56393
   0.61813  0.06646 -0.59548
   0.60269  0.06828 -0.62618
   0.58725  0.06999 -0.65597
   0.57180  0.07159 -0.68530
   0.55634  0.07308 -0.71442
   0.54088  0.07445 -0.74287
   0.52540  0.07571 -0.77136
   0.50993  0.07686 -0.79982
   0.49445  0.07789 -0.82743
   0.47896  0.07880 -0.85527
   0.46347  0.07961 -0.88359
   0.44796  0.08029 -0.91161
   0.43246  0.08087 -0.94088
   0.41697  0.08133 -0.97059
   0.40148  0.08167 -1.00110
   0.38601  0.08189 -1.03218
   0.37055  0.08199 -1.06438
   0.35510  0.08196 -1.09800
   0.33967  0.08181 -1.13256
   0.32427  0.08153 -1.16992
   0.30891  0.08112 -1.20900
   0.29361  0.08056 -1.24968
   0.27837  0.07986 -1.29258
   0.26318  0.07900 -1.33578
   0.24804  0.07798 -1.38060
   0.23295  0.07679 -1.42927
   0.21795  0.07543 -1.48400
   0.20308  0.07390 -1.54189
   0.18835  0.07217 -1.60394
   0.17378  0.07023 -1.66703
   0.15932  0.06805 -1.72805
   0.14496  0.06565 -1.79610
   0.13083  0.06303 -1.88501
   0.11708  0.06018 -1.98382
   0.10369  0.05708 -2.07536
   0.09068  0.05370 -2.17284
   0.07819  0.05011 -2.29997
   0.06650  0.04636 -2.44072
   0.05584  0.04253 -2.59501
   0.04634  0.03870 -2.75272
   0.03800  0.03495 -2.93135
   0.03085  0.03135 -3.11657
   0.02491  0.02802 -3.30738
   0.02006  0.02499 -3.52809
   0.01606  0.02220 -3.73570
   0.01271  0.01959 -3.93074
   0.00984  0.01708 -4.17829
   0.00741  0.01466 -4.38075
   0.00539  0.01232 -4.50085
   0.00374  0.01010 -4.59685
   0.00243  0.00802 -4.75718
   0.00142  0.00607 -4.92446
   0.00070  0.00424 -5.00073
   0.00023  0.00249 -4.90358
   0.00001  0.00079 -4.60277
   0.00005 -0.00090 -3.89858
   0.00035 -0.00261 -2.97632
   0.00090 -0.00434 -2.10444
   0.00172 -0.00612 -1.32977
   0.00284 -0.00793 -0.67734
   0.00429 -0.00975 -0.13173
   0.00612 -0.01153  0.30594
   0.00834 -0.01323  0.62011
   0.01099 -0.01487  0.82040
   0.01407 -0.01645  0.93082
   0.01763 -0.01801  0.98400
   0.02181 -0.01955  0.99998
   0.02681 -0.02109  0.98926
   0.03282 -0.02264  0.95963
   0.04004 -0.02417  0.91765
   0.04861 -0.02564  0.86892
   0.05867 -0.02702  0.81835
   0.07027 -0.02827  0.76927
   0.08326 -0.02939  0.72367
   0.09726 -0.03035  0.68280
   0.11193 -0.03118  0.64603
   0.12708 -0.03188  0.61477
   0.14263 -0.03249  0.58778
   0.15842 -0.03305  0.56118
   0.17426 -0.03356  0.53701
   0.19017 -0.03402  0.51581
   0.20618 -0.03445  0.49645
   0.22226 -0.03487  0.47710
   0.23835 -0.03526  0.45914
   0.25443 -0.03564  0.44181
   0.27052 -0.03601  0.42556
   0.28663 -0.03635  0.40967
   0.30273 -0.03668  0.39436
   0.31882 -0.03700  0.37976
   0.33490 -0.03730  0.36511
   0.35098 -0.03758  0.35148
   0.36704 -0.03783  0.33802
   0.38311 -0.03807  0.32496
   0.39917 -0.03828  0.31239
   0.41522 -0.03847  0.30039
   0.43127 -0.03863  0.28814
   0.44732 -0.03876  0.27637
   0.46336 -0.03888  0.26497
   0.47940 -0.03896  0.25359
   0.49543 -0.03902  0.24246
   0.51145 -0.03905  0.23128
   0.52747 -0.03904  0.22036
   0.54348 -0.03901  0.20971
   0.55947 -0.03894  0.19879
   0.57546 -0.03884  0.18826
   0.59143 -0.03870  0.17719
   0.60739 -0.03852  0.16670
   0.62333 -0.03830  0.15616
   0.63924 -0.03804  0.14508
   0.65513 -0.03773  0.13399
   0.67099 -0.03736  0.12368
   0.68682 -0.03693  0.11273
   0.70261 -0.03644  0.10265
   0.71837 -0.03588  0.09171
   0.73408 -0.03525  0.08226
   0.74975 -0.03453  0.07195
   0.76537 -0.03373  0.06248
   0.78094 -0.03283  0.05424
   0.79645 -0.03183  0.04636
   0.81189 -0.03072  0.03838
   0.82726 -0.02950  0.03206
   0.84254 -0.02815  0.02673
   0.85776 -0.02666  0.02177
   0.87284 -0.02503  0.01692
   0.88759 -0.02327  0.01068
   0.90193 -0.02130  0.00938
   0.91606 -0.01905  0.03170
   0.93030 -0.01649  0.06818
   0.94467 -0.01371  0.10422
   0.95880 -0.01080  0.14363
   0.97199 -0.00793  0.19097
   0.98372 -0.00523  0.25364
   0.99393 -0.00276  0.33774
   1.00000 -0.00125  0.53454
