                                                
 Alfa =  10.00000 Re =  4000000.000 Xflap,Yflap =     0.000000    0.000000
#    x        y        Cp  
   1.00000  0.00080  0.38005
   0.99504  0.00195  0.20345
   0.98678  0.00383  0.12756
   0.97731  0.00591  0.06882
   0.96631  0.00823  0.02224
   0.95355  0.01079 -0.01966
   0.93927  0.01350 -0.04151
   0.92490  0.01613 -0.05481
   0.91041  0.01875 -0.06411
   0.89592  0.02144 -0.07744
   0.88180  0.02417 -0.10366
   0.86786  0.02696 -0.13281
   0.85395  0.02981 -0.16852
   0.83996  0.03271 -0.20254
   0.82582  0.03567 -0.24213
   0.81150  0.03866 -0.28311
   0.79699  0.04166 -0.32411
   0.78237  0.04464 -0.36218
   0.76771  0.04755 -0.40207
   0.75305  0.05039 -0.43999
   0.73844  0.05313 -0.47645
   0.72388  0.05576 -0.51309
   0.70938  0.05827 -0.54300
   0.69492  0.06065 -0.57370
   0.68046  0.06292 -0.59498
   0.66596  0.06508 -0.61467
   0.65141  0.06717 -0.63187
   0.63680  0.06918 -0.64902
   0.62212  0.07114 -0.66741
   0.60736  0.07307 -0.68439
   0.59256  0.07497 -0.70840
   0.57772  0.07686 -0.73557
   0.56287  0.07871 -0.76575
   0.54801  0.08053 -0.79850
   0.53317  0.08231 -0.83060
   0.51836  0.08404 -0.86928
   0.50358  0.08571 -0.90755
   0.48883  0.08733 -0.94905
   0.47413  0.08888 -0.99339
   0.45946  0.09035 -1.04127
   0.44483  0.09173 -1.08684
   0.43023  0.09302 -1.13568
   0.41564  0.09419 -1.18554
   0.40106  0.09524 -1.23270
   0.38645  0.09617 -1.27784
   0.37181  0.09697 -1.32018
   0.35713  0.09765 -1.36558
   0.34240  0.09823 -1.41276
   0.32763  0.09870 -1.46601
   0.31283  0.09907 -1.52599
   0.29804  0.09936 -1.60136
   0.28330  0.09954 -1.70286
   0.26863  0.09957 -1.81770
   0.25409  0.09940 -1.94070
   0.23971  0.09898 -2.06519
   0.22552  0.09824 -2.18927
   0.21155  0.09716 -2.30436
   0.19781  0.09570 -2.39869
   0.18432  0.09385 -2.45849
   0.17102  0.09161 -2.50113
   0.15775  0.08900 -2.53810
   0.14423  0.08594 -2.56849
   0.13011  0.08235 -2.60558
   0.11602  0.07837 -2.66236
   0.10199  0.07405 -2.78053
   0.08929  0.06979 -3.09418
   0.07827  0.06549 -3.41011
   0.06774  0.06039 -3.37984
   0.05617  0.05361 -3.05801
   0.04482  0.04616 -2.90302
   0.03626  0.04008 -2.96126
   0.02925  0.03460 -3.04211
   0.02193  0.02802 -2.79198
   0.01303  0.01924 -2.46733
   0.00806  0.01448 -3.13078
   0.00519  0.01158 -3.80026
   0.00322  0.00937 -4.53534
   0.00178  0.00753 -5.40587
   0.00074  0.00593 -6.42727
   0.00003  0.00451 -7.62885
  -0.00039  0.00321 -8.83859
  -0.00054  0.00203 -9.62688
  -0.00040  0.00093 -9.09650
   0.00007 -0.00010 -6.71670
   0.00088 -0.00107 -3.75487
   0.00208 -0.00199 -1.70705
   0.00372 -0.00287 -0.45378
   0.00591 -0.00369  0.28288
   0.00889 -0.00442  0.70913
   0.01317 -0.00488  0.93543
   0.01960 -0.00432  0.99999
   0.02813 -0.00261  0.98351
   0.03829 -0.00125  0.95491
   0.05108 -0.00010  0.91210
   0.06573  0.00122  0.87346
   0.07997  0.00239  0.84239
   0.09424  0.00335  0.80991
   0.10905  0.00429  0.78157
   0.12389  0.00523  0.75942
   0.13874  0.00612  0.74032
   0.15336  0.00687  0.72247
   0.16788  0.00749  0.70305
   0.18248  0.00802  0.68336
   0.19726  0.00853  0.66516
   0.21219  0.00905  0.65002
   0.22714  0.00958  0.63730
   0.24208  0.01010  0.62698
   0.25704  0.01059  0.61714
   0.27191  0.01103  0.60869
   0.28669  0.01139  0.59944
   0.30140  0.01165  0.59006
   0.31607  0.01181  0.57887
   0.33073  0.01188  0.56608
   0.34541  0.01189  0.55333
   0.36013  0.01186  0.54079
   0.37489  0.01181  0.52793
   0.38971  0.01176  0.51518
   0.40458  0.01174  0.50513
   0.41948  0.01175  0.49734
   0.43439  0.01179  0.49007
   0.44930  0.01185  0.48510
   0.46420  0.01190  0.47992
   0.47910  0.01194  0.47509
   0.49398  0.01196  0.47040
   0.50884  0.01193  0.46507
   0.52370  0.01186  0.45913
   0.53856  0.01174  0.45378
   0.55341  0.01158  0.44639
   0.56827  0.01137  0.44142
   0.58312  0.01111  0.43154
   0.59797  0.01080  0.42647
   0.61282  0.01045  0.41746
   0.62767  0.01005  0.40834
   0.64252  0.00963  0.39867
   0.65737  0.00918  0.38879
   0.67224  0.00872  0.38023
   0.68712  0.00826  0.36961
   0.70204  0.00781  0.36315
   0.71700  0.00737  0.35526
   0.73194  0.00695  0.34930
   0.74684  0.00653  0.34429
   0.76171  0.00611  0.33769
   0.77658  0.00568  0.33207
   0.79151  0.00524  0.32695
   0.80642  0.00478  0.31938
   0.82117  0.00430  0.31165
   0.83574  0.00381  0.30534
   0.85014  0.00333  0.29595
   0.86446  0.00284  0.28773
   0.87881  0.00237  0.28115
   0.89334  0.00190  0.27340
   0.90815  0.00144  0.26697
   0.92261  0.00102  0.26169
   0.93684  0.00063  0.25621
   0.95142  0.00025  0.25260
   0.96494 -0.00007  0.25468
   0.97650 -0.00033  0.25552
   0.98637 -0.00053  0.26723
   0.99490 -0.00070  0.29086
   1.00000 -0.00080  0.38005
