                                                
 Alfa =  10.00000 Re =  4000000.000 Xflap,Yflap =     0.000000    0.000000
#    x        y        Cp  
   1.00000  0.00000  0.67365
   0.99602  0.00255 -0.12675
   0.98883  0.00491  0.07348
   0.98010  0.00733  0.07952
   0.96921  0.01033  0.04087
   0.95617  0.01378  0.02441
   0.94155  0.01760  0.00365
   0.92624  0.02161 -0.01423
   0.91077  0.02575 -0.03613
   0.89532  0.03001 -0.06494
   0.87982  0.03442 -0.09961
   0.86424  0.03897 -0.14001
   0.84859  0.04362 -0.17978
   0.83292  0.04836 -0.22240
   0.81727  0.05316 -0.26499
   0.80165  0.05804 -0.31475
   0.78603  0.06300 -0.37172
   0.77034  0.06804 -0.43742
   0.75459  0.07314 -0.51248
   0.73888  0.07822 -0.59648
   0.72338  0.08317 -0.68722
   0.70811  0.08793 -0.77871
   0.69301  0.09248 -0.87202
   0.67806  0.09678 -0.96238
   0.66321  0.10083 -1.05317
   0.64844  0.10459 -1.13670
   0.63369  0.10809 -1.21444
   0.61895  0.11130 -1.28854
   0.60420  0.11423 -1.35609
   0.58942  0.11687 -1.41740
   0.57460  0.11922 -1.47240
   0.55973  0.12130 -1.52225
   0.54481  0.12309 -1.56782
   0.52984  0.12461 -1.60655
   0.51481  0.12585 -1.64068
   0.49973  0.12682 -1.66814
   0.48457  0.12752 -1.69215
   0.46934  0.12797 -1.71153
   0.45404  0.12817 -1.73041
   0.43869  0.12814 -1.74628
   0.42330  0.12787 -1.76138
   0.40785  0.12737 -1.77444
   0.39236  0.12666 -1.78998
   0.37687  0.12574 -1.80718
   0.36138  0.12461 -1.82432
   0.34588  0.12327 -1.84012
   0.33039  0.12173 -1.86128
   0.31494  0.11999 -1.88224
   0.29954  0.11804 -1.90500
   0.28419  0.11589 -1.92710
   0.26887  0.11353 -1.95264
   0.25362  0.11095 -1.97697
   0.23844  0.10817 -2.00654
   0.22335  0.10518 -2.03530
   0.20835  0.10196 -2.06943
   0.19346  0.09853 -2.10386
   0.17870  0.09487 -2.14372
   0.16409  0.09098 -2.18706
   0.14967  0.08685 -2.23530
   0.13545  0.08248 -2.28644
   0.12146  0.07787 -2.34691
   0.10777  0.07302 -2.41611
   0.09445  0.06793 -2.49122
   0.08159  0.06262 -2.58334
   0.06933  0.05714 -2.69123
   0.05790  0.05158 -2.81732
   0.04750  0.04605 -2.95967
   0.03834  0.04072 -3.11689
   0.03055  0.03576 -3.31731
   0.02414  0.03127 -3.53802
   0.01894  0.02725 -3.78636
   0.01472  0.02364 -4.04802
   0.01131  0.02038 -4.31107
   0.00856  0.01741 -4.56274
   0.00633  0.01469 -4.78809
   0.00453  0.01216 -4.97607
   0.00307  0.00977 -5.19636
   0.00191  0.00749 -5.37618
   0.00104  0.00536 -5.57728
   0.00043  0.00338 -5.91584
   0.00008  0.00152 -6.09106
   0.00001 -0.00027 -5.93850
   0.00023 -0.00207 -5.36995
   0.00080 -0.00386 -4.51892
   0.00182 -0.00559 -3.02895
   0.00329 -0.00721 -1.53722
   0.00516 -0.00871 -0.57531
   0.00738 -0.01013  0.03936
   0.01002 -0.01151  0.43601
   0.01313 -0.01292  0.67856
   0.01683 -0.01439  0.83292
   0.02126 -0.01594  0.92790
   0.02666 -0.01761  0.98009
   0.03331 -0.01940  0.99935
   0.04153 -0.02135  0.99338
   0.05156 -0.02343  0.96845
   0.06338 -0.02558  0.93119
   0.07667 -0.02770  0.88804
   0.09097 -0.02971  0.84324
   0.10589 -0.03157  0.80031
   0.12121 -0.03326  0.76035
   0.13682 -0.03480  0.72330
   0.15260 -0.03619  0.68873
   0.16849 -0.03745  0.65665
   0.18446 -0.03858  0.62728
   0.20051 -0.03958  0.60034
   0.21662 -0.04048  0.57436
   0.23276 -0.04126  0.55088
   0.24894 -0.04194  0.52830
   0.26514 -0.04252  0.50694
   0.28137 -0.04300  0.48741
   0.29761 -0.04338  0.46868
   0.31386 -0.04367  0.45057
   0.33011 -0.04387  0.43312
   0.34636 -0.04397  0.41701
   0.36259 -0.04398  0.40114
   0.37881 -0.04389  0.38586
   0.39503 -0.04370  0.37154
   0.41124 -0.04341  0.35845
   0.42742 -0.04302  0.34396
   0.44353 -0.04253  0.33011
   0.45957 -0.04191  0.31706
   0.47550 -0.04117  0.30309
   0.49127 -0.04029  0.28973
   0.50685 -0.03923  0.27906
   0.52226 -0.03797  0.27088
   0.53754 -0.03649  0.26709
   0.55276 -0.03477  0.26932
   0.56800 -0.03280  0.27687
   0.58334 -0.03057  0.28956
   0.59885 -0.02812  0.30630
   0.61460 -0.02546  0.32708
   0.63059 -0.02264  0.34832
   0.64673 -0.01974  0.37030
   0.66286 -0.01686  0.39091
   0.67887 -0.01407  0.40799
   0.69475 -0.01140  0.42437
   0.71054 -0.00888  0.43601
   0.72627 -0.00652  0.44715
   0.74193 -0.00432  0.45783
   0.75752 -0.00231  0.46531
   0.77308 -0.00050  0.47221
   0.78861  0.00111  0.47732
   0.80411  0.00253  0.48178
   0.81960  0.00373  0.48459
   0.83507  0.00472  0.48667
   0.85048  0.00549  0.48864
   0.86585  0.00603  0.48791
   0.88118  0.00634  0.48693
   0.89647  0.00641  0.48467
   0.91159  0.00625  0.48163
   0.92644  0.00584  0.47693
   0.94081  0.00521  0.47099
   0.95417  0.00439  0.46730
   0.96602  0.00342  0.45109
   0.97604  0.00246  0.45567
   0.98400  0.00146  0.42057
   0.99043  0.00057  0.40163
   0.99622 -0.00033  0.11903
   1.00000  0.00000  0.67365
