                                                
 Alfa =  10.00000 Re =  4000000.000 Xflap,Yflap =     0.000000    0.000000
#    x        y        Cp  
   1.00000  0.00000  0.48822
   0.99326  0.00234  0.27480
   0.98230  0.00607  0.16629
   0.97019  0.01008  0.08722
   0.95680  0.01437  0.02103
   0.94212  0.01892 -0.03535
   0.92630  0.02366 -0.08098
   0.90966  0.02852 -0.12197
   0.89252  0.03345 -0.16395
   0.87510  0.03841 -0.21049
   0.85756  0.04335 -0.25737
   0.84003  0.04823 -0.30478
   0.82257  0.05299 -0.35102
   0.80523  0.05762 -0.39671
   0.78799  0.06212 -0.44012
   0.77081  0.06649 -0.48130
   0.75368  0.07074 -0.52287
   0.73653  0.07488 -0.56175
   0.71934  0.07891 -0.60065
   0.70204  0.08284 -0.63802
   0.68461  0.08669 -0.67190
   0.66698  0.09047 -0.70501
   0.64916  0.09420 -0.73926
   0.63116  0.09790 -0.77453
   0.61304  0.10158 -0.81557
   0.59493  0.10522 -0.86404
   0.57693  0.10881 -0.92608
   0.55916  0.11228 -0.99379
   0.54165  0.11561 -1.06517
   0.52441  0.11875 -1.13751
   0.50740  0.12168 -1.21042
   0.49056  0.12439 -1.27758
   0.47383  0.12689 -1.34059
   0.45715  0.12917 -1.40116
   0.44047  0.13124 -1.46144
   0.42376  0.13311 -1.52055
   0.40702  0.13477 -1.58015
   0.39025  0.13622 -1.63950
   0.37344  0.13745 -1.69966
   0.35661  0.13847 -1.75984
   0.33979  0.13927 -1.82362
   0.32298  0.13985 -1.89001
   0.30622  0.14022 -1.96101
   0.28953  0.14037 -2.04492
   0.27295  0.14028 -2.13775
   0.25652  0.13993 -2.23673
   0.24031  0.13930 -2.33855
   0.22437  0.13838 -2.44207
   0.20877  0.13715 -2.54684
   0.19359  0.13561 -2.65261
   0.17886  0.13377 -2.75896
   0.16454  0.13161 -2.85979
   0.15050  0.12910 -2.95046
   0.13658  0.12619 -3.01740
   0.12272  0.12291 -3.08126
   0.10920  0.11933 -3.15692
   0.09650  0.11566 -3.29108
   0.08501  0.11203 -3.49127
   0.07468  0.10838 -3.64627
   0.06519  0.10462 -3.67487
   0.05644  0.10087 -3.70930
   0.04859  0.09737 -3.87145
   0.04179  0.09422 -4.23127
   0.03596  0.09134 -4.62285
   0.03094  0.08863 -4.99876
   0.02657  0.08601 -5.33299
   0.02271  0.08344 -5.60534
   0.01926  0.08087 -5.78825
   0.01616  0.07830 -5.90434
   0.01338  0.07576 -6.00492
   0.01089  0.07326 -6.15213
   0.00870  0.07085 -6.37496
   0.00680  0.06854 -6.60369
   0.00517  0.06633 -6.84449
   0.00380  0.06419 -7.05703
   0.00265  0.06213 -7.25111
   0.00172  0.06013 -7.37508
   0.00099  0.05816 -7.43288
   0.00046  0.05623 -7.34315
   0.00013  0.05433 -7.11356
   0.00000  0.05243 -6.64609
   0.00008  0.05053 -5.90814
   0.00036  0.04862 -5.03844
   0.00084  0.04669 -4.16697
   0.00152  0.04474 -3.34366
   0.00240  0.04275 -2.59680
   0.00350  0.04072 -1.93953
   0.00482  0.03865 -1.36343
   0.00638  0.03654 -0.86719
   0.00822  0.03439 -0.44815
   0.01035  0.03222 -0.09408
   0.01280  0.03005  0.20370
   0.01559  0.02794  0.45140
   0.01873  0.02590  0.64690
   0.02226  0.02391  0.78819
   0.02619  0.02191  0.88324
   0.03056  0.01987  0.94306
   0.03545  0.01776  0.97950
   0.04091  0.01562  0.99719
   0.04700  0.01347  0.99895
   0.05377  0.01136  0.98727
   0.06126  0.00934  0.96449
   0.06954  0.00750  0.93331
   0.07874  0.00591  0.89801
   0.08919  0.00458  0.86404
   0.10124  0.00338  0.82978
   0.11464  0.00220  0.78795
   0.12844  0.00122  0.74372
   0.14196  0.00062  0.70283
   0.15524  0.00053  0.67399
   0.16878  0.00093  0.66050
   0.18315  0.00171  0.65510
   0.19879  0.00272  0.65249
   0.21583  0.00375  0.64150
   0.23385  0.00471  0.62582
   0.25222  0.00564  0.60909
   0.27041  0.00658  0.59315
   0.28814  0.00757  0.57938
   0.30536  0.00866  0.57097
   0.32220  0.00986  0.56891
   0.33881  0.01112  0.56958
   0.35530  0.01238  0.57171
   0.37178  0.01357  0.57400
   0.38832  0.01465  0.57538
   0.40501  0.01554  0.57385
   0.42194  0.01622  0.56709
   0.43915  0.01671  0.55841
   0.45669  0.01704  0.54787
   0.47456  0.01724  0.53640
   0.49275  0.01737  0.52491
   0.51119  0.01744  0.51492
   0.52977  0.01750  0.50664
   0.54841  0.01752  0.49919
   0.56702  0.01751  0.49257
   0.58555  0.01746  0.48610
   0.60397  0.01738  0.48057
   0.62228  0.01725  0.47494
   0.64047  0.01707  0.47023
   0.65858  0.01683  0.46497
   0.67663  0.01652  0.45988
   0.69466  0.01613  0.45421
   0.71275  0.01566  0.44733
   0.73093  0.01510  0.43996
   0.74925  0.01448  0.43147
   0.76768  0.01379  0.42384
   0.78617  0.01306  0.41642
   0.80461  0.01231  0.41071
   0.82287  0.01153  0.40809
   0.84082  0.01070  0.40530
   0.85841  0.00977  0.40230
   0.87559  0.00872  0.39632
   0.89238  0.00751  0.38762
   0.90880  0.00614  0.36790
   0.92485  0.00467  0.34024
   0.94036  0.00328  0.31409
   0.95508  0.00212  0.29814
   0.96878  0.00125  0.29884
   0.98136  0.00062  0.31246
   0.99287  0.00019  0.35392
   1.00000  0.00000  0.48822
