                                                
 Alfa =  10.00000 Re =  4000000.000 Xflap,Yflap =     0.000000    0.000000
#    x        y        Cp  
   1.00000  0.00000  0.26175
   0.99415  0.00054  0.14724
   0.98215  0.00166  0.08826
   0.96875  0.00289  0.04807
   0.95510  0.00413  0.01866
   0.94143  0.00537 -0.00527
   0.92775  0.00659 -0.03022
   0.91407  0.00779 -0.04727
   0.90039  0.00899 -0.06664
   0.88670  0.01018 -0.08660
   0.87301  0.01136 -0.10160
   0.85932  0.01253 -0.11574
   0.84563  0.01369 -0.13249
   0.83193  0.01484 -0.14603
   0.81824  0.01599 -0.16171
   0.80454  0.01713 -0.17764
   0.79084  0.01826 -0.18888
   0.77714  0.01938 -0.20451
   0.76344  0.02050 -0.21951
   0.74974  0.02161 -0.23228
   0.73604  0.02272 -0.24729
   0.72233  0.02382 -0.26150
   0.70863  0.02491 -0.27499
   0.69492  0.02600 -0.29160
   0.68122  0.02709 -0.30644
   0.66751  0.02817 -0.32160
   0.65381  0.02925 -0.33792
   0.64010  0.03032 -0.35438
   0.62639  0.03139 -0.37242
   0.61269  0.03244 -0.38780
   0.59899  0.03350 -0.40822
   0.58529  0.03453 -0.42638
   0.57160  0.03556 -0.44662
   0.55791  0.03658 -0.46465
   0.54422  0.03758 -0.48895
   0.53053  0.03856 -0.50942
   0.51685  0.03953 -0.53318
   0.50318  0.04047 -0.55445
   0.48950  0.04138 -0.58165
   0.47584  0.04227 -0.60391
   0.46218  0.04313 -0.63277
   0.44852  0.04394 -0.65615
   0.43487  0.04473 -0.68718
   0.42123  0.04546 -0.71202
   0.40758  0.04616 -0.74477
   0.39395  0.04680 -0.77194
   0.38032  0.04739 -0.80402
   0.36669  0.04793 -0.83601
   0.35307  0.04841 -0.86782
   0.33946  0.04882 -0.90253
   0.32584  0.04917 -0.93851
   0.31224  0.04946 -0.97535
   0.29864  0.04967 -1.01427
   0.28505  0.04980 -1.05607
   0.27147  0.04986 -1.09886
   0.25791  0.04982 -1.14550
   0.24435  0.04970 -1.19452
   0.23082  0.04948 -1.24802
   0.21731  0.04915 -1.30402
   0.20382  0.04871 -1.36594
   0.19036  0.04814 -1.43157
   0.17693  0.04744 -1.50386
   0.16354  0.04659 -1.58173
   0.15021  0.04558 -1.66925
   0.13693  0.04439 -1.76466
   0.12372  0.04300 -1.87483
   0.11062  0.04139 -1.99683
   0.09762  0.03953 -2.13432
   0.08476  0.03739 -2.30163
   0.07211  0.03494 -2.49536
   0.05971  0.03212 -2.73205
   0.04768  0.02889 -3.02871
   0.03618  0.02520 -3.40914
   0.02554  0.02104 -3.92549
   0.01641  0.01660 -4.65280
   0.00966  0.01240 -5.60396
   0.00537  0.00894 -6.72497
   0.00279  0.00620 -7.99786
   0.00126  0.00396 -9.23614
   0.00040  0.00207-10.33180
   0.00002  0.00043-12.80344
   0.00020 -0.00105-13.26623
   0.00125 -0.00243 -4.86873
   0.00307 -0.00370 -1.40702
   0.00576 -0.00507 -0.04673
   0.00997 -0.00668  0.64577
   0.01684 -0.00863  0.93959
   0.02687 -0.01073  0.99983
   0.03888 -0.01261  0.96644
   0.05169 -0.01420  0.91158
   0.06482 -0.01553  0.85653
   0.07813 -0.01669  0.80567
   0.09153 -0.01769  0.75942
   0.10496 -0.01854  0.71828
   0.11843 -0.01928  0.68093
   0.13192 -0.01989  0.64736
   0.14543 -0.02039  0.61716
   0.15896 -0.02079  0.59011
   0.17250 -0.02108  0.56607
   0.18607 -0.02129  0.54434
   0.19965 -0.02140  0.52513
   0.21325 -0.02144  0.50797
   0.22687 -0.02142  0.49229
   0.24051 -0.02133  0.47774
   0.25416 -0.02119  0.46462
   0.26783 -0.02100  0.45359
   0.28152 -0.02078  0.44219
   0.29521 -0.02052  0.43167
   0.30891 -0.02024  0.42323
   0.32263 -0.01994  0.41319
   0.33634 -0.01962  0.40433
   0.35006 -0.01927  0.39708
   0.36379 -0.01892  0.38901
   0.37753 -0.01855  0.38079
   0.39126 -0.01818  0.37507
   0.40500 -0.01779  0.36649
   0.41874 -0.01740  0.36130
   0.43249 -0.01701  0.35424
   0.44623 -0.01661  0.34739
   0.45998 -0.01621  0.34214
   0.47373 -0.01581  0.33608
   0.48748 -0.01540  0.32924
   0.50123 -0.01499  0.32402
   0.51498 -0.01458  0.31914
   0.52873 -0.01417  0.31330
   0.54249 -0.01376  0.30741
   0.55624 -0.01335  0.30261
   0.56999 -0.01294  0.29719
   0.58374 -0.01254  0.29287
   0.59750 -0.01213  0.28638
   0.61125 -0.01172  0.28171
   0.62500 -0.01131  0.27801
   0.63875 -0.01090  0.27120
   0.65250 -0.01050  0.26782
   0.66626 -0.01009  0.26318
   0.68001 -0.00969  0.25792
   0.69376 -0.00928  0.25220
   0.70752 -0.00887  0.24998
   0.72127 -0.00847  0.24386
   0.73502 -0.00807  0.24015
   0.74877 -0.00766  0.23489
   0.76253 -0.00726  0.23121
   0.77628 -0.00685  0.22582
   0.79003 -0.00645  0.22210
   0.80378 -0.00605  0.21914
   0.81754 -0.00564  0.21262
   0.83129 -0.00524  0.20948
   0.84504 -0.00484  0.20583
   0.85879 -0.00444  0.20069
   0.87255 -0.00404  0.19599
   0.88630 -0.00364  0.19183
   0.90004 -0.00323  0.18795
   0.91378 -0.00282  0.18403
   0.92752 -0.00241  0.17893
   0.94125 -0.00198  0.17855
   0.95497 -0.00155  0.17503
   0.96866 -0.00110  0.17446
   0.98210 -0.00064  0.17864
   0.99413 -0.00021  0.19911
   1.00000  0.00000  0.26175
