                                                
 Alfa =  10.00000 Re =  4000000.000 Xflap,Yflap =     0.000000    0.000000
#    x        y        Cp  
   1.00000  0.00000  0.33736
   0.99468  0.00242 -0.09576
   0.98467  0.00571 -0.11201
   0.97258  0.00922 -0.18777
   0.95981  0.01245 -0.22677
   0.94635  0.01551 -0.24327
   0.93257  0.01840 -0.25992
   0.91856  0.02118 -0.27409
   0.90442  0.02388 -0.28863
   0.89019  0.02651 -0.30549
   0.87592  0.02909 -0.32248
   0.86162  0.03162 -0.34101
   0.84730  0.03410 -0.35886
   0.83294  0.03654 -0.37687
   0.81856  0.03895 -0.39587
   0.80418  0.04133 -0.41739
   0.78980  0.04368 -0.43690
   0.77541  0.04599 -0.45762
   0.76100  0.04827 -0.47699
   0.74657  0.05054 -0.49976
   0.73214  0.05277 -0.52199
   0.71773  0.05498 -0.54782
   0.70332  0.05715 -0.57087
   0.68890  0.05929 -0.59474
   0.67447  0.06140 -0.62056
   0.66004  0.06348 -0.64621
   0.64560  0.06553 -0.67399
   0.63118  0.06754 -0.70326
   0.61676  0.06951 -0.73195
   0.60233  0.07144 -0.76111
   0.58789  0.07333 -0.79444
   0.57346  0.07519 -0.82849
   0.55905  0.07699 -0.86475
   0.54465  0.07874 -0.90060
   0.53025  0.08042 -0.93953
   0.51585  0.08204 -0.97564
   0.50144  0.08361 -1.01668
   0.48703  0.08511 -1.06090
   0.47265  0.08653 -1.10868
   0.45829  0.08787 -1.15761
   0.44396  0.08911 -1.20729
   0.42964  0.09025 -1.26072
   0.41533  0.09128 -1.31366
   0.40104  0.09219 -1.37035
   0.38678  0.09297 -1.43017
   0.37258  0.09360 -1.49055
   0.35839  0.09407 -1.54710
   0.34421  0.09437 -1.60440
   0.33005  0.09450 -1.66312
   0.31594  0.09445 -1.72462
   0.30187  0.09420 -1.78125
   0.28778  0.09375 -1.83298
   0.27370  0.09310 -1.89210
   0.25970  0.09225 -1.95890
   0.24580  0.09117 -2.02060
   0.23190  0.08984 -2.06985
   0.21801  0.08827 -2.12777
   0.20423  0.08648 -2.19859
   0.19059  0.08442 -2.25768
   0.17696  0.08206 -2.29746
   0.16334  0.07943 -2.35636
   0.14990  0.07655 -2.43145
   0.13660  0.07335 -2.47808
   0.12329  0.06983 -2.52907
   0.11015  0.06605 -2.62001
   0.09728  0.06196 -2.70361
   0.08450  0.05751 -2.78142
   0.07202  0.05275 -2.92898
   0.05998  0.04767 -3.06856
   0.04829  0.04219 -3.24412
   0.03738  0.03646 -3.51583
   0.02748  0.03050 -3.77509
   0.01907  0.02468 -4.13970
   0.01262  0.01953 -4.69873
   0.00816  0.01534 -5.38900
   0.00525  0.01203 -6.11968
   0.00330  0.00923 -6.40245
   0.00191  0.00676 -6.41085
   0.00088  0.00462 -7.19439
   0.00017  0.00280 -9.58341
  -0.00012  0.00121-12.23675
   0.00008 -0.00026-11.17415
   0.00088 -0.00173 -6.04148
   0.00221 -0.00323 -3.24558
   0.00407 -0.00476 -1.41668
   0.00657 -0.00640 -0.38854
   0.01000 -0.00823  0.26899
   0.01495 -0.01040  0.68546
   0.02213 -0.01308  0.90243
   0.03166 -0.01607  0.98869
   0.04333 -0.01909  0.99684
   0.05618 -0.02197  0.96882
   0.06956 -0.02462  0.92821
   0.08324 -0.02704  0.88412
   0.09705 -0.02923  0.84107
   0.11098 -0.03123  0.79996
   0.12503 -0.03306  0.76161
   0.13915 -0.03473  0.72550
   0.15330 -0.03625  0.69168
   0.16749 -0.03762  0.66079
   0.18174 -0.03887  0.63164
   0.19603 -0.03999  0.60481
   0.21035 -0.04100  0.57918
   0.22468 -0.04191  0.55493
   0.23901 -0.04270  0.53194
   0.25335 -0.04339  0.51075
   0.26771 -0.04397  0.49141
   0.28210 -0.04445  0.47235
   0.29649 -0.04484  0.45402
   0.31086 -0.04513  0.43633
   0.32523 -0.04531  0.42080
   0.33963 -0.04539  0.40627
   0.35402 -0.04538  0.39192
   0.36840 -0.04527  0.37821
   0.38277 -0.04505  0.36597
   0.39717 -0.04473  0.35537
   0.41157 -0.04432  0.34349
   0.42591 -0.04381  0.33169
   0.44020 -0.04318  0.32262
   0.45451 -0.04243  0.31650
   0.46887 -0.04157  0.31089
   0.48322 -0.04061  0.30433
   0.49752 -0.03955  0.29840
   0.51180 -0.03836  0.29527
   0.52610 -0.03706  0.29377
   0.54042 -0.03566  0.29157
   0.55470 -0.03416  0.28885
   0.56890 -0.03254  0.28900
   0.58307 -0.03079  0.29007
   0.59724 -0.02891  0.29592
   0.61139 -0.02690  0.30131
   0.62552 -0.02476  0.30996
   0.63965 -0.02249  0.32214
   0.65383 -0.02010  0.33693
   0.66809 -0.01760  0.35375
   0.68244 -0.01505  0.37053
   0.69681 -0.01245  0.38824
   0.71110 -0.00988  0.40828
   0.72531 -0.00737  0.42431
   0.73950 -0.00497  0.43817
   0.75367 -0.00268  0.45283
   0.76779 -0.00051  0.46489
   0.78185  0.00150  0.47669
   0.79594  0.00335  0.48453
   0.81005  0.00504  0.49396
   0.82409  0.00655  0.50351
   0.83808  0.00786  0.51030
   0.85210  0.00895  0.51606
   0.86610  0.00983  0.52261
   0.88002  0.01047  0.52867
   0.89391  0.01085  0.53110
   0.90775  0.01098  0.53662
   0.92145  0.01080  0.53967
   0.93503  0.01028  0.54281
   0.94828  0.00940  0.54545
   0.96124  0.00807  0.53904
   0.97355  0.00627  0.52954
   0.98524  0.00399  0.47712
   0.99480  0.00177  0.50302
   1.00000  0.00000  0.33736
