                                                
 Alfa =  10.00000 Re =  4000000.000 Xflap,Yflap =     0.000000    0.000000
#    x        y        Cp  
   1.00000  0.00000  0.39307
   0.99371  0.00029  0.34698
   0.98291  0.00117  0.26219
   0.97033  0.00239  0.19049
   0.95633  0.00373  0.14545
   0.94140  0.00508  0.11908
   0.92593  0.00644  0.10125
   0.91021  0.00782  0.08654
   0.89444  0.00925  0.07106
   0.87868  0.01074  0.05540
   0.86291  0.01230  0.03794
   0.84709  0.01393  0.01986
   0.83125  0.01561  0.00193
   0.81541  0.01735 -0.01519
   0.79958  0.01914 -0.03335
   0.78374  0.02098 -0.05345
   0.76787  0.02288 -0.07450
   0.75196  0.02482 -0.09425
   0.73603  0.02681 -0.11676
   0.72009  0.02882 -0.13734
   0.70415  0.03087 -0.16051
   0.68819  0.03295 -0.18411
   0.67220  0.03506 -0.20923
   0.65618  0.03719 -0.23485
   0.64012  0.03934 -0.26133
   0.62404  0.04150 -0.28906
   0.60794  0.04366 -0.31799
   0.59185  0.04583 -0.34759
   0.57578  0.04799 -0.37953
   0.55975  0.05013 -0.41154
   0.54376  0.05225 -0.44563
   0.52780  0.05434 -0.48059
   0.51187  0.05639 -0.51728
   0.49597  0.05841 -0.55538
   0.48011  0.06038 -0.59543
   0.46429  0.06230 -0.63775
   0.44851  0.06415 -0.68057
   0.43278  0.06594 -0.72813
   0.41710  0.06764 -0.77605
   0.40149  0.06926 -0.82625
   0.38593  0.07077 -0.87891
   0.37042  0.07218 -0.93359
   0.35497  0.07346 -0.99052
   0.33959  0.07462 -1.05119
   0.32428  0.07563 -1.11533
   0.30906  0.07649 -1.18224
   0.29396  0.07718 -1.25495
   0.27901  0.07768 -1.32880
   0.26421  0.07797 -1.40529
   0.24953  0.07802 -1.47935
   0.23496  0.07784 -1.55292
   0.22050  0.07740 -1.62736
   0.20616  0.07669 -1.70325
   0.19198  0.07571 -1.77967
   0.17796  0.07445 -1.85688
   0.16411  0.07287 -1.93147
   0.15046  0.07099 -2.00506
   0.13698  0.06878 -2.07560
   0.12372  0.06624 -2.14694
   0.11073  0.06338 -2.22466
   0.09813  0.06023 -2.30973
   0.08602  0.05678 -2.39895
   0.07451  0.05309 -2.48973
   0.06376  0.04920 -2.58594
   0.05391  0.04521 -2.68791
   0.04512  0.04123 -2.79351
   0.03744  0.03735 -2.91454
   0.03087  0.03367 -3.03473
   0.02531  0.03021 -3.14917
   0.02063  0.02698 -3.26223
   0.01671  0.02398 -3.36716
   0.01339  0.02118 -3.46364
   0.01058  0.01856 -3.59442
   0.00821  0.01610 -3.70582
   0.00622  0.01378 -3.80476
   0.00453  0.01158 -3.92182
   0.00313  0.00948 -4.10778
   0.00201  0.00748 -4.26280
   0.00114  0.00556 -4.34210
   0.00051  0.00369 -4.39594
   0.00012  0.00189 -4.45752
  -0.00001  0.00015 -4.34654
   0.00017 -0.00156 -4.97812
   0.00099 -0.00315 -2.68414
   0.00231 -0.00454 -0.85541
   0.00395 -0.00581 -0.03993
   0.00584 -0.00706  0.38829
   0.00800 -0.00830  0.65534
   0.01048 -0.00955  0.81536
   0.01333 -0.01084  0.91394
   0.01664 -0.01217  0.97047
   0.02050 -0.01356  0.99586
   0.02504 -0.01504  0.99892
   0.03043 -0.01665  0.98502
   0.03690 -0.01838  0.95779
   0.04466 -0.02024  0.92032
   0.05392 -0.02223  0.87546
   0.06475 -0.02430  0.82705
   0.07701 -0.02641  0.77760
   0.09041 -0.02849  0.73033
   0.10462 -0.03050  0.68608
   0.11942 -0.03243  0.64587
   0.13459 -0.03427  0.60885
   0.15001 -0.03603  0.57432
   0.16557 -0.03772  0.54267
   0.18123 -0.03933  0.51232
   0.19693 -0.04088  0.48393
   0.21267 -0.04235  0.45732
   0.22843 -0.04376  0.43193
   0.24422 -0.04510  0.40783
   0.26001 -0.04638  0.38413
   0.27579 -0.04758  0.36119
   0.29155 -0.04872  0.34026
   0.30731 -0.04978  0.31950
   0.32308 -0.05076  0.29990
   0.33887 -0.05167  0.28185
   0.35466 -0.05251  0.26371
   0.37046 -0.05328  0.24597
   0.38625 -0.05398  0.22904
   0.40204 -0.05460  0.21268
   0.41783 -0.05515  0.19684
   0.43362 -0.05563  0.18179
   0.44942 -0.05603  0.16677
   0.46521 -0.05636  0.15192
   0.48099 -0.05661  0.13707
   0.49675 -0.05678  0.12376
   0.51250 -0.05688  0.11014
   0.52825 -0.05689  0.09585
   0.54399 -0.05681  0.08436
   0.55972 -0.05666  0.07028
   0.57542 -0.05642  0.05783
   0.59110 -0.05609  0.04565
   0.60674 -0.05566  0.03217
   0.62235 -0.05514  0.02053
   0.63791 -0.05451  0.00854
   0.65343 -0.05378 -0.00399
   0.66889 -0.05293 -0.01715
   0.68427 -0.05196 -0.02731
   0.69951 -0.05086 -0.04169
   0.71458 -0.04961 -0.05298
   0.72946 -0.04819 -0.06244
   0.74418 -0.04656 -0.06460
   0.75881 -0.04472 -0.06128
   0.77343 -0.04264 -0.05287
   0.78813 -0.04032 -0.03432
   0.80302 -0.03777 -0.01182
   0.81813 -0.03501  0.01381
   0.83343 -0.03210  0.03780
   0.84888 -0.02906  0.06287
   0.86446 -0.02593  0.08765
   0.88016 -0.02273  0.11161
   0.89593 -0.01951  0.13674
   0.91163 -0.01632  0.15914
   0.92716 -0.01319  0.18242
   0.94241 -0.01015  0.20569
   0.95715 -0.00726  0.23386
   0.97092 -0.00461  0.26949
   0.98320 -0.00238  0.31998
   0.99377 -0.00073  0.37867
   1.00000  0.00000  0.39307
