                                                
 Alfa =  10.00000 Re =  4000000.000 Xflap,Yflap =     0.000000    0.000000
#    x        y        Cp  
   1.00000  0.00000  0.41563
   0.99363  0.00188  0.25411
   0.98302  0.00508  0.08818
   0.97119  0.00827  0.00119
   0.95809  0.01135 -0.02640
   0.94367  0.01446 -0.04161
   0.92833  0.01767 -0.06302
   0.91256  0.02091 -0.08555
   0.89652  0.02418 -0.10765
   0.88033  0.02748 -0.13346
   0.86410  0.03080 -0.15693
   0.84787  0.03412 -0.18365
   0.83163  0.03745 -0.21083
   0.81539  0.04079 -0.23791
   0.79914  0.04414 -0.26615
   0.78288  0.04750 -0.29655
   0.76662  0.05087 -0.32654
   0.75036  0.05424 -0.35925
   0.73412  0.05760 -0.39234
   0.71788  0.06095 -0.42756
   0.70167  0.06429 -0.46361
   0.68547  0.06760 -0.50123
   0.66931  0.07089 -0.54105
   0.65317  0.07414 -0.58247
   0.63707  0.07735 -0.62572
   0.62099  0.08052 -0.67091
   0.60495  0.08363 -0.71818
   0.58894  0.08667 -0.76790
   0.57297  0.08965 -0.81950
   0.55704  0.09254 -0.87426
   0.54115  0.09535 -0.93219
   0.52531  0.09805 -0.99153
   0.50951  0.10064 -1.05460
   0.49376  0.10311 -1.12048
   0.47806  0.10544 -1.19110
   0.46244  0.10763 -1.26691
   0.44692  0.10964 -1.34668
   0.43152  0.11146 -1.42978
   0.41628  0.11306 -1.51763
   0.40121  0.11441 -1.60495
   0.38628  0.11549 -1.68684
   0.37146  0.11627 -1.75929
   0.35669  0.11676 -1.82460
   0.34195  0.11694 -1.88184
   0.32720  0.11682 -1.92807
   0.31242  0.11639 -1.96744
   0.29762  0.11566 -2.00468
   0.28279  0.11465 -2.03983
   0.26798  0.11335 -2.07413
   0.25318  0.11177 -2.10830
   0.23841  0.10992 -2.14286
   0.22369  0.10778 -2.18039
   0.20906  0.10538 -2.22144
   0.19455  0.10270 -2.26633
   0.18018  0.09974 -2.31093
   0.16596  0.09649 -2.35776
   0.15192  0.09295 -2.40697
   0.13808  0.08911 -2.46259
   0.12453  0.08500 -2.52475
   0.11131  0.08059 -2.58845
   0.09849  0.07589 -2.65784
   0.08614  0.07094 -2.73109
   0.07438  0.06575 -2.81196
   0.06338  0.06041 -2.89707
   0.05327  0.05501 -2.99475
   0.04421  0.04967 -3.08786
   0.03631  0.04452 -3.18944
   0.02955  0.03966 -3.28388
   0.02387  0.03514 -3.38250
   0.01913  0.03099 -3.48100
   0.01521  0.02719 -3.56940
   0.01197  0.02373 -3.67981
   0.00929  0.02056 -3.80310
   0.00709  0.01764 -3.89333
   0.00528  0.01493 -3.96167
   0.00380  0.01239 -4.01493
   0.00260  0.01001 -4.06791
   0.00163  0.00778 -4.13414
   0.00089  0.00569 -4.43294
   0.00038  0.00371 -4.52506
   0.00010  0.00181 -4.35348
   0.00001  0.00004 -4.69025
   0.00021 -0.00175 -4.90046
   0.00092 -0.00351 -3.12526
   0.00202 -0.00523 -1.69872
   0.00342 -0.00694 -0.85454
   0.00510 -0.00867 -0.27949
   0.00708 -0.01044  0.12967
   0.00939 -0.01229  0.42181
   0.01211 -0.01423  0.63249
   0.01530 -0.01629  0.78396
   0.01908 -0.01847  0.88938
   0.02358 -0.02082  0.95569
   0.02892 -0.02337  0.99043
   0.03533 -0.02614  0.99993
   0.04299 -0.02913  0.98835
   0.05204 -0.03232  0.95999
   0.06251 -0.03563  0.91960
   0.07424 -0.03896  0.87220
   0.08703 -0.04223  0.82180
   0.10061 -0.04536  0.77119
   0.11475 -0.04832  0.72179
   0.12926 -0.05107  0.67488
   0.14403 -0.05361  0.63020
   0.15900 -0.05594  0.58844
   0.17411 -0.05806  0.54848
   0.18932 -0.05998  0.51115
   0.20459 -0.06169  0.47548
   0.21992 -0.06321  0.44166
   0.23528 -0.06453  0.40953
   0.25064 -0.06564  0.37818
   0.26598 -0.06655  0.34835
   0.28128 -0.06724  0.31977
   0.29648 -0.06771  0.29267
   0.31158 -0.06793  0.26772
   0.32658 -0.06789  0.24643
   0.34153 -0.06757  0.23068
   0.35648 -0.06697  0.21827
   0.37145 -0.06611  0.21159
   0.38650 -0.06497  0.20914
   0.40166 -0.06357  0.21149
   0.41695 -0.06194  0.21598
   0.43239 -0.06010  0.22366
   0.44799 -0.05806  0.23269
   0.46375 -0.05586  0.24335
   0.47964 -0.05353  0.25311
   0.49566 -0.05109  0.26338
   0.51177 -0.04858  0.27344
   0.52797 -0.04600  0.28273
   0.54425 -0.04338  0.29226
   0.56059 -0.04073  0.30095
   0.57696 -0.03806  0.31007
   0.59331 -0.03540  0.31827
   0.60961 -0.03276  0.32719
   0.62585 -0.03017  0.33494
   0.64205 -0.02761  0.34248
   0.65821 -0.02511  0.34936
   0.67434 -0.02267  0.35638
   0.69045 -0.02029  0.36299
   0.70653 -0.01798  0.36953
   0.72256 -0.01575  0.37530
   0.73857 -0.01361  0.38171
   0.75453 -0.01156  0.38736
   0.77045 -0.00962  0.39257
   0.78635 -0.00778  0.39763
   0.80220 -0.00607  0.40200
   0.81802 -0.00448  0.40651
   0.83381 -0.00303  0.41047
   0.84954 -0.00172  0.41420
   0.86521 -0.00056  0.41754
   0.88080  0.00043  0.42065
   0.89629  0.00124  0.42332
   0.91164  0.00185  0.42516
   0.92681  0.00226  0.42633
   0.94170  0.00244  0.42691
   0.95611  0.00239  0.42722
   0.96976  0.00210  0.42590
   0.98229  0.00154  0.42705
   0.99341  0.00072  0.43814
   1.00000  0.00000  0.41563
