                                                
 Alfa =  10.00000 Re =  4000000.000 Xflap,Yflap =     0.000000    0.000000
#    x        y        Cp  
   1.00000  0.00000  0.41440
   0.99413  0.00050  0.35697
   0.98398  0.00171  0.27000
   0.97204  0.00335  0.18773
   0.95860  0.00517  0.13154
   0.94409  0.00699  0.09623
   0.92880  0.00879  0.07798
   0.91299  0.01062  0.06196
   0.89696  0.01249  0.04550
   0.88092  0.01441  0.02809
   0.86490  0.01638  0.00992
   0.84888  0.01841 -0.00888
   0.83284  0.02049 -0.02765
   0.81677  0.02263 -0.04863
   0.80068  0.02482 -0.06885
   0.78458  0.02705 -0.08949
   0.76847  0.02932 -0.11193
   0.75236  0.03164 -0.13452
   0.73622  0.03400 -0.15799
   0.72005  0.03639 -0.18240
   0.70384  0.03882 -0.20867
   0.68761  0.04127 -0.23502
   0.67136  0.04374 -0.26201
   0.65508  0.04623 -0.29124
   0.63878  0.04874 -0.32204
   0.62247  0.05125 -0.35177
   0.60616  0.05375 -0.38582
   0.58988  0.05625 -0.41962
   0.57364  0.05873 -0.45528
   0.55744  0.06118 -0.49329
   0.54128  0.06359 -0.53186
   0.52514  0.06597 -0.57196
   0.50905  0.06830 -0.61474
   0.49303  0.07058 -0.65974
   0.47712  0.07278 -0.70718
   0.46130  0.07490 -0.75575
   0.44546  0.07694 -0.80476
   0.42954  0.07891 -0.85501
   0.41357  0.08081 -0.91110
   0.39779  0.08260 -0.97769
   0.38246  0.08425 -1.05795
   0.36757  0.08568 -1.13286
   0.35285  0.08687 -1.19045
   0.33791  0.08785 -1.21868
   0.32249  0.08870 -1.24949
   0.30679  0.08950 -1.29801
   0.29149  0.09028 -1.42329
   0.27710  0.09090 -1.58637
   0.26338  0.09117 -1.70201
   0.24974  0.09106 -1.75752
   0.23581  0.09060 -1.79930
   0.22161  0.08986 -1.85624
   0.20746  0.08883 -1.92954
   0.19359  0.08752 -2.00492
   0.17996  0.08590 -2.06958
   0.16649  0.08395 -2.12962
   0.15314  0.08168 -2.18688
   0.13994  0.07908 -2.24488
   0.12696  0.07615 -2.30227
   0.11429  0.07292 -2.36698
   0.10198  0.06939 -2.43160
   0.09011  0.06557 -2.49706
   0.07875  0.06148 -2.55946
   0.06801  0.05718 -2.63114
   0.05807  0.05276 -2.71045
   0.04904  0.04831 -2.78795
   0.04101  0.04391 -2.86432
   0.03400  0.03964 -2.93298
   0.02797  0.03559 -3.00580
   0.02285  0.03180 -3.07642
   0.01854  0.02827 -3.13432
   0.01492  0.02500 -3.20394
   0.01187  0.02195 -3.26641
   0.00931  0.01912 -3.30505
   0.00716  0.01646 -3.35354
   0.00536  0.01397 -3.41399
   0.00387  0.01162 -3.44992
   0.00265  0.00939 -3.45846
   0.00168  0.00728 -3.47561
   0.00092  0.00526 -3.52659
   0.00039  0.00333 -3.53521
   0.00008  0.00148 -3.51338
   0.00001 -0.00029 -3.36700
   0.00019 -0.00204 -3.43766
   0.00083 -0.00374 -3.08576
   0.00214 -0.00511 -0.78740
   0.00380 -0.00631  0.02443
   0.00574 -0.00741  0.48251
   0.00795 -0.00847  0.72248
   0.01046 -0.00953  0.86107
   0.01333 -0.01061  0.94162
   0.01666 -0.01170  0.98386
   0.02054 -0.01284  0.99937
   0.02513 -0.01401  0.99544
   0.03060 -0.01523  0.97712
   0.03717 -0.01654  0.94780
   0.04513 -0.01793  0.90997
   0.05467 -0.01939  0.86680
   0.06589 -0.02090  0.82071
   0.07864 -0.02239  0.77533
   0.09261 -0.02384  0.73234
   0.10748 -0.02524  0.69288
   0.12294 -0.02658  0.65659
   0.13875 -0.02788  0.62294
   0.15473 -0.02913  0.59199
   0.17081 -0.03033  0.56279
   0.18694 -0.03148  0.53594
   0.20309 -0.03259  0.51050
   0.21927 -0.03365  0.48638
   0.23546 -0.03466  0.46407
   0.25164 -0.03563  0.44218
   0.26781 -0.03655  0.42164
   0.28397 -0.03741  0.40183
   0.30012 -0.03822  0.38323
   0.31627 -0.03898  0.36506
   0.33243 -0.03968  0.34877
   0.34859 -0.04033  0.33202
   0.36476 -0.04093  0.31621
   0.38093 -0.04148  0.30150
   0.39710 -0.04197  0.28644
   0.41326 -0.04241  0.27236
   0.42941 -0.04279  0.25854
   0.44557 -0.04312  0.24520
   0.46173 -0.04339  0.23303
   0.47789 -0.04361  0.21994
   0.49406 -0.04377  0.20823
   0.51022 -0.04388  0.19617
   0.52637 -0.04394  0.18425
   0.54250 -0.04393  0.17232
   0.55862 -0.04387  0.16121
   0.57473 -0.04374  0.14964
   0.59082 -0.04355  0.13902
   0.60691 -0.04330  0.12882
   0.62297 -0.04298  0.11689
   0.63901 -0.04259  0.10705
   0.65502 -0.04213  0.09611
   0.67098 -0.04160  0.08603
   0.68689 -0.04098  0.07453
   0.70276 -0.04028  0.06515
   0.71859 -0.03948  0.05474
   0.73435 -0.03859  0.04526
   0.75004 -0.03760  0.03337
   0.76560 -0.03649  0.02414
   0.78096 -0.03527  0.01114
   0.79605 -0.03390  0.00020
   0.81084 -0.03235 -0.00718
   0.82539 -0.03059 -0.00576
   0.83982 -0.02858  0.00328
   0.85426 -0.02630  0.02249
   0.86892 -0.02374  0.05269
   0.88394 -0.02090  0.09015
   0.89933 -0.01788  0.12655
   0.91492 -0.01475  0.16582
   0.93044 -0.01165  0.19950
   0.94552 -0.00868  0.23511
   0.95978 -0.00596  0.27188
   0.97280 -0.00362  0.31278
   0.98428 -0.00179  0.35611
   0.99417 -0.00051  0.40352
   1.00000  0.00000  0.41440
