                                                
 Alfa =  10.00000 Re =  4000000.000 Xflap,Yflap =     0.000000    0.000000
#    x        y        Cp  
   0.99839  0.01595  0.33638
   0.99255  0.01584  0.30940
   0.98185  0.01583  0.30489
   0.96899  0.01616  0.29894
   0.95544  0.01687  0.28805
   0.94212  0.01791  0.27300
   0.92886  0.01926  0.25341
   0.91539  0.02090  0.23070
   0.90153  0.02285  0.20303
   0.88723  0.02511  0.17057
   0.87253  0.02763  0.13335
   0.85755  0.03038  0.09363
   0.84237  0.03328  0.05019
   0.82709  0.03627  0.00566
   0.81181  0.03927 -0.03515
   0.79655  0.04226 -0.07363
   0.78128  0.04522 -0.10746
   0.76600  0.04818 -0.14262
   0.75075  0.05110 -0.17852
   0.73552  0.05398 -0.21202
   0.72028  0.05684 -0.24583
   0.70504  0.05967 -0.28089
   0.68981  0.06246 -0.31587
   0.67460  0.06521 -0.35232
   0.65939  0.06792 -0.38819
   0.64420  0.07058 -0.42747
   0.62904  0.07318 -0.46764
   0.61391  0.07572 -0.50850
   0.59881  0.07820 -0.55151
   0.58374  0.08059 -0.59610
   0.56872  0.08289 -0.64150
   0.55374  0.08509 -0.68933
   0.53882  0.08718 -0.73780
   0.52395  0.08914 -0.78519
   0.50912  0.09096 -0.83488
   0.49433  0.09263 -0.88161
   0.47957  0.09416 -0.92937
   0.46485  0.09551 -0.97568
   0.45013  0.09671 -1.02033
   0.43543  0.09773 -1.06512
   0.42077  0.09857 -1.10987
   0.40616  0.09922 -1.15430
   0.39157  0.09968 -1.19387
   0.37697  0.09995 -1.23107
   0.36238  0.10001 -1.26967
   0.34784  0.09989 -1.30907
   0.33336  0.09954 -1.34486
   0.31890  0.09899 -1.37509
   0.30443  0.09821 -1.40383
   0.28997  0.09722 -1.43030
   0.27553  0.09602 -1.45658
   0.26107  0.09461 -1.48082
   0.24663  0.09299 -1.50779
   0.23224  0.09118 -1.53970
   0.21795  0.08915 -1.57135
   0.20372  0.08691 -1.60183
   0.18954  0.08445 -1.63517
   0.17549  0.08177 -1.67545
   0.16158  0.07886 -1.71210
   0.14777  0.07571 -1.75116
   0.13413  0.07232 -1.80240
   0.12076  0.06870 -1.85901
   0.10766  0.06482 -1.91491
   0.09488  0.06066 -1.96740
   0.08240  0.05622 -2.02148
   0.07026  0.05151 -2.09872
   0.05910  0.04677 -2.27590
   0.04920  0.04196 -2.33389
   0.03973  0.03670 -2.15849
   0.03110  0.03175 -2.39549
   0.02431  0.02753 -2.76774
   0.01913  0.02377 -3.05125
   0.01507  0.02017 -2.97121
   0.01177  0.01672 -2.67486
   0.00904  0.01357 -2.43635
   0.00677  0.01082 -2.30905
   0.00483  0.00848 -2.39485
   0.00313  0.00649 -3.09136
   0.00176  0.00468 -4.10729
   0.00079  0.00295 -4.68939
   0.00021  0.00125 -4.62364
  -0.00003 -0.00042 -4.12610
   0.00005 -0.00208 -3.27599
   0.00044 -0.00375 -2.37754
   0.00118 -0.00540 -1.44000
   0.00232 -0.00697 -0.49710
   0.00386 -0.00847  0.17675
   0.00577 -0.00991  0.57681
   0.00810 -0.01129  0.81103
   0.01094 -0.01266  0.93605
   0.01440 -0.01407  0.98988
   0.01869 -0.01559  0.99905
   0.02400 -0.01727  0.97729
   0.03042 -0.01902  0.93092
   0.03797 -0.02060  0.86850
   0.04704 -0.02186  0.81791
   0.05814 -0.02312  0.76116
   0.07017 -0.02434  0.69216
   0.08302 -0.02518  0.64714
   0.09699 -0.02578  0.60671
   0.11144 -0.02619  0.56962
   0.12609 -0.02644  0.53677
   0.14089 -0.02654  0.50894
   0.15584 -0.02648  0.48615
   0.17096 -0.02630  0.46673
   0.18619 -0.02604  0.44774
   0.20143 -0.02570  0.43126
   0.21674 -0.02528  0.41736
   0.23212 -0.02481  0.40426
   0.24752 -0.02428  0.39236
   0.26297 -0.02371  0.38200
   0.27847 -0.02310  0.37231
   0.29399 -0.02246  0.36268
   0.30950 -0.02180  0.35342
   0.32503 -0.02111  0.34647
   0.34062 -0.02041  0.33947
   0.35622 -0.01970  0.33167
   0.37180 -0.01898  0.32404
   0.38738 -0.01825  0.31826
   0.40299 -0.01751  0.31236
   0.41861 -0.01678  0.30646
   0.43423 -0.01604  0.30056
   0.44985 -0.01532  0.29483
   0.46548 -0.01459  0.28870
   0.48110 -0.01387  0.28329
   0.49670 -0.01316  0.27841
   0.51228 -0.01246  0.27308
   0.52786 -0.01177  0.26755
   0.54345 -0.01110  0.26195
   0.55903 -0.01043  0.25655
   0.57461 -0.00978  0.25073
   0.59018 -0.00915  0.24543
   0.60575 -0.00852  0.23960
   0.62133 -0.00792  0.23392
   0.63690 -0.00733  0.22779
   0.65245 -0.00676  0.22193
   0.66799 -0.00621  0.21557
   0.68353 -0.00568  0.20807
   0.69908 -0.00517  0.20071
   0.71465 -0.00468  0.19282
   0.73020 -0.00421  0.18424
   0.74571 -0.00376  0.17534
   0.76123 -0.00334  0.16419
   0.77678 -0.00294  0.15049
   0.79225 -0.00255  0.14002
   0.80744 -0.00221  0.11777
   0.82225 -0.00188  0.08001
   0.83679 -0.00139  0.06150
   0.85128 -0.00071  0.05047
   0.86583  0.00017  0.04283
   0.88047  0.00124  0.04274
   0.89510  0.00251  0.04497
   0.90955  0.00395  0.05372
   0.92373  0.00553  0.06671
   0.93776  0.00724  0.08335
   0.95198  0.00910  0.10482
   0.96686  0.01117  0.13386
   0.98120  0.01328  0.17317
   0.99253  0.01503  0.22656
   0.99839  0.01595  0.33638
