                                                
 Alfa =  10.00000 Re =  4000000.000 Xflap,Yflap =     0.000000    0.000000
#    x        y        Cp  
   1.00000  0.00000  0.50787
   0.99436  0.00155  0.30593
   0.98500  0.00409  0.20266
   0.97435  0.00692  0.12611
   0.96219  0.01010  0.05917
   0.94851  0.01359 -0.00415
   0.93372  0.01726 -0.06546
   0.91861  0.02089 -0.12214
   0.90371  0.02431 -0.17225
   0.88911  0.02751 -0.21317
   0.87468  0.03052 -0.24603
   0.86024  0.03340 -0.27519
   0.84570  0.03617 -0.30247
   0.83099  0.03888 -0.32604
   0.81606  0.04154 -0.34894
   0.80092  0.04415 -0.37301
   0.78561  0.04673 -0.39816
   0.77020  0.04926 -0.42568
   0.75476  0.05173 -0.45250
   0.73933  0.05413 -0.48066
   0.72396  0.05644 -0.50699
   0.70864  0.05867 -0.53574
   0.69339  0.06082 -0.56193
   0.67819  0.06287 -0.58837
   0.66302  0.06484 -0.61385
   0.64787  0.06673 -0.64027
   0.63272  0.06853 -0.66488
   0.61755  0.07024 -0.68798
   0.60234  0.07187 -0.71132
   0.58707  0.07341 -0.73050
   0.57172  0.07487 -0.74763
   0.55627  0.07628 -0.76471
   0.54074  0.07763 -0.78320
   0.52513  0.07895 -0.80253
   0.50948  0.08024 -0.82599
   0.49381  0.08152 -0.85532
   0.47818  0.08279 -0.89361
   0.46264  0.08402 -0.93630
   0.44718  0.08520 -0.98217
   0.43182  0.08631 -1.03121
   0.41654  0.08733 -1.08217
   0.40132  0.08826 -1.13358
   0.38611  0.08907 -1.18458
   0.37087  0.08978 -1.23553
   0.35558  0.09036 -1.28858
   0.34025  0.09081 -1.34518
   0.32491  0.09114 -1.40425
   0.30962  0.09133 -1.47000
   0.29445  0.09139 -1.54620
   0.27951  0.09130 -1.63649
   0.26484  0.09102 -1.73273
   0.25047  0.09052 -1.82955
   0.23638  0.08977 -1.92403
   0.22250  0.08873 -2.01235
   0.20875  0.08737 -2.09113
   0.19504  0.08564 -2.14205
   0.18125  0.08353 -2.15889
   0.16726  0.08105 -2.16772
   0.15304  0.07825 -2.18836
   0.13862  0.07518 -2.26519
   0.12421  0.07183 -2.38483
   0.11017  0.06821 -2.52255
   0.09701  0.06440 -2.67759
   0.08499  0.06045 -2.86002
   0.07376  0.05617 -2.98429
   0.06244  0.05110 -2.94629
   0.05083  0.04524 -2.90637
   0.04082  0.03975 -3.09077
   0.03299  0.03498 -3.30916
   0.02648  0.03046 -3.45961
   0.02057  0.02565 -3.28154
   0.01506  0.02068 -3.03130
   0.01078  0.01674 -3.26995
   0.00767  0.01381 -3.83703
   0.00538  0.01146 -4.42371
   0.00364  0.00944 -5.04371
   0.00231  0.00763 -5.67674
   0.00131  0.00596 -6.28819
   0.00059  0.00439 -6.80579
   0.00014  0.00289 -7.07595
  -0.00006  0.00144 -6.88351
  -0.00000  0.00001 -6.09926
   0.00033 -0.00142 -4.70381
   0.00093 -0.00285 -3.27904
   0.00179 -0.00430 -2.10015
   0.00294 -0.00577 -1.16029
   0.00439 -0.00728 -0.45508
   0.00620 -0.00881  0.07134
   0.00845 -0.01038  0.45340
   0.01125 -0.01193  0.72266
   0.01475 -0.01334  0.89977
   0.01916 -0.01443  0.98629
   0.02486 -0.01510  0.99823
   0.03237 -0.01555  0.97348
   0.04231 -0.01580  0.93094
   0.05447 -0.01585  0.88559
   0.06777 -0.01588  0.84508
   0.08129 -0.01612  0.80214
   0.09479 -0.01650  0.74900
   0.10838 -0.01662  0.70465
   0.12233 -0.01634  0.67548
   0.13688 -0.01575  0.65414
   0.15206 -0.01495  0.63730
   0.16764 -0.01405  0.61899
   0.18326 -0.01310  0.60240
   0.19873 -0.01209  0.58854
   0.21403 -0.01103  0.57858
   0.22923 -0.00991  0.57125
   0.24438 -0.00878  0.56595
   0.25953 -0.00766  0.56196
   0.27471 -0.00657  0.55877
   0.28991 -0.00554  0.55594
   0.30512 -0.00460  0.55317
   0.32033 -0.00377  0.54906
   0.33551 -0.00307  0.54493
   0.35064 -0.00249  0.53993
   0.36572 -0.00206  0.53466
   0.38076 -0.00176  0.52834
   0.39578 -0.00161  0.52129
   0.41082 -0.00162  0.51213
   0.42591 -0.00178  0.50135
   0.44107 -0.00207  0.48921
   0.45632 -0.00248  0.47565
   0.47165 -0.00300  0.46143
   0.48705 -0.00362  0.44581
   0.50249 -0.00431  0.42897
   0.51792 -0.00506  0.40959
   0.53329 -0.00583  0.39043
   0.54858 -0.00659  0.37038
   0.56379 -0.00729  0.35114
   0.57892 -0.00792  0.33279
   0.59400 -0.00843  0.31660
   0.60905 -0.00881  0.30597
   0.62414 -0.00905  0.29892
   0.63929 -0.00917  0.29497
   0.65454 -0.00920  0.29214
   0.66990 -0.00917  0.29093
   0.68541 -0.00909  0.28945
   0.70105 -0.00899  0.28758
   0.71674 -0.00890  0.28328
   0.73232 -0.00881  0.27796
   0.74783 -0.00872  0.27233
   0.76330 -0.00863  0.26540
   0.77880 -0.00853  0.25919
   0.79441 -0.00844  0.25140
   0.81006 -0.00833  0.24090
   0.82542 -0.00820  0.23079
   0.84048 -0.00802  0.22125
   0.85529 -0.00777  0.21167
   0.86993 -0.00742  0.20516
   0.88453 -0.00696  0.20145
   0.89928 -0.00634  0.20296
   0.91441 -0.00554  0.21452
   0.92999 -0.00458  0.23222
   0.94555 -0.00355  0.25254
   0.96016 -0.00258  0.27207
   0.97311 -0.00173  0.29197
   0.98436 -0.00100  0.32178
   0.99414 -0.00037  0.37107
   1.00000  0.00000  0.50787
