                                                
 Alfa =  10.00000 Re =  4000000.000 Xflap,Yflap =     0.000000    0.000000
#    x        y        Cp  
   1.00000  0.00000  0.32350
   0.99402  0.00116  0.22260
   0.98409  0.00310  0.16524
   0.97274  0.00532  0.12216
   0.95970  0.00789  0.08363
   0.94493  0.01084  0.04437
   0.92886  0.01407  0.00757
   0.91228  0.01744 -0.02853
   0.89566  0.02085 -0.06373
   0.87900  0.02432 -0.10082
   0.86218  0.02784 -0.13833
   0.84517  0.03141 -0.17640
   0.82807  0.03499 -0.21490
   0.81102  0.03855 -0.25293
   0.79405  0.04208 -0.29259
   0.77717  0.04556 -0.33418
   0.76039  0.04898 -0.37488
   0.74367  0.05233 -0.41626
   0.72701  0.05561 -0.45780
   0.71039  0.05880 -0.49843
   0.69380  0.06191 -0.54081
   0.67725  0.06493 -0.58271
   0.66072  0.06786 -0.62578
   0.64424  0.07068 -0.66909
   0.62781  0.07339 -0.71429
   0.61143  0.07599 -0.75913
   0.59509  0.07846 -0.80454
   0.57878  0.08080 -0.85027
   0.56250  0.08301 -0.89610
   0.54625  0.08508 -0.94336
   0.53007  0.08700 -0.99243
   0.51398  0.08876 -1.04119
   0.49794  0.09036 -1.09125
   0.48192  0.09178 -1.13925
   0.46589  0.09304 -1.18756
   0.44993  0.09412 -1.24011
   0.43417  0.09500 -1.29864
   0.41870  0.09566 -1.35765
   0.40346  0.09607 -1.40893
   0.38829  0.09621 -1.43967
   0.37297  0.09607 -1.45613
   0.35738  0.09571 -1.46797
   0.34157  0.09514 -1.48714
   0.32568  0.09438 -1.51592
   0.30986  0.09344 -1.54668
   0.29415  0.09230 -1.57807
   0.27851  0.09096 -1.60751
   0.26289  0.08942 -1.63764
   0.24728  0.08768 -1.66900
   0.23168  0.08573 -1.70368
   0.21614  0.08358 -1.74064
   0.20068  0.08123 -1.78290
   0.18536  0.07869 -1.83149
   0.17023  0.07595 -1.88659
   0.15533  0.07301 -1.94730
   0.14065  0.06987 -2.01423
   0.12623  0.06651 -2.08997
   0.11217  0.06295 -2.17356
   0.09862  0.05922 -2.26970
   0.08578  0.05538 -2.38392
   0.07390  0.05153 -2.51614
   0.06320  0.04775 -2.66640
   0.05376  0.04413 -2.82601
   0.04547  0.04066 -2.99542
   0.03819  0.03736 -3.18721
   0.03187  0.03424 -3.38407
   0.02647  0.03136 -3.58986
   0.02189  0.02872 -3.84374
   0.01799  0.02630 -4.18199
   0.01466  0.02405 -4.53144
   0.01181  0.02191 -4.86176
   0.00935  0.01985 -5.16409
   0.00722  0.01785 -5.45585
   0.00537  0.01591 -5.82348
   0.00379  0.01402 -6.48679
   0.00248  0.01211 -6.79552
   0.00146  0.01015 -6.64588
   0.00069  0.00819 -6.36685
   0.00015  0.00624 -6.02767
  -0.00016  0.00432 -5.60403
  -0.00024  0.00243 -5.10863
  -0.00010  0.00058 -4.48701
   0.00030 -0.00124 -3.65469
   0.00094 -0.00303 -2.73754
   0.00183 -0.00482 -1.90367
   0.00298 -0.00659 -1.18674
   0.00441 -0.00836 -0.59481
   0.00612 -0.01011 -0.12400
   0.00811 -0.01180  0.24250
   0.01038 -0.01342  0.51874
   0.01299 -0.01500  0.71302
   0.01599 -0.01657  0.84349
   0.01943 -0.01816  0.92651
   0.02342 -0.01977  0.97506
   0.02808 -0.02144  0.99679
   0.03357 -0.02324  0.99871
   0.04005 -0.02516  0.98514
   0.04763 -0.02719  0.95941
   0.05640 -0.02930  0.92502
   0.06648 -0.03148  0.88436
   0.07799 -0.03372  0.83988
   0.09087 -0.03598  0.79328
   0.10483 -0.03818  0.74700
   0.11956 -0.04027  0.70250
   0.13483 -0.04221  0.66099
   0.15044 -0.04400  0.62262
   0.16626 -0.04564  0.58644
   0.18223 -0.04713  0.55275
   0.19831 -0.04847  0.52123
   0.21450 -0.04967  0.49205
   0.23077 -0.05072  0.46443
   0.24710 -0.05164  0.43860
   0.26344 -0.05242  0.41376
   0.27974 -0.05307  0.39000
   0.29601 -0.05357  0.36772
   0.31229 -0.05393  0.34767
   0.32865 -0.05414  0.32880
   0.34506 -0.05422  0.31078
   0.36136 -0.05416  0.29127
   0.37739 -0.05396  0.27126
   0.39313 -0.05358  0.25379
   0.40873 -0.05297  0.24386
   0.42445 -0.05212  0.24077
   0.44045 -0.05107  0.24079
   0.45675 -0.04985  0.24118
   0.47322 -0.04850  0.24035
   0.48974 -0.04702  0.24029
   0.50627 -0.04542  0.24101
   0.52284 -0.04371  0.24350
   0.53951 -0.04190  0.24667
   0.55628 -0.03999  0.25053
   0.57313 -0.03800  0.25433
   0.59004 -0.03593  0.25928
   0.60701 -0.03380  0.26413
   0.62403 -0.03162  0.27023
   0.64112 -0.02939  0.27584
   0.65827 -0.02711  0.28313
   0.67549 -0.02481  0.28976
   0.69276 -0.02249  0.29758
   0.71002 -0.02018  0.30520
   0.72720 -0.01788  0.31363
   0.74428 -0.01564  0.32212
   0.76127 -0.01344  0.33027
   0.77820 -0.01130  0.33826
   0.79503 -0.00924  0.34698
   0.81170 -0.00728  0.35656
   0.82815 -0.00544  0.36539
   0.84440 -0.00374  0.37438
   0.86051 -0.00221  0.38088
   0.87659 -0.00083  0.38603
   0.89256  0.00039  0.39313
   0.90822  0.00144  0.40309
   0.92326  0.00225  0.41661
   0.93746  0.00274  0.42581
   0.95068  0.00288  0.42782
   0.96288  0.00267  0.42217
   0.97411  0.00218  0.40793
   0.98445  0.00149  0.38677
   0.99401  0.00064  0.36443
   1.00000  0.00000  0.32350
