                                                
 Alfa =  10.00000 Re =  4000000.000 Xflap,Yflap =     0.000000    0.000000
#    x        y        Cp  
   1.00000  0.00105  0.36980
   0.99431  0.00230  0.20884
   0.98486  0.00435  0.14627
   0.97406  0.00666  0.09373
   0.96167  0.00925  0.05185
   0.94765  0.01212  0.01644
   0.93245  0.01517 -0.00810
   0.91690  0.01829 -0.02695
   0.90160  0.02141 -0.04683
   0.88665  0.02458 -0.07734
   0.87188  0.02782 -0.11211
   0.85714  0.03112 -0.15108
   0.84233  0.03448 -0.19291
   0.82738  0.03788 -0.23736
   0.81226  0.04131 -0.28227
   0.79698  0.04471 -0.32631
   0.78161  0.04806 -0.36784
   0.76620  0.05133 -0.40676
   0.75082  0.05451 -0.44440
   0.73547  0.05757 -0.48055
   0.72017  0.06053 -0.51481
   0.70489  0.06338 -0.54704
   0.68959  0.06612 -0.57550
   0.67422  0.06878 -0.59935
   0.65873  0.07136 -0.62396
   0.64312  0.07390 -0.64675
   0.62738  0.07641 -0.67324
   0.61154  0.07890 -0.70098
   0.59565  0.08138 -0.73558
   0.57980  0.08384 -0.78099
   0.56404  0.08625 -0.83004
   0.54841  0.08858 -0.88415
   0.53293  0.09081 -0.93837
   0.51758  0.09291 -0.99331
   0.50233  0.09487 -1.04787
   0.48715  0.09668 -1.09597
   0.47199  0.09833 -1.14090
   0.45682  0.09984 -1.18438
   0.44160  0.10120 -1.22813
   0.42633  0.10244 -1.27235
   0.41101  0.10354 -1.31776
   0.39564  0.10451 -1.36852
   0.38026  0.10535 -1.42376
   0.36488  0.10604 -1.48368
   0.34953  0.10657 -1.54578
   0.33424  0.10693 -1.61194
   0.31903  0.10711 -1.68073
   0.30392  0.10711 -1.75377
   0.28893  0.10690 -1.83490
   0.27409  0.10648 -1.92207
   0.25942  0.10582 -2.01255
   0.24493  0.10489 -2.10184
   0.23063  0.10368 -2.19129
   0.21652  0.10216 -2.27612
   0.20261  0.10033 -2.35812
   0.18889  0.09815 -2.43039
   0.17536  0.09562 -2.49563
   0.16202  0.09273 -2.55114
   0.14888  0.08945 -2.59323
   0.13592  0.08578 -2.61611
   0.12314  0.08172 -2.62718
   0.11049  0.07726 -2.63058
   0.09792  0.07239 -2.62980
   0.08540  0.06710 -2.62466
   0.07315  0.06152 -2.66711
   0.06168  0.05588 -2.80984
   0.05136  0.05024 -2.92451
   0.04216  0.04457 -2.92149
   0.03404  0.03900 -2.89180
   0.02693  0.03370 -2.89695
   0.02076  0.02873 -2.96206
   0.01556  0.02421 -3.04049
   0.01146  0.02043 -3.24225
   0.00830  0.01733 -3.63424
   0.00587  0.01472 -4.04866
   0.00400  0.01244 -4.47831
   0.00253  0.01039 -4.91688
   0.00141  0.00850 -5.33985
   0.00059  0.00674 -5.68685
   0.00004  0.00506 -5.89655
  -0.00027  0.00347 -5.87728
  -0.00031  0.00192 -5.46420
  -0.00011  0.00042 -4.66150
   0.00037 -0.00106 -3.47184
   0.00112 -0.00252 -2.31365
   0.00213 -0.00395 -1.36291
   0.00339 -0.00534 -0.62588
   0.00492 -0.00669 -0.07202
   0.00673 -0.00797  0.33580
   0.00884 -0.00914  0.62747
   0.01128 -0.01011  0.82809
   0.01408 -0.01076  0.95084
   0.01734 -0.01093  0.99765
   0.02131 -0.01055  0.99336
   0.02649 -0.00959  0.97232
   0.03370 -0.00821  0.94368
   0.04330 -0.00645  0.91248
   0.05398 -0.00471  0.88410
   0.06562 -0.00306  0.85594
   0.07906 -0.00140  0.82726
   0.09376  0.00022  0.80127
   0.10857  0.00166  0.77793
   0.12348  0.00292  0.75594
   0.13867  0.00406  0.73526
   0.15417  0.00511  0.71636
   0.16979  0.00607  0.69992
   0.18536  0.00692  0.68508
   0.20082  0.00765  0.67093
   0.21621  0.00825  0.65593
   0.23164  0.00874  0.64092
   0.24716  0.00916  0.62592
   0.26282  0.00951  0.61131
   0.27862  0.00984  0.59714
   0.29453  0.01015  0.58418
   0.31051  0.01048  0.57370
   0.32646  0.01081  0.56557
   0.34234  0.01112  0.55901
   0.35810  0.01139  0.55239
   0.37374  0.01159  0.54655
   0.38928  0.01170  0.53999
   0.40475  0.01171  0.53181
   0.42022  0.01160  0.52125
   0.43573  0.01139  0.50934
   0.45131  0.01112  0.49695
   0.46700  0.01079  0.48405
   0.48280  0.01044  0.47135
   0.49870  0.01010  0.45906
   0.51467  0.00977  0.44977
   0.53069  0.00946  0.44071
   0.54672  0.00917  0.43380
   0.56274  0.00888  0.42639
   0.57875  0.00858  0.41983
   0.59474  0.00828  0.41273
   0.61072  0.00794  0.40599
   0.62669  0.00759  0.39679
   0.64267  0.00722  0.38965
   0.65867  0.00683  0.38093
   0.67469  0.00643  0.37280
   0.69074  0.00603  0.36439
   0.70683  0.00563  0.35682
   0.72291  0.00522  0.34890
   0.73895  0.00483  0.34193
   0.75496  0.00443  0.33445
   0.77097  0.00404  0.32801
   0.78700  0.00365  0.32095
   0.80308  0.00326  0.31403
   0.81909  0.00289  0.30727
   0.83495  0.00251  0.30199
   0.85069  0.00215  0.29465
   0.86637  0.00180  0.28961
   0.88206  0.00146  0.28455
   0.89789  0.00112  0.27944
   0.91389  0.00080  0.27577
   0.92974  0.00048  0.27293
   0.94561  0.00016  0.27159
   0.96034 -0.00015  0.26875
   0.97326 -0.00043  0.27307
   0.98444 -0.00068  0.27687
   0.99417 -0.00091  0.29267
   1.00000 -0.00105  0.36980
