                                                
 Alfa =  10.00000 Re =  4000000.000 Xflap,Yflap =     0.000000    0.000000
#    x        y        Cp  
   1.00000 -0.01040  0.26950
   0.99292 -0.00806  0.09036
   0.98118 -0.00427 -0.01714
   0.96804 -0.00033 -0.07499
   0.95359  0.00387 -0.14327
   0.93834  0.00818 -0.21468
   0.92265  0.01241 -0.28226
   0.90655  0.01650 -0.33000
   0.89004  0.02049 -0.37772
   0.87336  0.02435 -0.43022
   0.85661  0.02801 -0.47547
   0.83974  0.03149 -0.51658
   0.82275  0.03479 -0.55292
   0.80562  0.03791 -0.58269
   0.78838  0.04090 -0.61945
   0.77117  0.04372 -0.65947
   0.75399  0.04632 -0.69213
   0.73671  0.04874 -0.71481
   0.71927  0.05099 -0.73523
   0.70174  0.05310 -0.75910
   0.68409  0.05506 -0.77518
   0.66637  0.05692 -0.80520
   0.64876  0.05861 -0.83459
   0.63107  0.06013 -0.84437
   0.61314  0.06153 -0.85599
   0.59514  0.06285 -0.88201
   0.57723  0.06406 -0.91368
   0.55933  0.06510 -0.92697
   0.54129  0.06605 -0.94445
   0.52331  0.06690 -0.97703
   0.50539  0.06762 -1.00016
   0.48739  0.06819 -1.00420
   0.46930  0.06871 -1.03155
   0.45138  0.06917 -1.08085
   0.43356  0.06946 -1.10147
   0.41560  0.06961 -1.10988
   0.39754  0.06972 -1.13370
   0.37961  0.06980 -1.19737
   0.36190  0.06974 -1.24561
   0.34427  0.06950 -1.26668
   0.32656  0.06913 -1.28003
   0.30899  0.06875 -1.35874
   0.29162  0.06821 -1.40706
   0.27407  0.06748 -1.41953
   0.25646  0.06671 -1.50270
   0.23904  0.06580 -1.57318
   0.22151  0.06470 -1.61908
   0.20406  0.06350 -1.71615
   0.18696  0.06215 -1.81310
   0.17013  0.06061 -1.90594
   0.15359  0.05890 -2.00546
   0.13755  0.05706 -2.14198
   0.12230  0.05512 -2.30727
   0.10797  0.05305 -2.46289
   0.09473  0.05094 -2.67237
   0.08285  0.04884 -2.94540
   0.07230  0.04671 -3.21245
   0.06290  0.04452 -3.42201
   0.05454  0.04235 -3.63535
   0.04718  0.04030 -4.00537
   0.04079  0.03836 -4.53327
   0.03519  0.03640 -4.93291
   0.03025  0.03441 -5.29163
   0.02585  0.03241 -5.70593
   0.02194  0.03040 -6.11688
   0.01844  0.02836 -6.55544
   0.01532  0.02629 -7.00826
   0.01256  0.02418 -7.39707
   0.01013  0.02202 -7.69711
   0.00801  0.01982 -7.91601
   0.00620  0.01758 -8.01383
   0.00471  0.01531 -7.78626
   0.00348  0.01301 -7.16303
   0.00247  0.01071 -6.52891
   0.00162  0.00845 -6.18368
   0.00093  0.00627 -6.12037
   0.00043  0.00417 -6.02558
   0.00011  0.00214 -5.84306
  -0.00000  0.00014 -5.46064
   0.00011 -0.00185 -4.63739
   0.00043 -0.00389 -3.73711
   0.00094 -0.00599 -2.90368
   0.00162 -0.00820 -2.20174
   0.00244 -0.01051 -1.73979
   0.00339 -0.01287 -1.43833
   0.00455 -0.01523 -1.12379
   0.00601 -0.01754 -0.69077
   0.00780 -0.01980 -0.24654
   0.00992 -0.02202  0.11662
   0.01236 -0.02421  0.39215
   0.01512 -0.02635  0.60154
   0.01824 -0.02844  0.75628
   0.02174 -0.03048  0.86510
   0.02567 -0.03247  0.93605
   0.03009 -0.03444  0.97805
   0.03508 -0.03638  0.99710
   0.04073 -0.03834  0.99905
   0.04715 -0.04036  0.98819
   0.05446 -0.04244  0.96731
   0.06279 -0.04456  0.93847
   0.07227 -0.04668  0.90414
   0.08300 -0.04880  0.86670
   0.09508 -0.05090  0.82808
   0.10848 -0.05302  0.78808
   0.12302 -0.05512  0.74642
   0.13840 -0.05713  0.70538
   0.15442 -0.05899  0.66778
   0.17103 -0.06070  0.63353
   0.18795 -0.06230  0.59606
   0.20494 -0.06367  0.56529
   0.22235 -0.06486  0.54332
   0.23995 -0.06600  0.51078
   0.25741 -0.06700  0.48172
   0.27496 -0.06780  0.45938
   0.29264 -0.06846  0.43546
   0.31031 -0.06898  0.41294
   0.32800 -0.06935  0.39246
   0.34567 -0.06957  0.37158
   0.36324 -0.06963  0.35152
   0.38080 -0.06950  0.33799
   0.39851 -0.06922  0.32630
   0.41604 -0.06890  0.30011
   0.43307 -0.06838  0.27892
   0.44979 -0.06761  0.26803
   0.46644 -0.06658  0.27401
   0.48305 -0.06551  0.26623
   0.49927 -0.06446  0.22499
   0.51526 -0.06304  0.21668
   0.53146 -0.06122  0.22410
   0.54796 -0.05908  0.23370
   0.56464 -0.05669  0.24185
   0.58141 -0.05407  0.24978
   0.59814 -0.05123  0.25701
   0.61498 -0.04809  0.27920
   0.63222 -0.04465  0.30438
   0.64972 -0.04106  0.32411
   0.66731 -0.03734  0.34475
   0.68499 -0.03351  0.36665
   0.70261 -0.02962  0.39006
   0.72006 -0.02570  0.42082
   0.73738 -0.02190  0.44446
   0.75466 -0.01821  0.46507
   0.77157 -0.01468  0.49376
   0.78781 -0.01148  0.52083
   0.80353 -0.00871  0.53947
   0.81927 -0.00631  0.54744
   0.83480 -0.00415  0.56882
   0.84934 -0.00246  0.60016
   0.86364 -0.00155  0.58683
   0.87836 -0.00103  0.58053
   0.89279 -0.00078  0.58929
   0.90672 -0.00097  0.59165
   0.92028 -0.00162  0.58980
   0.93352 -0.00276  0.58052
   0.94640 -0.00436  0.56736
   0.95891 -0.00641  0.53660
   0.97087 -0.00869  0.53076
   0.98212 -0.01148  0.46531
   0.99296 -0.01451  0.35702
   1.00000 -0.01630  0.26950
