                                                
 Alfa =  10.00000 Re =  4000000.000 Xflap,Yflap =     0.000000    0.000000
#    x        y        Cp  
   1.00000  0.00000  0.48350
   0.99468  0.00175  0.29712
   0.98627  0.00449  0.21088
   0.97725  0.00741  0.14529
   0.96757  0.01051  0.09167
   0.95712  0.01383  0.04216
   0.94582  0.01738 -0.00725
   0.93359  0.02119 -0.05422
   0.92038  0.02524 -0.10244
   0.90622  0.02953 -0.15095
   0.89127  0.03400 -0.20094
   0.87600  0.03848 -0.25210
   0.86087  0.04284 -0.30137
   0.84567  0.04713 -0.35062
   0.83028  0.05135 -0.39927
   0.81501  0.05542 -0.44536
   0.79995  0.05931 -0.48786
   0.78503  0.06303 -0.52684
   0.77014  0.06662 -0.56263
   0.75520  0.07011 -0.59649
   0.74017  0.07352 -0.63053
   0.72500  0.07687 -0.66475
   0.70971  0.08015 -0.69999
   0.69432  0.08338 -0.73962
   0.67888  0.08655 -0.78386
   0.66344  0.08963 -0.83114
   0.64804  0.09261 -0.87948
   0.63269  0.09546 -0.92836
   0.61742  0.09817 -0.97924
   0.60221  0.10074 -1.02720
   0.58705  0.10315 -1.07525
   0.57192  0.10541 -1.12181
   0.55682  0.10752 -1.16630
   0.54172  0.10946 -1.21128
   0.52661  0.11125 -1.25519
   0.51148  0.11288 -1.29744
   0.49631  0.11434 -1.33889
   0.48110  0.11564 -1.37636
   0.46583  0.11677 -1.41427
   0.45050  0.11775 -1.45052
   0.43512  0.11857 -1.48915
   0.41972  0.11925 -1.52893
   0.40430  0.11978 -1.57295
   0.38891  0.12016 -1.62552
   0.37358  0.12040 -1.68445
   0.35834  0.12047 -1.74644
   0.34319  0.12034 -1.81134
   0.32816  0.12002 -1.87577
   0.31322  0.11948 -1.94128
   0.29838  0.11870 -2.00520
   0.28362  0.11768 -2.06354
   0.26892  0.11641 -2.12241
   0.25427  0.11487 -2.17933
   0.23967  0.11307 -2.23535
   0.22513  0.11099 -2.29252
   0.21066  0.10863 -2.35107
   0.19628  0.10599 -2.41863
   0.18202  0.10305 -2.49801
   0.16794  0.09980 -2.58056
   0.15410  0.09619 -2.65922
   0.14055  0.09223 -2.72960
   0.12735  0.08788 -2.78970
   0.11454  0.08316 -2.83240
   0.10217  0.07806 -2.85194
   0.09027  0.07258 -2.83322
   0.07872  0.06671 -2.79236
   0.06701  0.06018 -2.70926
   0.05476  0.05279 -2.62347
   0.04351  0.04563 -2.70157
   0.03454  0.03957 -2.88318
   0.02713  0.03409 -3.06575
   0.02042  0.02854 -3.12501
   0.01448  0.02309 -3.13129
   0.01019  0.01894 -3.44983
   0.00717  0.01582 -3.93101
   0.00494  0.01329 -4.42882
   0.00325  0.01111 -4.95709
   0.00196  0.00918 -5.53996
   0.00098  0.00741 -6.11724
   0.00028  0.00577 -6.66291
  -0.00016  0.00422 -7.09401
  -0.00036  0.00276 -7.18009
  -0.00031  0.00134 -6.80374
   0.00001 -0.00003 -5.70542
   0.00062 -0.00137 -4.10148
   0.00153 -0.00271 -2.61195
   0.00276 -0.00405 -1.45010
   0.00434 -0.00540 -0.59831
   0.00634 -0.00679  0.01008
   0.00887 -0.00821  0.43397
   0.01209 -0.00964  0.71895
   0.01620 -0.01099  0.89796
   0.02155 -0.01211  0.98439
   0.02858 -0.01304  0.99908
   0.03773 -0.01394  0.97443
   0.04877 -0.01465  0.92780
   0.06090 -0.01496  0.87530
   0.07386 -0.01483  0.82590
   0.08757 -0.01424  0.78365
   0.10188 -0.01325  0.74975
   0.11666 -0.01193  0.72210
   0.13179 -0.01034  0.70070
   0.14716 -0.00854  0.68541
   0.16265 -0.00660  0.67442
   0.17818 -0.00459  0.66728
   0.19368 -0.00259  0.66208
   0.20911 -0.00068  0.65750
   0.22446  0.00111  0.65234
   0.23973  0.00276  0.64750
   0.25492  0.00427  0.64264
   0.27005  0.00562  0.63780
   0.28516  0.00681  0.63250
   0.30026  0.00782  0.62586
   0.31542  0.00864  0.61711
   0.33068  0.00931  0.60763
   0.34607  0.00983  0.59650
   0.36160  0.01024  0.58528
   0.37729  0.01056  0.57361
   0.39310  0.01081  0.56233
   0.40901  0.01101  0.55170
   0.42497  0.01119  0.54287
   0.44093  0.01133  0.53438
   0.45687  0.01144  0.52644
   0.47276  0.01150  0.51843
   0.48862  0.01152  0.51096
   0.50445  0.01149  0.50264
   0.52028  0.01141  0.49444
   0.53613  0.01129  0.48558
   0.55202  0.01115  0.47686
   0.56795  0.01098  0.46868
   0.58393  0.01079  0.45996
   0.59994  0.01060  0.45296
   0.61599  0.01041  0.44569
   0.63203  0.01022  0.44006
   0.64807  0.01001  0.43501
   0.66408  0.00979  0.42923
   0.68006  0.00955  0.42438
   0.69598  0.00927  0.41869
   0.71184  0.00897  0.41331
   0.72765  0.00863  0.40610
   0.74340  0.00826  0.39916
   0.75914  0.00787  0.39240
   0.77490  0.00747  0.38635
   0.79075  0.00705  0.37900
   0.80672  0.00662  0.37379
   0.82254  0.00619  0.36842
   0.83811  0.00576  0.36454
   0.85350  0.00533  0.35974
   0.86884  0.00488  0.35622
   0.88434  0.00440  0.35272
   0.90017  0.00389  0.34916
   0.91539  0.00338  0.34483
   0.92956  0.00287  0.34277
   0.94264  0.00238  0.34024
   0.95468  0.00192  0.34151
   0.96577  0.00147  0.34174
   0.97602  0.00104  0.34676
   0.98554  0.00064  0.35591
   0.99440  0.00025  0.38174
   1.00000  0.00000  0.48350
