                                                
 Alfa =  10.00000 Re =  4000000.000 Xflap,Yflap =     0.000000    0.000000
#    x        y        Cp  
   1.00000  0.00500  0.27948
   0.99417  0.00596  0.16210
   0.98449  0.00756  0.11314
   0.97344  0.00938  0.07019
   0.96079  0.01147  0.03482
   0.94651  0.01383  0.00011
   0.93121  0.01635 -0.03350
   0.91598  0.01886 -0.06196
   0.90058  0.02140 -0.09098
   0.88526  0.02394 -0.11955
   0.87011  0.02646 -0.14743
   0.85500  0.02897 -0.17515
   0.83986  0.03147 -0.20320
   0.82465  0.03398 -0.23158
   0.80934  0.03648 -0.25953
   0.79394  0.03898 -0.28849
   0.77849  0.04146 -0.31694
   0.76304  0.04391 -0.34595
   0.74760  0.04632 -0.37491
   0.73219  0.04869 -0.40452
   0.71683  0.05101 -0.43336
   0.70149  0.05328 -0.46258
   0.68617  0.05550 -0.49224
   0.67084  0.05767 -0.52128
   0.65550  0.05979 -0.55082
   0.64014  0.06185 -0.58154
   0.62476  0.06387 -0.61308
   0.60939  0.06583 -0.64561
   0.59405  0.06773 -0.68053
   0.57877  0.06956 -0.71949
   0.56358  0.07131 -0.75773
   0.54847  0.07296 -0.79751
   0.53344  0.07450 -0.83667
   0.51846  0.07592 -0.87521
   0.50350  0.07722 -0.91038
   0.48852  0.07837 -0.93982
   0.47346  0.07941 -0.96600
   0.45829  0.08032 -0.98900
   0.44300  0.08114 -1.01422
   0.42760  0.08188 -1.03977
   0.41214  0.08253 -1.06877
   0.39669  0.08312 -1.10570
   0.38131  0.08365 -1.15333
   0.36609  0.08409 -1.20703
   0.35105  0.08443 -1.26479
   0.33617  0.08464 -1.32344
   0.32142  0.08470 -1.38460
   0.30672  0.08461 -1.44474
   0.29199  0.08432 -1.50266
   0.27713  0.08384 -1.55773
   0.26206  0.08314 -1.61366
   0.24682  0.08222 -1.67153
   0.23151  0.08107 -1.73314
   0.21631  0.07971 -1.80246
   0.20149  0.07817 -1.88376
   0.18729  0.07647 -1.99677
   0.17381  0.07458 -2.11749
   0.16089  0.07242 -2.22241
   0.14820  0.06986 -2.28532
   0.13528  0.06676 -2.26804
   0.12176  0.06307 -2.22484
   0.10767  0.05888 -2.19220
   0.09380  0.05454 -2.26541
   0.08104  0.05030 -2.43582
   0.06910  0.04587 -2.52237
   0.05724  0.04095 -2.52698
   0.04594  0.03591 -2.63666
   0.03642  0.03140 -2.88795
   0.02871  0.02743 -3.16664
   0.02232  0.02380 -3.48679
   0.01695  0.02037 -3.78254
   0.01265  0.01730 -4.05980
   0.00932  0.01469 -4.53580
   0.00676  0.01243 -5.06335
   0.00477  0.01042 -5.61729
   0.00321  0.00858 -6.16784
   0.00201  0.00686 -6.67473
   0.00111  0.00523 -7.08695
   0.00048  0.00365 -7.26241
   0.00010  0.00211 -7.11831
  -0.00002  0.00058 -6.50196
   0.00011 -0.00093 -5.33238
   0.00050 -0.00246 -3.99572
   0.00112 -0.00398 -2.80419
   0.00198 -0.00552 -1.80786
   0.00308 -0.00705 -1.01985
   0.00443 -0.00858 -0.40035
   0.00605 -0.01008  0.07433
   0.00799 -0.01153  0.43603
   0.01027 -0.01286  0.69986
   0.01297 -0.01397  0.88155
   0.01617 -0.01468  0.97955
   0.02008 -0.01490  0.99953
   0.02509 -0.01461  0.98153
   0.03185 -0.01402  0.94953
   0.04101 -0.01314  0.90899
   0.05206 -0.01205  0.86892
   0.06439 -0.01088  0.82993
   0.07824 -0.00957  0.79398
   0.09299 -0.00815  0.76669
   0.10777 -0.00682  0.74345
   0.12256 -0.00564  0.72072
   0.13754 -0.00456  0.69955
   0.15274 -0.00358  0.67969
   0.16810 -0.00267  0.66186
   0.18351 -0.00182  0.64518
   0.19892 -0.00105  0.62997
   0.21430 -0.00035  0.61555
   0.22967  0.00030  0.60235
   0.24505  0.00088  0.58970
   0.26044  0.00140  0.57749
   0.27585  0.00187  0.56572
   0.29129  0.00229  0.55447
   0.30676  0.00265  0.54314
   0.32226  0.00297  0.53220
   0.33780  0.00324  0.52116
   0.35338  0.00347  0.51079
   0.36898  0.00368  0.49987
   0.38461  0.00385  0.49042
   0.40025  0.00400  0.48027
   0.41590  0.00414  0.47179
   0.43154  0.00426  0.46286
   0.44718  0.00435  0.45525
   0.46280  0.00443  0.44705
   0.47840  0.00447  0.43919
   0.49399  0.00450  0.43205
   0.50958  0.00449  0.42340
   0.52518  0.00446  0.41569
   0.54078  0.00440  0.40787
   0.55640  0.00432  0.39952
   0.57204  0.00422  0.39111
   0.58770  0.00410  0.38339
   0.60336  0.00397  0.37512
   0.61903  0.00383  0.36721
   0.63471  0.00367  0.35904
   0.65038  0.00351  0.35116
   0.66605  0.00335  0.34417
   0.68173  0.00319  0.33604
   0.69742  0.00303  0.32849
   0.71313  0.00287  0.32280
   0.72885  0.00272  0.31520
   0.74455  0.00257  0.31000
   0.76023  0.00241  0.30402
   0.77591  0.00226  0.29700
   0.79162  0.00209  0.29202
   0.80730  0.00192  0.28408
   0.82286  0.00174  0.27747
   0.83830  0.00156  0.26946
   0.85363  0.00139  0.26331
   0.86891  0.00124  0.25625
   0.88419  0.00110  0.25056
   0.89959  0.00100  0.24655
   0.91520  0.00093  0.24561
   0.93088  0.00087  0.24660
   0.94625  0.00078  0.24801
   0.96051  0.00065  0.24611
   0.97319  0.00049  0.24468
   0.98431  0.00031  0.24446
   0.99410  0.00012  0.25090
   1.00000  0.00000  0.27948
