                                                
 Alfa =  10.00000 Re =  4000000.000 Xflap,Yflap =     0.000000    0.000000
#    x        y        Cp  
   1.00000  0.00492  0.15048
   0.99294  0.00464  0.14677
   0.98125  0.00428  0.14583
   0.96824  0.00403  0.14217
   0.95404  0.00391  0.13514
   0.93882  0.00393  0.12617
   0.92279  0.00413  0.11445
   0.90614  0.00448  0.10134
   0.88904  0.00499  0.08689
   0.87159  0.00564  0.07152
   0.85389  0.00643  0.05531
   0.83599  0.00733  0.03867
   0.81794  0.00835  0.02168
   0.79978  0.00945  0.00434
   0.78152  0.01065 -0.01345
   0.76318  0.01192 -0.03148
   0.74479  0.01327 -0.04960
   0.72635  0.01469 -0.06858
   0.70787  0.01618 -0.08771
   0.68936  0.01772 -0.10757
   0.67082  0.01933 -0.12801
   0.65226  0.02098 -0.14952
   0.63367  0.02270 -0.17188
   0.61506  0.02446 -0.19525
   0.59642  0.02627 -0.22072
   0.57774  0.02813 -0.24705
   0.55903  0.03003 -0.27517
   0.54027  0.03197 -0.30555
   0.52147  0.03393 -0.33780
   0.50263  0.03593 -0.37280
   0.48376  0.03794 -0.40998
   0.46490  0.03994 -0.44984
   0.44610  0.04194 -0.49289
   0.42741  0.04389 -0.53869
   0.40884  0.04580 -0.58702
   0.39041  0.04765 -0.63856
   0.37213  0.04941 -0.69328
   0.35402  0.05108 -0.75086
   0.33608  0.05263 -0.81206
   0.31832  0.05405 -0.87592
   0.30074  0.05532 -0.94287
   0.28337  0.05643 -1.01382
   0.26620  0.05736 -1.08611
   0.24924  0.05809 -1.16352
   0.23250  0.05861 -1.24294
   0.21601  0.05891 -1.32335
   0.19976  0.05898 -1.40549
   0.18381  0.05883 -1.49723
   0.16836  0.05850 -1.62078
   0.15360  0.05791 -1.74930
   0.13949  0.05703 -1.85905
   0.12604  0.05589 -1.97264
   0.11336  0.05454 -2.09330
   0.10157  0.05302 -2.22955
   0.09072  0.05135 -2.37639
   0.08085  0.04958 -2.53195
   0.07193  0.04772 -2.68987
   0.06388  0.04579 -2.84724
   0.05664  0.04383 -3.00266
   0.05013  0.04183 -3.15641
   0.04426  0.03983 -3.30946
   0.03897  0.03782 -3.45824
   0.03419  0.03581 -3.61502
   0.02986  0.03382 -3.77057
   0.02594  0.03182 -3.93028
   0.02238  0.02984 -4.10042
   0.01915  0.02785 -4.26941
   0.01621  0.02587 -4.43845
   0.01355  0.02387 -4.60140
   0.01115  0.02186 -4.77339
   0.00900  0.01982 -4.87745
   0.00709  0.01777 -4.98831
   0.00542  0.01569 -5.02310
   0.00399  0.01359 -4.97225
   0.00278  0.01145 -4.80297
   0.00180  0.00930 -4.53956
   0.00104  0.00716 -4.22163
   0.00050  0.00504 -3.84821
   0.00016  0.00296 -3.44000
   0.00001  0.00093 -3.00594
   0.00004 -0.00110 -2.52721
   0.00027 -0.00315 -2.00609
   0.00070 -0.00525 -1.50649
   0.00135 -0.00740 -1.01728
   0.00222 -0.00958 -0.56947
   0.00330 -0.01177 -0.19049
   0.00458 -0.01398  0.11424
   0.00605 -0.01621  0.35424
   0.00774 -0.01845  0.54659
   0.00965 -0.02072  0.69519
   0.01179 -0.02302  0.80847
   0.01418 -0.02534  0.89073
   0.01684 -0.02770  0.94730
   0.01979 -0.03008  0.98184
   0.02305 -0.03249  0.99791
   0.02667 -0.03493  0.99851
   0.03068 -0.03742  0.98613
   0.03513 -0.03994  0.96308
   0.04008 -0.04250  0.93124
   0.04558 -0.04510  0.89264
   0.05172 -0.04774  0.84869
   0.05855 -0.05042  0.80082
   0.06616 -0.05313  0.75006
   0.07461 -0.05587  0.69710
   0.08395 -0.05861  0.64285
   0.09419 -0.06133  0.58793
   0.10530 -0.06396  0.53338
   0.11722 -0.06647  0.47989
   0.12987 -0.06880  0.42923
   0.14316 -0.07089  0.38282
   0.15704 -0.07273  0.34180
   0.17147 -0.07429  0.30656
   0.18642 -0.07560  0.27687
   0.20186 -0.07666  0.25111
   0.21765 -0.07752  0.22242
   0.23358 -0.07814  0.19375
   0.24963 -0.07849  0.17236
   0.26590 -0.07856  0.15823
   0.28249 -0.07837  0.14982
   0.29935 -0.07799  0.13914
   0.31634 -0.07743  0.12827
   0.33345 -0.07666  0.12135
   0.35072 -0.07570  0.11694
   0.36815 -0.07458  0.11315
   0.38571 -0.07329  0.11129
   0.40341 -0.07186  0.11055
   0.42124 -0.07028  0.11085
   0.43920 -0.06859  0.11196
   0.45728 -0.06678  0.11358
   0.47547 -0.06486  0.11585
   0.49377 -0.06286  0.11824
   0.51218 -0.06079  0.12134
   0.53067 -0.05864  0.12390
   0.54925 -0.05644  0.12696
   0.56791 -0.05420  0.12969
   0.58663 -0.05191  0.13267
   0.60541 -0.04959  0.13522
   0.62424 -0.04725  0.13773
   0.64311 -0.04489  0.14057
   0.66202 -0.04251  0.14297
   0.68096 -0.04013  0.14505
   0.69990 -0.03775  0.14786
   0.71883 -0.03537  0.14998
   0.73773 -0.03299  0.15264
   0.75660 -0.03063  0.15513
   0.77543 -0.02829  0.15797
   0.79419 -0.02597  0.16101
   0.81287 -0.02369  0.16408
   0.83145 -0.02145  0.16742
   0.84991 -0.01927  0.17083
   0.86818 -0.01715  0.17457
   0.88621 -0.01512  0.17759
   0.90390 -0.01320  0.18076
   0.92111 -0.01141  0.18302
   0.93768 -0.00979  0.18446
   0.95335 -0.00835  0.18394
   0.96791 -0.00712  0.18171
   0.98113 -0.00610  0.17639
   0.99293 -0.00528  0.16812
   1.00000 -0.00484  0.15048
