                                                
 Alfa =  10.00000 Re =  4000000.000 Xflap,Yflap =     0.000000    0.000000
#    x        y        Cp  
   1.00000  0.00000  0.45116
   0.99392  0.00156  0.27060
   0.98391  0.00409  0.18322
   0.97265  0.00687  0.11910
   0.95995  0.00993  0.06780
   0.94584  0.01323  0.02377
   0.93066  0.01669 -0.00913
   0.91498  0.02020 -0.03739
   0.89926  0.02372 -0.06352
   0.88361  0.02726 -0.09429
   0.86796  0.03084 -0.12798
   0.85226  0.03446 -0.16215
   0.83647  0.03811 -0.19856
   0.82061  0.04181 -0.23673
   0.80469  0.04551 -0.27623
   0.78878  0.04920 -0.31929
   0.77294  0.05285 -0.36293
   0.75723  0.05642 -0.40883
   0.74166  0.05989 -0.45393
   0.72621  0.06324 -0.49705
   0.71085  0.06646 -0.53776
   0.69552  0.06954 -0.57395
   0.68015  0.07249 -0.60000
   0.66468  0.07535 -0.62387
   0.64908  0.07814 -0.64564
   0.63333  0.08091 -0.66909
   0.61746  0.08367 -0.69533
   0.60150  0.08644 -0.72873
   0.58554  0.08923 -0.77650
   0.56964  0.09201 -0.83499
   0.55386  0.09473 -0.89807
   0.53822  0.09736 -0.96559
   0.52274  0.09985 -1.03505
   0.50739  0.10218 -1.10443
   0.49215  0.10434 -1.17008
   0.47698  0.10630 -1.23045
   0.46185  0.10807 -1.28978
   0.44675  0.10965 -1.34644
   0.43164  0.11104 -1.40317
   0.41653  0.11223 -1.45890
   0.40138  0.11322 -1.51306
   0.38622  0.11400 -1.56688
   0.37102  0.11457 -1.62026
   0.35581  0.11493 -1.67199
   0.34059  0.11507 -1.72584
   0.32538  0.11499 -1.78049
   0.31023  0.11468 -1.83661
   0.29515  0.11416 -1.89697
   0.28019  0.11340 -1.96525
   0.26538  0.11241 -2.03604
   0.25074  0.11116 -2.10663
   0.23629  0.10964 -2.17710
   0.22200  0.10783 -2.24438
   0.20787  0.10572 -2.31049
   0.19388  0.10329 -2.37099
   0.18000  0.10052 -2.42756
   0.16626  0.09740 -2.47970
   0.15274  0.09393 -2.52486
   0.13956  0.09015 -2.56668
   0.12678  0.08606 -2.60087
   0.11435  0.08164 -2.62144
   0.10211  0.07683 -2.62115
   0.08977  0.07148 -2.55724
   0.07727  0.06567 -2.50800
   0.06535  0.05990 -2.64934
   0.05485  0.05445 -2.85200
   0.04576  0.04920 -2.98064
   0.03785  0.04408 -3.03817
   0.03100  0.03914 -3.06436
   0.02513  0.03447 -3.07075
   0.02013  0.03013 -3.04818
   0.01596  0.02627 -3.08581
   0.01254  0.02297 -3.28940
   0.00979  0.02015 -3.94545
   0.00769  0.01755 -3.89808
   0.00599  0.01510 -3.04033
   0.00435  0.01295 -4.34834
   0.00306  0.01084 -4.55851
   0.00206  0.00871 -4.02837
   0.00122  0.00665 -4.13278
   0.00057  0.00473 -4.40107
   0.00015  0.00291 -4.58667
  -0.00003  0.00118 -4.58569
   0.00006 -0.00053 -4.04701
   0.00045 -0.00225 -3.02575
   0.00111 -0.00402 -2.07207
   0.00202 -0.00587 -1.35042
   0.00317 -0.00771 -0.93983
   0.00466 -0.00944 -0.35893
   0.00658 -0.01103  0.22472
   0.00883 -0.01255  0.54119
   0.01143 -0.01402  0.73995
   0.01446 -0.01529  0.88526
   0.01809 -0.01634  0.96728
   0.02256 -0.01723  0.99732
   0.02825 -0.01819  0.99733
   0.03552 -0.01944  0.97855
   0.04427 -0.02090  0.94389
   0.05388 -0.02231  0.90009
   0.06440 -0.02352  0.85382
   0.07628 -0.02450  0.80796
   0.08977 -0.02519  0.76893
   0.10467 -0.02570  0.73431
   0.12043 -0.02616  0.69801
   0.13643 -0.02655  0.66394
   0.15229 -0.02686  0.63291
   0.16797 -0.02706  0.60427
   0.18356 -0.02715  0.57824
   0.19913 -0.02711  0.55540
   0.21474 -0.02692  0.53651
   0.23045 -0.02659  0.52098
   0.24628 -0.02616  0.50776
   0.26226 -0.02563  0.49641
   0.27838 -0.02502  0.48646
   0.29463 -0.02437  0.47743
   0.31097 -0.02369  0.46798
   0.32736 -0.02300  0.45826
   0.34375 -0.02230  0.44849
   0.36011 -0.02157  0.43983
   0.37644 -0.02083  0.43087
   0.39271 -0.02005  0.42336
   0.40896 -0.01926  0.41608
   0.42518 -0.01843  0.40958
   0.44140 -0.01757  0.40377
   0.45763 -0.01669  0.39910
   0.47387 -0.01577  0.39451
   0.49013 -0.01483  0.39079
   0.50639 -0.01387  0.38820
   0.52263 -0.01288  0.38688
   0.53887 -0.01189  0.38609
   0.55508 -0.01090  0.38536
   0.57126 -0.00994  0.38489
   0.58742 -0.00900  0.38441
   0.60355 -0.00811  0.38340
   0.61966 -0.00727  0.38165
   0.63575 -0.00648  0.37925
   0.65183 -0.00574  0.37683
   0.66792 -0.00506  0.37364
   0.68401 -0.00442  0.37054
   0.70011 -0.00385  0.36692
   0.71624 -0.00332  0.36285
   0.73240 -0.00285  0.35881
   0.74859 -0.00243  0.35395
   0.76481 -0.00205  0.34942
   0.78103 -0.00173  0.34443
   0.79725 -0.00144  0.33974
   0.81343 -0.00120  0.33352
   0.82954 -0.00100  0.32871
   0.84560 -0.00083  0.32308
   0.86162 -0.00069  0.31784
   0.87765 -0.00058  0.31215
   0.89376 -0.00048  0.30792
   0.91006 -0.00040  0.30297
   0.92644 -0.00033  0.30014
   0.94262 -0.00026  0.29799
   0.95778 -0.00020  0.29884
   0.97135 -0.00014  0.30506
   0.98325 -0.00008  0.31745
   0.99371 -0.00003  0.34771
   1.00000  0.00000  0.45116
