                                                
 Alfa =  10.00000 Re =  4000000.000 Xflap,Yflap =     0.000000    0.000000
#    x        y        Cp  
   1.00000  0.00000  0.31075
   0.99483  0.00082  0.25624
   0.98494  0.00260  0.18808
   0.97269  0.00503  0.10734
   0.95896  0.00783  0.03903
   0.94485  0.01068 -0.02160
   0.93073  0.01344 -0.06536
   0.91655  0.01609 -0.10106
   0.90223  0.01868 -0.12855
   0.88775  0.02122 -0.15344
   0.87319  0.02372 -0.17798
   0.85858  0.02619 -0.20104
   0.84395  0.02863 -0.22435
   0.82928  0.03104 -0.24859
   0.81460  0.03343 -0.27248
   0.79992  0.03579 -0.29618
   0.78523  0.03813 -0.32198
   0.77055  0.04044 -0.34424
   0.75587  0.04272 -0.37162
   0.74119  0.04498 -0.39635
   0.72651  0.04719 -0.42238
   0.71184  0.04938 -0.45010
   0.69717  0.05153 -0.47556
   0.68251  0.05365 -0.50478
   0.66785  0.05573 -0.53356
   0.65321  0.05776 -0.56345
   0.63859  0.05974 -0.59436
   0.62398  0.06167 -0.62570
   0.60940  0.06354 -0.65948
   0.59484  0.06534 -0.69098
   0.58030  0.06708 -0.72515
   0.56578  0.06874 -0.75896
   0.55127  0.07033 -0.79155
   0.53677  0.07183 -0.82731
   0.52229  0.07324 -0.86293
   0.50783  0.07457 -0.89664
   0.49339  0.07579 -0.93298
   0.47897  0.07692 -0.96763
   0.46456  0.07794 -1.00321
   0.45015  0.07885 -1.03807
   0.43576  0.07965 -1.07360
   0.42136  0.08034 -1.10809
   0.40697  0.08091 -1.14369
   0.39260  0.08137 -1.18077
   0.37824  0.08171 -1.21789
   0.36392  0.08192 -1.25568
   0.34961  0.08200 -1.29469
   0.33533  0.08195 -1.33136
   0.32104  0.08177 -1.36977
   0.30677  0.08144 -1.40898
   0.29252  0.08098 -1.45196
   0.27830  0.08038 -1.49533
   0.26412  0.07964 -1.54105
   0.24998  0.07874 -1.58956
   0.23589  0.07768 -1.64234
   0.22187  0.07646 -1.69606
   0.20793  0.07507 -1.75713
   0.19408  0.07350 -1.81939
   0.18034  0.07174 -1.88638
   0.16673  0.06978 -1.95814
   0.15326  0.06760 -2.03277
   0.13991  0.06518 -2.11227
   0.12671  0.06253 -2.19850
   0.11371  0.05963 -2.29511
   0.10100  0.05648 -2.40663
   0.08862  0.05306 -2.52707
   0.07655  0.04934 -2.65987
   0.06492  0.04533 -2.80830
   0.05402  0.04112 -2.98800
   0.04393  0.03672 -3.18215
   0.03455  0.03206 -3.39196
   0.02640  0.02745 -3.64421
   0.02004  0.02335 -3.98120
   0.01507  0.01965 -4.24319
   0.01100  0.01613 -4.35155
   0.00770  0.01291 -4.48968
   0.00516  0.01020 -4.94736
   0.00329  0.00799 -6.04522
   0.00194  0.00605 -7.01554
   0.00102  0.00423 -7.58311
   0.00044  0.00246 -7.61695
   0.00016  0.00071 -7.54540
   0.00019 -0.00093 -7.47988
   0.00057 -0.00241 -6.96934
   0.00138 -0.00369 -4.60367
   0.00264 -0.00480 -2.07441
   0.00445 -0.00581 -0.51848
   0.00691 -0.00681  0.29642
   0.01014 -0.00795  0.66828
   0.01433 -0.00922  0.87099
   0.01934 -0.01045  0.96759
   0.02521 -0.01158  0.99889
   0.03272 -0.01270  0.99074
   0.04309 -0.01388  0.95318
   0.05561 -0.01492  0.90096
   0.06834 -0.01565  0.85179
   0.08160 -0.01617  0.80681
   0.09560 -0.01652  0.76557
   0.10994 -0.01671  0.72908
   0.12429 -0.01677  0.69742
   0.13871 -0.01671  0.66983
   0.15326 -0.01656  0.64544
   0.16794 -0.01634  0.62360
   0.18268 -0.01606  0.60386
   0.19745 -0.01573  0.58603
   0.21226 -0.01536  0.56997
   0.22710 -0.01495  0.55519
   0.24197 -0.01451  0.54191
   0.25687 -0.01405  0.52924
   0.27180 -0.01357  0.51776
   0.28674 -0.01308  0.50668
   0.30169 -0.01258  0.49696
   0.31666 -0.01208  0.48735
   0.33163 -0.01157  0.47830
   0.34662 -0.01105  0.47005
   0.36161 -0.01054  0.46163
   0.37659 -0.01003  0.45410
   0.39157 -0.00953  0.44666
   0.40653 -0.00903  0.43978
   0.42149 -0.00854  0.43264
   0.43644 -0.00806  0.42591
   0.45138 -0.00758  0.42004
   0.46633 -0.00711  0.41325
   0.48129 -0.00666  0.40835
   0.49625 -0.00621  0.40121
   0.51120 -0.00577  0.39577
   0.52615 -0.00533  0.39077
   0.54109 -0.00491  0.38576
   0.55602 -0.00451  0.38070
   0.57095 -0.00411  0.37477
   0.58587 -0.00373  0.37076
   0.60081 -0.00336  0.36469
   0.61574 -0.00301  0.36071
   0.63068 -0.00267  0.35579
   0.64561 -0.00234  0.35089
   0.66053 -0.00202  0.34676
   0.67545 -0.00172  0.34162
   0.69037 -0.00144  0.33756
   0.70530 -0.00117  0.33250
   0.72023 -0.00091  0.32867
   0.73516 -0.00068  0.32380
   0.75007 -0.00045  0.32007
   0.76499 -0.00024  0.31524
   0.77990 -0.00005  0.31129
   0.79482  0.00012  0.30701
   0.80974  0.00028  0.30276
   0.82465  0.00042  0.29818
   0.83954  0.00053  0.29532
   0.85443  0.00063  0.29068
   0.86931  0.00071  0.28545
   0.88422  0.00076  0.28166
   0.89915  0.00080  0.27609
   0.91411  0.00083  0.27290
   0.92904  0.00086  0.27111
   0.94385  0.00088  0.27313
   0.95841  0.00087  0.27779
   0.97230  0.00079  0.28896
   0.98472  0.00061  0.30577
   0.99478  0.00028  0.31421
   1.00001  0.00000  0.31075
