                                                
 Alfa =  10.00000 Re =  4000000.000 Xflap,Yflap =     0.000000    0.000000
#    x        y        Cp  
   1.00000  0.00000  0.13285
   0.99441  0.00046  0.10803
   0.98281  0.00150  0.09106
   0.96949  0.00283  0.07502
   0.95569  0.00440  0.04550
   0.94165  0.00615  0.02650
   0.92750  0.00801 -0.00002
   0.91329  0.00997 -0.02717
   0.89903  0.01199 -0.03843
   0.88474  0.01406 -0.06878
   0.87043  0.01617 -0.09501
   0.85611  0.01832 -0.11192
   0.84178  0.02050 -0.12898
   0.82745  0.02270 -0.14958
   0.81311  0.02493 -0.17299
   0.79876  0.02718 -0.19951
   0.78440  0.02945 -0.25731
   0.77004  0.03173 -0.33803
   0.75567  0.03402 -0.42224
   0.74128  0.03632 -0.42883
   0.72689  0.03862 -0.35351
   0.71249  0.04092 -0.24672
   0.69809  0.04323 -0.21135
   0.68370  0.04553 -0.23684
   0.66932  0.04783 -0.32031
   0.65495  0.05012 -0.40093
   0.64059  0.05240 -0.47103
   0.62624  0.05466 -0.50426
   0.61189  0.05690 -0.54649
   0.59754  0.05912 -0.58836
   0.58321  0.06132 -0.61964
   0.56888  0.06350 -0.65141
   0.55457  0.06564 -0.69653
   0.54028  0.06774 -0.73677
   0.52599  0.06979 -0.78023
   0.51171  0.07180 -0.82246
   0.49745  0.07375 -0.87248
   0.48322  0.07564 -0.92137
   0.46904  0.07744 -0.97936
   0.45490  0.07914 -1.03425
   0.44081  0.08074 -1.09061
   0.42674  0.08220 -1.14683
   0.41269  0.08354 -1.20263
   0.39866  0.08473 -1.26072
   0.38466  0.08578 -1.31659
   0.37067  0.08666 -1.37390
   0.35672  0.08737 -1.43210
   0.34278  0.08791 -1.48641
   0.32886  0.08826 -1.54221
   0.31497  0.08842 -1.59936
   0.30111  0.08838 -1.65291
   0.28728  0.08813 -1.70744
   0.27350  0.08766 -1.75944
   0.25976  0.08697 -1.80858
   0.24605  0.08605 -1.85554
   0.23237  0.08489 -1.89878
   0.21872  0.08350 -1.94040
   0.20508  0.08187 -1.97960
   0.19148  0.08000 -2.02349
   0.17792  0.07789 -2.06799
   0.16442  0.07555 -2.11793
   0.15101  0.07297 -2.17564
   0.13773  0.07014 -2.23673
   0.12458  0.06704 -2.30436
   0.11157  0.06367 -2.37889
   0.09875  0.06001 -2.46252
   0.08618  0.05605 -2.56186
   0.07390  0.05177 -2.67337
   0.06197  0.04715 -2.80200
   0.05053  0.04219 -2.96212
   0.03977  0.03692 -3.15152
   0.02986  0.03136 -3.36766
   0.02115  0.02569 -3.64521
   0.01416  0.02029 -3.99406
   0.00903  0.01549 -4.27192
   0.00551  0.01150 -4.55662
   0.00320  0.00831 -5.06896
   0.00171  0.00565 -5.47375
   0.00078  0.00331 -5.53095
   0.00024  0.00122 -6.22161
   0.00013 -0.00053 -7.58007
   0.00050 -0.00192 -7.76084
   0.00148 -0.00297 -3.29095
   0.00314 -0.00374 -0.50800
   0.00562 -0.00430  0.52205
   0.00916 -0.00462  0.89757
   0.01423 -0.00436  0.99914
   0.02063 -0.00351  0.97730
   0.02892 -0.00201  0.91734
   0.03990  0.00064  0.85042
   0.05248  0.00431  0.80479
   0.06547  0.00838  0.77363
   0.07888  0.01275  0.75319
   0.09253  0.01727  0.74085
   0.10615  0.02178  0.73393
   0.11968  0.02618  0.72956
   0.13314  0.03045  0.72678
   0.14660  0.03458  0.72527
   0.16006  0.03856  0.72459
   0.17353  0.04237  0.72412
   0.18701  0.04600  0.72439
   0.20050  0.04946  0.72468
   0.21401  0.05272  0.72485
   0.22754  0.05578  0.72562
   0.24110  0.05864  0.72563
   0.25466  0.06128  0.72576
   0.26824  0.06370  0.72642
   0.28180  0.06589  0.72594
   0.29536  0.06784  0.72598
   0.30890  0.06952  0.72457
   0.32245  0.07094  0.72285
   0.33600  0.07210  0.71962
   0.34958  0.07299  0.71603
   0.36319  0.07363  0.71103
   0.37685  0.07403  0.70499
   0.39057  0.07417  0.69875
   0.40435  0.07409  0.69042
   0.41820  0.07378  0.68141
   0.43213  0.07329  0.67247
   0.44613  0.07261  0.66120
   0.46020  0.07178  0.65160
   0.47431  0.07081  0.64149
   0.48845  0.06970  0.63175
   0.50261  0.06848  0.62055
   0.51678  0.06715  0.61017
   0.53097  0.06572  0.59833
   0.54517  0.06420  0.58833
   0.55937  0.06259  0.57778
   0.57358  0.06089  0.56938
   0.58780  0.05912  0.55242
   0.60203  0.05728  0.54236
   0.61626  0.05536  0.53638
   0.63051  0.05339  0.52730
   0.64477  0.05135  0.52121
   0.65903  0.04927  0.53545
   0.67330  0.04713  0.55547
   0.68757  0.04495  0.57171
   0.70185  0.04273  0.54817
   0.71614  0.04047  0.48598
   0.73044  0.03817  0.38455
   0.74474  0.03585  0.31236
   0.75906  0.03350  0.29664
   0.77340  0.03113  0.32681
   0.78776  0.02874  0.34577
   0.80212  0.02635  0.34794
   0.81650  0.02395  0.33140
   0.83086  0.02156  0.31250
   0.84521  0.01918  0.29054
   0.85952  0.01682  0.26295
   0.87380  0.01450  0.23898
   0.88802  0.01223  0.21773
   0.90221  0.01002  0.19393
   0.91635  0.00790  0.15648
   0.93040  0.00588  0.12744
   0.94423  0.00405  0.09207
   0.95766  0.00250  0.04993
   0.97060  0.00135  0.03564
   0.98318  0.00064  0.06661
   0.99447  0.00023  0.12097
   1.00000  0.00000  0.13285
