                                                
 Alfa =  10.00000 Re =  4000000.000 Xflap,Yflap =     0.000000    0.000000
#    x        y        Cp  
   1.00000  0.00000  0.42601
   0.99278  0.00067  0.37373
   0.98101  0.00222  0.29818
   0.96789  0.00433  0.22425
   0.95347  0.00682  0.16440
   0.93807  0.00957  0.10926
   0.92200  0.01251  0.05536
   0.90560  0.01554 -0.00298
   0.88921  0.01853 -0.06328
   0.87293  0.02135 -0.11379
   0.85669  0.02398 -0.15438
   0.84038  0.02642 -0.18413
   0.82387  0.02869 -0.20406
   0.80712  0.03086 -0.22012
   0.79015  0.03295 -0.23773
   0.77305  0.03498 -0.25456
   0.75586  0.03695 -0.27268
   0.73861  0.03887 -0.29178
   0.72132  0.04075 -0.31062
   0.70399  0.04257 -0.32931
   0.68662  0.04436 -0.34818
   0.66922  0.04610 -0.36749
   0.65179  0.04781 -0.38756
   0.63434  0.04949 -0.40863
   0.61689  0.05113 -0.43006
   0.59945  0.05274 -0.45272
   0.58200  0.05430 -0.47620
   0.56456  0.05583 -0.50022
   0.54712  0.05732 -0.52435
   0.52967  0.05878 -0.55003
   0.51222  0.06019 -0.57644
   0.49477  0.06157 -0.60495
   0.47733  0.06291 -0.63526
   0.45992  0.06420 -0.66719
   0.44253  0.06544 -0.70001
   0.42516  0.06663 -0.73572
   0.40780  0.06777 -0.77277
   0.39046  0.06886 -0.81299
   0.37315  0.06988 -0.85608
   0.35589  0.07084 -0.90258
   0.33867  0.07172 -0.95373
   0.32152  0.07252 -1.00922
   0.30445  0.07323 -1.06937
   0.28748  0.07384 -1.13595
   0.27061  0.07434 -1.20879
   0.25389  0.07472 -1.29039
   0.23734  0.07495 -1.38288
   0.22103  0.07501 -1.48592
   0.20505  0.07490 -1.60807
   0.18950  0.07455 -1.74389
   0.17442  0.07393 -1.88488
   0.15983  0.07300 -2.03071
   0.14572  0.07174 -2.17577
   0.13212  0.07011 -2.31604
   0.11905  0.06812 -2.45232
   0.10659  0.06579 -2.58710
   0.09482  0.06315 -2.71911
   0.08381  0.06024 -2.84293
   0.07362  0.05710 -2.95805
   0.06430  0.05381 -3.06239
   0.05589  0.05043 -3.15834
   0.04838  0.04705 -3.25070
   0.04171  0.04370 -3.32743
   0.03582  0.04041 -3.40820
   0.03061  0.03722 -3.48362
   0.02603  0.03413 -3.54425
   0.02203  0.03115 -3.59010
   0.01854  0.02832 -3.63260
   0.01548  0.02560 -3.66314
   0.01278  0.02300 -3.69574
   0.01039  0.02048 -3.74368
   0.00827  0.01803 -3.82645
   0.00640  0.01563 -3.90550
   0.00478  0.01329 -3.93603
   0.00342  0.01101 -3.94034
   0.00229  0.00882 -3.95216
   0.00138  0.00673 -3.99516
   0.00071  0.00473 -3.97908
   0.00026  0.00280 -3.87703
   0.00003  0.00093 -3.63130
   0.00003 -0.00093 -3.13389
   0.00026 -0.00280 -2.46442
   0.00071 -0.00473 -1.80362
   0.00138 -0.00673 -1.20838
   0.00229 -0.00882 -0.69665
   0.00342 -0.01101 -0.29136
   0.00478 -0.01329  0.03544
   0.00640 -0.01563  0.30263
   0.00827 -0.01803  0.51560
   0.01039 -0.02048  0.67768
   0.01278 -0.02300  0.79682
   0.01548 -0.02560  0.88368
   0.01854 -0.02832  0.94439
   0.02203 -0.03115  0.98202
   0.02603 -0.03413  0.99872
   0.03061 -0.03722  0.99655
   0.03582 -0.04041  0.97775
   0.04171 -0.04370  0.94483
   0.04838 -0.04705  0.90000
   0.05589 -0.05043  0.84583
   0.06430 -0.05381  0.78466
   0.07362 -0.05710  0.71951
   0.08381 -0.06024  0.65370
   0.09482 -0.06315  0.58963
   0.10659 -0.06579  0.53009
   0.11905 -0.06812  0.47549
   0.13212 -0.07011  0.42717
   0.14572 -0.07174  0.38685
   0.15983 -0.07300  0.35404
   0.17442 -0.07393  0.32869
   0.18950 -0.07455  0.30943
   0.20505 -0.07490  0.29525
   0.22103 -0.07501  0.28339
   0.23734 -0.07495  0.27132
   0.25389 -0.07472  0.26123
   0.27061 -0.07434  0.25131
   0.28748 -0.07384  0.24231
   0.30445 -0.07323  0.23410
   0.32152 -0.07252  0.22662
   0.33867 -0.07172  0.21958
   0.35589 -0.07084  0.21330
   0.37316 -0.06988  0.20707
   0.39046 -0.06886  0.20119
   0.40780 -0.06777  0.19565
   0.42516 -0.06663  0.19017
   0.44253 -0.06544  0.18526
   0.45992 -0.06420  0.18039
   0.47733 -0.06291  0.17608
   0.49477 -0.06157  0.17194
   0.51222 -0.06019  0.16783
   0.52967 -0.05878  0.16343
   0.54712 -0.05732  0.15942
   0.56456 -0.05583  0.15544
   0.58200 -0.05430  0.15162
   0.59945 -0.05274  0.14845
   0.61689 -0.05113  0.14518
   0.63434 -0.04949  0.14187
   0.65179 -0.04781  0.13851
   0.66922 -0.04610  0.13521
   0.68662 -0.04436  0.13156
   0.70399 -0.04257  0.12821
   0.72132 -0.04075  0.12464
   0.73861 -0.03887  0.12205
   0.75586 -0.03695  0.11923
   0.77305 -0.03498  0.11600
   0.79015 -0.03295  0.11228
   0.80712 -0.03086  0.10910
   0.82387 -0.02869  0.10462
   0.84038 -0.02642  0.10351
   0.85669 -0.02398  0.10984
   0.87293 -0.02135  0.12471
   0.88921 -0.01853  0.14804
   0.90560 -0.01554  0.17966
   0.92200 -0.01251  0.21103
   0.93807 -0.00957  0.23950
   0.95347 -0.00682  0.26905
   0.96790 -0.00433  0.30460
   0.98101 -0.00222  0.35415
   0.99278 -0.00067  0.40529
   1.00000  0.00000  0.42601
