                                                
 Alfa =  10.00000 Re =  4000000.000 Xflap,Yflap =     0.000000    0.000000
#    x        y        Cp  
   1.00000  0.00270  0.30741
   0.99453  0.00296  0.25190
   0.98547  0.00345  0.22962
   0.97514  0.00411  0.21649
   0.96330  0.00500  0.20380
   0.94984  0.00618  0.18908
   0.93509  0.00767  0.17241
   0.91990  0.00940  0.15183
   0.90484  0.01129  0.13158
   0.89014  0.01327  0.11233
   0.87569  0.01535  0.09294
   0.86134  0.01752  0.07407
   0.84701  0.01981  0.05444
   0.83261  0.02222  0.03294
   0.81811  0.02475  0.00894
   0.80347  0.02742 -0.01366
   0.78872  0.03021 -0.04284
   0.77387  0.03312 -0.07162
   0.75896  0.03612 -0.10453
   0.74401  0.03920 -0.13822
   0.72904  0.04233 -0.17441
   0.71406  0.04551 -0.21182
   0.69909  0.04871 -0.25046
   0.68414  0.05191 -0.29035
   0.66919  0.05511 -0.33006
   0.65427  0.05830 -0.37278
   0.63936  0.06147 -0.41586
   0.62447  0.06460 -0.46050
   0.60960  0.06769 -0.50658
   0.59475  0.07072 -0.55376
   0.57991  0.07369 -0.60279
   0.56509  0.07660 -0.65397
   0.55029  0.07941 -0.70533
   0.53550  0.08214 -0.75919
   0.52073  0.08477 -0.81435
   0.50598  0.08729 -0.87094
   0.49125  0.08968 -0.92918
   0.47654  0.09195 -0.99021
   0.46186  0.09407 -1.05164
   0.44720  0.09603 -1.11420
   0.43257  0.09783 -1.17849
   0.41796  0.09944 -1.24195
   0.40338  0.10086 -1.30662
   0.38882  0.10208 -1.37055
   0.37428  0.10309 -1.43362
   0.35976  0.10387 -1.49593
   0.34527  0.10442 -1.55809
   0.33081  0.10473 -1.61874
   0.31637  0.10478 -1.67803
   0.30198  0.10458 -1.73556
   0.28763  0.10410 -1.79135
   0.27334  0.10334 -1.84492
   0.25912  0.10230 -1.89587
   0.24497  0.10097 -1.94375
   0.23089  0.09933 -1.98702
   0.21690  0.09738 -2.02746
   0.20298  0.09510 -2.06218
   0.18914  0.09250 -2.08902
   0.17538  0.08956 -2.11171
   0.16171  0.08629 -2.12961
   0.14812  0.08268 -2.14901
   0.13465  0.07874 -2.17405
   0.12133  0.07445 -2.19450
   0.10823  0.06980 -2.21007
   0.09543  0.06481 -2.21000
   0.08296  0.05949 -2.19845
   0.07051  0.05375 -2.20758
   0.05766  0.04733 -2.24682
   0.04590  0.04091 -2.32150
   0.03662  0.03535 -2.42849
   0.02883  0.03017 -2.53412
   0.02107  0.02427 -2.43143
   0.01335  0.01786 -2.36240
   0.00872  0.01399 -2.91222
   0.00579  0.01133 -3.50932
   0.00373  0.00921 -4.14061
   0.00222  0.00739 -4.82328
   0.00113  0.00576 -5.50485
   0.00038  0.00426 -6.15902
  -0.00006  0.00285 -6.50937
  -0.00021  0.00150 -6.28574
  -0.00005  0.00020 -5.20738
   0.00042 -0.00108 -3.43620
   0.00122 -0.00235 -1.88668
   0.00233 -0.00361 -0.77350
   0.00379 -0.00486 -0.01845
   0.00563 -0.00608  0.47124
   0.00792 -0.00725  0.77599
   0.01080 -0.00828  0.94372
   0.01439 -0.00891  0.99994
   0.01901 -0.00875  0.96994
   0.02541 -0.00754  0.93208
   0.03486 -0.00585  0.88608
   0.04707 -0.00401  0.82535
   0.05977 -0.00188  0.78247
   0.07345  0.00071  0.75949
   0.08821  0.00352  0.74139
   0.10288  0.00619  0.72746
   0.11722  0.00863  0.71637
   0.13147  0.01089  0.70710
   0.14580  0.01295  0.69869
   0.16024  0.01481  0.69007
   0.17478  0.01646  0.68103
   0.18938  0.01791  0.67210
   0.20404  0.01918  0.66361
   0.21872  0.02028  0.65544
   0.23342  0.02120  0.64790
   0.24813  0.02193  0.64002
   0.26284  0.02250  0.63188
   0.27755  0.02289  0.62395
   0.29227  0.02310  0.61549
   0.30699  0.02314  0.60593
   0.32173  0.02300  0.59627
   0.33649  0.02270  0.58548
   0.35128  0.02226  0.57419
   0.36610  0.02166  0.56236
   0.38095  0.02094  0.55015
   0.39584  0.02008  0.53690
   0.41078  0.01912  0.52314
   0.42576  0.01804  0.50840
   0.44078  0.01688  0.49379
   0.45586  0.01564  0.47756
   0.47097  0.01433  0.46236
   0.48613  0.01297  0.44539
   0.50133  0.01158  0.42977
   0.51657  0.01017  0.41411
   0.53183  0.00874  0.39911
   0.54709  0.00729  0.38406
   0.56235  0.00584  0.36817
   0.57760  0.00436  0.35236
   0.59286  0.00288  0.33578
   0.60809  0.00139  0.31786
   0.62327 -0.00010  0.29914
   0.63839 -0.00157  0.27877
   0.65346 -0.00300  0.25897
   0.66849 -0.00438  0.23899
   0.68347 -0.00569  0.21832
   0.69844 -0.00692  0.19858
   0.71340 -0.00806  0.18062
   0.72839 -0.00909  0.16341
   0.74341 -0.01003  0.14516
   0.75845 -0.01084  0.13082
   0.77348 -0.01154  0.11495
   0.78848 -0.01211  0.10046
   0.80338 -0.01255  0.08785
   0.81814 -0.01285  0.07466
   0.83272 -0.01300  0.06465
   0.84714 -0.01301  0.05587
   0.86144 -0.01287  0.04748
   0.87571 -0.01257  0.04267
   0.89006 -0.01210  0.04018
   0.90466 -0.01145  0.04207
   0.91966 -0.01058  0.04772
   0.93491 -0.00950  0.05871
   0.94974 -0.00826  0.07404
   0.96331 -0.00697  0.09568
   0.97521 -0.00571  0.11986
   0.98554 -0.00452  0.15425
   0.99457 -0.00340  0.20004
   1.00000 -0.00270  0.30741
