                                                
 Alfa =  10.00000 Re =  4000000.000 Xflap,Yflap =     0.000000    0.000000
#    x        y        Cp  
   1.00000  0.00400  0.36306
   0.99274  0.00580  0.20666
   0.98041  0.00885  0.13459
   0.96593  0.01244  0.07264
   0.94899  0.01665  0.01471
   0.93005  0.02136 -0.04379
   0.91036  0.02624 -0.09950
   0.89086  0.03105 -0.15350
   0.87158  0.03576 -0.20400
   0.85238  0.04038 -0.25529
   0.83318  0.04494 -0.30532
   0.81392  0.04942 -0.35566
   0.79461  0.05382 -0.40601
   0.77527  0.05810 -0.45644
   0.75597  0.06224 -0.50668
   0.73673  0.06623 -0.55620
   0.71755  0.07005 -0.60454
   0.69842  0.07369 -0.65237
   0.67931  0.07716 -0.69663
   0.66021  0.08045 -0.74001
   0.64108  0.08357 -0.78153
   0.62191  0.08653 -0.82360
   0.60268  0.08932 -0.86485
   0.58337  0.09196 -0.90563
   0.56398  0.09444 -0.94741
   0.54452  0.09677 -0.98875
   0.52502  0.09894 -1.03342
   0.50551  0.10096 -1.07927
   0.48605  0.10282 -1.13277
   0.46669  0.10451 -1.18986
   0.44745  0.10601 -1.24973
   0.42835  0.10730 -1.31139
   0.40935  0.10836 -1.37366
   0.39039  0.10919 -1.43448
   0.37142  0.10976 -1.49551
   0.35240  0.11008 -1.55626
   0.33336  0.11014 -1.62032
   0.31436  0.10993 -1.68867
   0.29551  0.10946 -1.76653
   0.27696  0.10872 -1.85808
   0.25879  0.10768 -1.95439
   0.24102  0.10629 -2.04887
   0.22360  0.10452 -2.14169
   0.20644  0.10234 -2.22369
   0.18939  0.09969 -2.28218
   0.17232  0.09655 -2.32295
   0.15517  0.09296 -2.37274
   0.13801  0.08896 -2.46831
   0.12113  0.08456 -2.60337
   0.10510  0.07984 -2.74909
   0.09048  0.07495 -2.93109
   0.07730  0.06987 -3.10351
   0.06488  0.06429 -3.14476
   0.05301  0.05823 -3.16387
   0.04290  0.05258 -3.41960
   0.03502  0.04762 -3.73233
   0.02875  0.04301 -3.93796
   0.02357  0.03845 -3.83829
   0.01906  0.03374 -3.37054
   0.01496  0.02904 -2.98701
   0.01129  0.02474 -2.95063
   0.00817  0.02100 -3.21994
   0.00565  0.01776 -3.53530
   0.00366  0.01488 -3.85699
   0.00212  0.01227 -4.16043
   0.00096  0.00986 -4.42691
   0.00015  0.00759 -4.56259
  -0.00032  0.00544 -4.52987
  -0.00048  0.00337 -4.22774
  -0.00031  0.00137 -3.61648
   0.00019 -0.00060 -2.71687
   0.00104 -0.00253 -1.75495
   0.00222 -0.00442 -0.95142
   0.00370 -0.00624 -0.32597
   0.00550 -0.00797  0.14709
   0.00759 -0.00954  0.49544
   0.01001 -0.01090  0.74275
   0.01273 -0.01192  0.90489
   0.01580 -0.01246  0.98496
   0.01929 -0.01252  0.99962
   0.02334 -0.01218  0.98720
   0.02804 -0.01169  0.96778
   0.03340 -0.01121  0.94152
   0.03924 -0.01069  0.91005
   0.04527 -0.01005  0.87542
   0.05131 -0.00919  0.84275
   0.05738 -0.00798  0.82002
   0.06344 -0.00645  0.80689
   0.06914 -0.00473  0.80235
   0.07415 -0.00301  0.80065
   0.07835 -0.00139  0.78458
   0.08168  0.00030  0.77890
   0.08424  0.00221  0.80872
   0.08611  0.00447  0.88585
   0.08755  0.00698  0.94509
   0.08888  0.00957  0.97312
   0.09035  0.01203  0.98569
   0.09210  0.01419  0.99085
   0.09414  0.01594  0.99370
   0.09645  0.01723  0.99524
   0.09895  0.01792  0.99617
   0.10154  0.01787  0.99612
   0.10406  0.01703  0.99522
   0.10631  0.01550  0.99287
   0.10829  0.01335  0.98564
   0.11019  0.01073  0.96678
   0.11222  0.00798  0.92415
   0.11458  0.00538  0.84226
   0.11752  0.00316  0.72013
   0.12118  0.00165  0.64064
   0.12576  0.00091  0.69375
   0.13148  0.00035  0.68415
   0.13861 -0.00009  0.66298
   0.14719 -0.00023  0.64144
   0.15697  0.00005  0.62859
   0.16812  0.00084  0.62609
   0.18098  0.00216  0.63347
   0.19599  0.00393  0.64646
   0.21342  0.00583  0.64840
   0.23300  0.00759  0.63992
   0.25290  0.00904  0.62791
   0.27275  0.01024  0.61422
   0.29295  0.01127  0.60007
   0.31271  0.01217  0.58812
   0.33208  0.01296  0.57887
   0.35129  0.01364  0.56975
   0.37053  0.01420  0.56123
   0.38988  0.01463  0.55212
   0.40941  0.01492  0.54108
   0.42913  0.01506  0.52832
   0.44902  0.01510  0.51466
   0.46905  0.01507  0.50109
   0.48919  0.01502  0.48814
   0.50935  0.01499  0.47806
   0.52948  0.01498  0.47159
   0.54952  0.01497  0.46573
   0.56946  0.01492  0.46106
   0.58931  0.01480  0.45588
   0.60910  0.01459  0.44947
   0.62892  0.01426  0.44054
   0.64880  0.01383  0.43116
   0.66878  0.01332  0.42150
   0.68886  0.01274  0.41068
   0.70904  0.01211  0.40192
   0.72929  0.01143  0.39196
   0.74955  0.01070  0.38356
   0.76978  0.00991  0.37396
   0.78992  0.00905  0.36441
   0.80990  0.00814  0.35173
   0.82968  0.00717  0.33825
   0.84927  0.00619  0.32343
   0.86874  0.00523  0.31036
   0.88822  0.00431  0.29748
   0.90789  0.00348  0.28981
   0.92784  0.00271  0.28634
   0.94726  0.00200  0.28630
   0.96478  0.00135  0.28590
   0.97978  0.00078  0.28867
   0.99252  0.00029  0.30385
   1.00000  0.00000  0.36306
