                                                
 Alfa =  10.00000 Re =  4000000.000 Xflap,Yflap =     0.000000    0.000000
#    x        y        Cp  
   1.00000  0.00000  0.38969
   0.99452  0.00212  0.28036
   0.98504  0.00603  0.14112
   0.97412  0.01055  0.01357
   0.96217  0.01524 -0.08049
   0.94918  0.02001 -0.14392
   0.93516  0.02486 -0.19132
   0.92032  0.02980 -0.23479
   0.90494  0.03476 -0.28087
   0.88927  0.03970 -0.32819
   0.87343  0.04458 -0.37324
   0.85749  0.04938 -0.42179
   0.84150  0.05409 -0.46788
   0.82548  0.05870 -0.51604
   0.80944  0.06319 -0.56398
   0.79340  0.06758 -0.61091
   0.77737  0.07185 -0.66034
   0.76134  0.07599 -0.70750
   0.74531  0.08001 -0.75844
   0.72930  0.08390 -0.80622
   0.71330  0.08764 -0.85689
   0.69733  0.09124 -0.90730
   0.68139  0.09469 -0.95713
   0.66548  0.09798 -1.00781
   0.64959  0.10110 -1.05693
   0.63371  0.10406 -1.10552
   0.61783  0.10685 -1.15327
   0.60194  0.10947 -1.19979
   0.58605  0.11192 -1.24639
   0.57014  0.11421 -1.29162
   0.55423  0.11631 -1.33730
   0.53832  0.11824 -1.38331
   0.52240  0.12000 -1.42729
   0.50649  0.12158 -1.47282
   0.49057  0.12298 -1.51766
   0.47466  0.12419 -1.56258
   0.45876  0.12522 -1.60801
   0.44287  0.12607 -1.65513
   0.42700  0.12673 -1.70108
   0.41117  0.12719 -1.74847
   0.39537  0.12746 -1.79680
   0.37961  0.12753 -1.84594
   0.36390  0.12739 -1.89570
   0.34824  0.12705 -1.94801
   0.33266  0.12650 -2.00033
   0.31717  0.12573 -2.05501
   0.30177  0.12474 -2.10980
   0.28647  0.12352 -2.16676
   0.27129  0.12207 -2.22396
   0.25623  0.12038 -2.28319
   0.24132  0.11844 -2.34282
   0.22657  0.11625 -2.40493
   0.21200  0.11381 -2.46651
   0.19761  0.11110 -2.52952
   0.18343  0.10812 -2.59210
   0.16947  0.10487 -2.65637
   0.15577  0.10135 -2.72156
   0.14234  0.09755 -2.78811
   0.12924  0.09348 -2.85835
   0.11652  0.08915 -2.93119
   0.10424  0.08458 -3.00701
   0.09247  0.07979 -3.08536
   0.08129  0.07481 -3.16630
   0.07078  0.06969 -3.24905
   0.06103  0.06449 -3.33223
   0.05213  0.05929 -3.41628
   0.04413  0.05418 -3.49887
   0.03705  0.04922 -3.58074
   0.03088  0.04448 -3.65377
   0.02556  0.04001 -3.73168
   0.02103  0.03584 -3.80267
   0.01716  0.03194 -3.86325
   0.01388  0.02831 -3.92359
   0.01110  0.02492 -3.98572
   0.00874  0.02176 -4.03105
   0.00676  0.01880 -4.06545
   0.00510  0.01603 -4.12967
   0.00372  0.01343 -4.18421
   0.00260  0.01098 -4.21281
   0.00170  0.00865 -4.23574
   0.00099  0.00643 -4.26656
   0.00047  0.00431 -4.32342
   0.00014  0.00230 -4.36952
   0.00000  0.00040 -4.42228
   0.00007 -0.00146 -4.46384
   0.00039 -0.00330 -4.77802
   0.00117 -0.00504 -4.29785
   0.00254 -0.00648 -1.88488
   0.00426 -0.00770 -0.69362
   0.00624 -0.00879 -0.03750
   0.00848 -0.00979  0.36733
   0.01099 -0.01073  0.61892
   0.01382 -0.01163  0.78289
   0.01702 -0.01249  0.88646
   0.02066 -0.01332  0.95056
   0.02485 -0.01411  0.98574
   0.02972 -0.01486  0.99931
   0.03542 -0.01558  0.99660
   0.04217 -0.01626  0.98134
   0.05017 -0.01686  0.95650
   0.05961 -0.01735  0.92477
   0.07062 -0.01769  0.88879
   0.08315 -0.01783  0.85181
   0.09697 -0.01777  0.81530
   0.11179 -0.01749  0.78173
   0.12732 -0.01701  0.75114
   0.14334 -0.01636  0.72418
   0.15971 -0.01557  0.70030
   0.17634 -0.01466  0.67919
   0.19316 -0.01364  0.66083
   0.21013 -0.01254  0.64420
   0.22722 -0.01138  0.62973
   0.24440 -0.01015  0.61670
   0.26166 -0.00888  0.60532
   0.27900 -0.00758  0.59477
   0.29640 -0.00625  0.58541
   0.31385 -0.00490  0.57713
   0.33134 -0.00354  0.56961
   0.34883 -0.00217  0.56251
   0.36632 -0.00080  0.55678
   0.38379  0.00056  0.55128
   0.40123  0.00191  0.54648
   0.41865  0.00324  0.54178
   0.43605  0.00455  0.53822
   0.45341  0.00584  0.53472
   0.47074  0.00709  0.53129
   0.48803  0.00832  0.52908
   0.50529  0.00951  0.52660
   0.52252  0.01065  0.52439
   0.53971  0.01176  0.52270
   0.55687  0.01281  0.52069
   0.57400  0.01381  0.51983
   0.59109  0.01474  0.51833
   0.60813  0.01562  0.51773
   0.62514  0.01643  0.51652
   0.64211  0.01716  0.51575
   0.65903  0.01782  0.51508
   0.67592  0.01840  0.51406
   0.69275  0.01888  0.51407
   0.70954  0.01928  0.51310
   0.72628  0.01957  0.51266
   0.74297  0.01977  0.51173
   0.75962  0.01985  0.51127
   0.77622  0.01982  0.51006
   0.79275  0.01967  0.50953
   0.80919  0.01940  0.50957
   0.82555  0.01899  0.50734
   0.84180  0.01845  0.50769
   0.85794  0.01775  0.50572
   0.87392  0.01690  0.50548
   0.88971  0.01589  0.50396
   0.90520  0.01470  0.50299
   0.92027  0.01333  0.50297
   0.93478  0.01177  0.50015
   0.94862  0.01001  0.49589
   0.96165  0.00804  0.48825
   0.97372  0.00591  0.47478
   0.98466  0.00367  0.45635
   0.99432  0.00143  0.43980
   1.00000  0.00000  0.38969
