                                                
 Alfa =  10.00000 Re =  4000000.000 Xflap,Yflap =     0.000000    0.000000
#    x        y        Cp  
   1.00000  0.00000  0.28954
   0.99457 -0.00028  0.27785
   0.98446 -0.00064  0.25797
   0.97256 -0.00079  0.24266
   0.95951 -0.00066  0.22384
   0.94585 -0.00027  0.20331
   0.93186  0.00034  0.17947
   0.91755  0.00114  0.15329
   0.90302  0.00209  0.12878
   0.88834  0.00313  0.10386
   0.87358  0.00426  0.08179
   0.85878  0.00545  0.05832
   0.84393  0.00671  0.03654
   0.82903  0.00800  0.01537
   0.81409  0.00934 -0.00750
   0.79910  0.01070 -0.02954
   0.78408  0.01208 -0.04985
   0.76904  0.01348 -0.07042
   0.75400  0.01489 -0.09228
   0.73896  0.01630 -0.11208
   0.72391  0.01772 -0.13408
   0.70887  0.01913 -0.15485
   0.69383  0.02053 -0.17642
   0.67880  0.02192 -0.19720
   0.66379  0.02330 -0.21743
   0.64878  0.02466 -0.23938
   0.63380  0.02600 -0.26102
   0.61882  0.02731 -0.28218
   0.60386  0.02860 -0.30432
   0.58890  0.02987 -0.32567
   0.57395  0.03110 -0.34757
   0.55901  0.03230 -0.37057
   0.54407  0.03347 -0.39252
   0.52915  0.03461 -0.41627
   0.51423  0.03571 -0.44000
   0.49932  0.03676 -0.46438
   0.48442  0.03778 -0.48881
   0.46953  0.03875 -0.51459
   0.45466  0.03967 -0.54005
   0.43979  0.04055 -0.56729
   0.42494  0.04137 -0.59411
   0.41010  0.04213 -0.62290
   0.39528  0.04284 -0.65201
   0.38046  0.04348 -0.68185
   0.36566  0.04406 -0.71263
   0.35087  0.04457 -0.74510
   0.33611  0.04501 -0.77964
   0.32137  0.04537 -0.81504
   0.30666  0.04565 -0.85220
   0.29197  0.04584 -0.89046
   0.27731  0.04594 -0.93126
   0.26267  0.04595 -0.97355
   0.24807  0.04585 -1.01947
   0.23351  0.04565 -1.06904
   0.21900  0.04532 -1.12067
   0.20456  0.04488 -1.17750
   0.19019  0.04430 -1.23795
   0.17589  0.04357 -1.30228
   0.16165  0.04268 -1.37453
   0.14751  0.04162 -1.45215
   0.13350  0.04039 -1.54133
   0.11968  0.03896 -1.64304
   0.10606  0.03732 -1.75735
   0.09261  0.03543 -1.88958
   0.07947  0.03329 -2.04513
   0.06698  0.03092 -2.23790
   0.05526  0.02833 -2.45704
   0.04412  0.02542 -2.71988
   0.03422  0.02240 -3.04670
   0.02649  0.01966 -3.48279
   0.02049  0.01713 -3.89072
   0.01553  0.01465 -4.17523
   0.01138  0.01226 -4.44516
   0.00807  0.01016 -4.93153
   0.00550  0.00841 -6.22781
   0.00358  0.00683 -7.83557
   0.00217  0.00530 -9.07849
   0.00118  0.00374 -9.50005
   0.00055  0.00211 -8.85859
   0.00023  0.00047 -7.97890
   0.00023 -0.00114 -7.05037
   0.00055 -0.00268 -5.65655
   0.00124 -0.00414 -3.58581
   0.00233 -0.00559 -1.81683
   0.00387 -0.00711 -0.59199
   0.00597 -0.00882  0.14887
   0.00870 -0.01087  0.53759
   0.01218 -0.01323  0.78028
   0.01630 -0.01570  0.91966
   0.02119 -0.01821  0.98584
   0.02739 -0.02096  0.99905
   0.03573 -0.02417  0.97026
   0.04596 -0.02758  0.91270
   0.05690 -0.03073  0.84719
   0.06862 -0.03364  0.78152
   0.08121 -0.03638  0.71781
   0.09429 -0.03887  0.65893
   0.10758 -0.04109  0.60662
   0.12109 -0.04306  0.56036
   0.13485 -0.04482  0.51881
   0.14881 -0.04639  0.48097
   0.16289 -0.04777  0.44755
   0.17706 -0.04899  0.41692
   0.19132 -0.05004  0.38963
   0.20566 -0.05095  0.36502
   0.22008 -0.05172  0.34232
   0.23455 -0.05236  0.32244
   0.24908 -0.05288  0.30367
   0.26367 -0.05330  0.28718
   0.27829 -0.05361  0.27119
   0.29295 -0.05382  0.25738
   0.30765 -0.05394  0.24388
   0.32237 -0.05398  0.23168
   0.33713 -0.05394  0.22043
   0.35190 -0.05382  0.20972
   0.36669 -0.05363  0.19944
   0.38150 -0.05338  0.19036
   0.39632 -0.05306  0.18210
   0.41116 -0.05267  0.17315
   0.42600 -0.05223  0.16571
   0.44085 -0.05173  0.15815
   0.45572 -0.05117  0.15197
   0.47060 -0.05057  0.14492
   0.48549 -0.04991  0.13940
   0.50038 -0.04920  0.13338
   0.51528 -0.04845  0.12777
   0.53017 -0.04765  0.12251
   0.54507 -0.04680  0.11724
   0.55997 -0.04591  0.11281
   0.57488 -0.04498  0.10924
   0.58979 -0.04401  0.10405
   0.60472 -0.04299  0.10060
   0.61963 -0.04194  0.09722
   0.63455 -0.04085  0.09264
   0.64946 -0.03972  0.08942
   0.66437 -0.03856  0.08646
   0.67928 -0.03735  0.08338
   0.69420 -0.03611  0.08083
   0.70912 -0.03483  0.07760
   0.72403 -0.03352  0.07543
   0.73894 -0.03218  0.07301
   0.75384 -0.03079  0.07096
   0.76875 -0.02937  0.06822
   0.78365 -0.02792  0.06761
   0.79854 -0.02643  0.06399
   0.81341 -0.02491  0.06312
   0.82828 -0.02335  0.06132
   0.84313 -0.02175  0.06041
   0.85798 -0.02010  0.05918
   0.87281 -0.01842  0.05807
   0.88762 -0.01669  0.05755
   0.90237 -0.01492  0.05608
   0.91704 -0.01310  0.05406
   0.93152 -0.01123  0.05139
   0.94569 -0.00927  0.05106
   0.95934 -0.00721  0.05981
   0.97233 -0.00501  0.09112
   0.98446 -0.00275  0.16024
   0.99464 -0.00088  0.24418
   1.00000  0.00000  0.28954
