                                                
 Alfa =  10.00000 Re =  4000000.000 Xflap,Yflap =     0.000000    0.000000
#    x        y        Cp  
   1.00000  0.00000  0.22871
   0.99441  0.00015  0.19337
   0.98311  0.00060  0.17286
   0.97008  0.00128  0.15118
   0.95655  0.00215  0.13430
   0.94292  0.00318  0.11475
   0.92921  0.00436  0.09628
   0.91541  0.00565  0.07347
   0.90157  0.00705  0.05463
   0.88769  0.00853  0.03175
   0.87379  0.01009  0.01264
   0.85986  0.01171 -0.01109
   0.84591  0.01337 -0.03022
   0.83194  0.01509 -0.05217
   0.81797  0.01684 -0.07355
   0.80400  0.01863 -0.09288
   0.79001  0.02045 -0.11784
   0.77601  0.02230 -0.13774
   0.76199  0.02417 -0.16278
   0.74796  0.02606 -0.18485
   0.73393  0.02796 -0.20901
   0.71989  0.02988 -0.23314
   0.70585  0.03181 -0.25852
   0.69181  0.03374 -0.28445
   0.67776  0.03567 -0.31181
   0.66371  0.03759 -0.34102
   0.64967  0.03951 -0.36833
   0.63564  0.04141 -0.39930
   0.62164  0.04328 -0.43165
   0.60766  0.04513 -0.46372
   0.59372  0.04694 -0.49992
   0.57980  0.04869 -0.53408
   0.56590  0.05039 -0.56914
   0.55203  0.05201 -0.60412
   0.53816  0.05357 -0.63821
   0.52430  0.05505 -0.67389
   0.51046  0.05645 -0.70936
   0.49662  0.05776 -0.74300
   0.48279  0.05897 -0.77831
   0.46897  0.06008 -0.81303
   0.45516  0.06110 -0.84578
   0.44135  0.06200 -0.88054
   0.42754  0.06280 -0.91376
   0.41374  0.06349 -0.94738
   0.39996  0.06405 -0.98116
   0.38618  0.06450 -1.01396
   0.37242  0.06481 -1.04454
   0.35867  0.06500 -1.07640
   0.34492  0.06506 -1.10428
   0.33117  0.06498 -1.13303
   0.31742  0.06477 -1.15963
   0.30364  0.06444 -1.18659
   0.28986  0.06398 -1.21359
   0.27608  0.06340 -1.24372
   0.26231  0.06269 -1.27636
   0.24856  0.06186 -1.30936
   0.23483  0.06090 -1.34547
   0.22112  0.05982 -1.38386
   0.20743  0.05860 -1.42614
   0.19377  0.05725 -1.47254
   0.18017  0.05575 -1.52385
   0.16662  0.05410 -1.58045
   0.15313  0.05230 -1.64327
   0.13971  0.05031 -1.71294
   0.12640  0.04815 -1.79151
   0.11321  0.04579 -1.88171
   0.10015  0.04321 -1.98501
   0.08720  0.04037 -2.10805
   0.07449  0.03728 -2.25432
   0.06225  0.03396 -2.44006
   0.05046  0.03032 -2.65922
   0.03887  0.02623 -2.92896
   0.02854  0.02203 -3.35755
   0.02034  0.01807 -3.87526
   0.01360  0.01409 -4.20237
   0.00844  0.01055 -4.70057
   0.00505  0.00796 -6.40965
   0.00289  0.00584 -8.13568
   0.00151  0.00391 -8.92592
   0.00065  0.00208 -9.37285
   0.00022  0.00040-10.07614
   0.00021 -0.00109-10.43483
   0.00067 -0.00242 -7.65514
   0.00164 -0.00364 -3.67856
   0.00323 -0.00487 -1.21773
   0.00573 -0.00628  0.04764
   0.00978 -0.00817  0.64501
   0.01551 -0.01023  0.91899
   0.02190 -0.01198  0.99415
   0.03038 -0.01377  0.99046
   0.04256 -0.01575  0.93702
   0.05527 -0.01729  0.87584
   0.06778 -0.01848  0.82099
   0.08100 -0.01946  0.77058
   0.09472 -0.02026  0.72538
   0.10845 -0.02089  0.68669
   0.12216 -0.02138  0.65263
   0.13595 -0.02175  0.62285
   0.14985 -0.02203  0.59604
   0.16382 -0.02222  0.57225
   0.17780 -0.02234  0.55042
   0.19180 -0.02240  0.53119
   0.20583 -0.02240  0.51340
   0.21988 -0.02236  0.49720
   0.23396 -0.02227  0.48188
   0.24805 -0.02215  0.46795
   0.26215 -0.02200  0.45478
   0.27626 -0.02182  0.44283
   0.29037 -0.02161  0.43084
   0.30450 -0.02138  0.42076
   0.31863 -0.02112  0.40984
   0.33277 -0.02085  0.40063
   0.34692 -0.02056  0.39163
   0.36107 -0.02025  0.38266
   0.37522 -0.01993  0.37472
   0.38938 -0.01960  0.36648
   0.40354 -0.01925  0.35896
   0.41772 -0.01890  0.35184
   0.43189 -0.01854  0.34411
   0.44606 -0.01818  0.33743
   0.46023 -0.01780  0.33058
   0.47440 -0.01742  0.32395
   0.48857 -0.01703  0.31791
   0.50274 -0.01663  0.31194
   0.51693 -0.01623  0.30678
   0.53112 -0.01583  0.29958
   0.54531 -0.01542  0.29497
   0.55949 -0.01501  0.28819
   0.57367 -0.01460  0.28317
   0.58784 -0.01419  0.27761
   0.60202 -0.01376  0.27255
   0.61621 -0.01334  0.26823
   0.63040 -0.01291  0.26271
   0.64459 -0.01249  0.25808
   0.65878 -0.01206  0.25235
   0.67296 -0.01163  0.24738
   0.68715 -0.01120  0.24264
   0.70134 -0.01077  0.23779
   0.71552 -0.01033  0.23349
   0.72972 -0.00990  0.22749
   0.74391 -0.00946  0.22359
   0.75810 -0.00903  0.21788
   0.77228 -0.00859  0.21387
   0.78647 -0.00815  0.20917
   0.80066 -0.00770  0.20351
   0.81485 -0.00726  0.19911
   0.82904 -0.00681  0.19366
   0.84322 -0.00637  0.18904
   0.85738 -0.00592  0.18227
   0.87154 -0.00545  0.17756
   0.88570 -0.00498  0.17401
   0.89987 -0.00451  0.16709
   0.91403 -0.00402  0.16142
   0.92814 -0.00351  0.15418
   0.94216 -0.00298  0.14698
   0.95603 -0.00237  0.14397
   0.96971 -0.00168  0.14867
   0.98300 -0.00090  0.17447
   0.99444 -0.00024  0.20574
   1.00000  0.00000  0.22871
