                                                
 Alfa =  10.00000 Re =  4000000.000 Xflap,Yflap =     0.000000    0.000000
#    x        y        Cp  
   1.00000  0.00420  0.34083
   0.99451  0.00506  0.20729
   0.98539  0.00649  0.14821
   0.97495  0.00812  0.10337
   0.96293  0.00997  0.06507
   0.94923  0.01207  0.02883
   0.93460  0.01429 -0.00176
   0.92019  0.01646 -0.02875
   0.90560  0.01866 -0.05405
   0.89082  0.02089 -0.07862
   0.87627  0.02309 -0.10372
   0.86183  0.02528 -0.12826
   0.84740  0.02747 -0.15320
   0.83289  0.02966 -0.17675
   0.81827  0.03187 -0.20211
   0.80351  0.03408 -0.22612
   0.78864  0.03629 -0.25037
   0.77376  0.03848 -0.27536
   0.75891  0.04065 -0.29870
   0.74405  0.04281 -0.32269
   0.72917  0.04495 -0.34808
   0.71425  0.04708 -0.37314
   0.69936  0.04919 -0.40056
   0.68451  0.05128 -0.42838
   0.66969  0.05334 -0.45875
   0.65490  0.05536 -0.48909
   0.64012  0.05735 -0.52111
   0.62536  0.05929 -0.55329
   0.61061  0.06118 -0.58576
   0.59587  0.06301 -0.61916
   0.58112  0.06477 -0.65186
   0.56638  0.06647 -0.68544
   0.55165  0.06810 -0.71939
   0.53691  0.06966 -0.75428
   0.52218  0.07113 -0.78868
   0.50745  0.07253 -0.82543
   0.49274  0.07384 -0.86196
   0.47805  0.07505 -0.90182
   0.46338  0.07617 -0.94201
   0.44874  0.07718 -0.98169
   0.43413  0.07808 -1.02248
   0.41953  0.07886 -1.06378
   0.40496  0.07951 -1.10431
   0.39040  0.08002 -1.14507
   0.37584  0.08040 -1.18459
   0.36128  0.08063 -1.22365
   0.34672  0.08072 -1.26378
   0.33216  0.08066 -1.30411
   0.31762  0.08046 -1.34636
   0.30309  0.08010 -1.38969
   0.28860  0.07958 -1.43877
   0.27417  0.07890 -1.48981
   0.25979  0.07804 -1.54309
   0.24550  0.07699 -1.59538
   0.23129  0.07572 -1.64853
   0.21717  0.07424 -1.69910
   0.20314  0.07252 -1.74755
   0.18920  0.07055 -1.78781
   0.17533  0.06834 -1.82489
   0.16151  0.06588 -1.86119
   0.14766  0.06318 -1.90502
   0.13371  0.06019 -1.96007
   0.11969  0.05692 -2.02399
   0.10583  0.05338 -2.10130
   0.09252  0.04968 -2.21145
   0.07993  0.04582 -2.34189
   0.06752  0.04153 -2.42297
   0.05466  0.03656 -2.47633
   0.04278  0.03158 -2.66528
   0.03316  0.02719 -2.95012
   0.02490  0.02297 -3.29362
   0.01713  0.01840 -3.64089
   0.01145  0.01457 -4.06280
   0.00782  0.01186 -4.79550
   0.00532  0.00972 -5.57690
   0.00348  0.00789 -6.41021
   0.00212  0.00625 -7.30216
   0.00113  0.00473 -8.19249
   0.00045  0.00329 -8.88749
   0.00006  0.00191 -9.15138
  -0.00004  0.00057 -8.53443
   0.00014 -0.00077 -6.82112
   0.00062 -0.00210 -4.75366
   0.00139 -0.00345 -3.01678
   0.00244 -0.00481 -1.69510
   0.00382 -0.00619 -0.74620
   0.00557 -0.00760 -0.06583
   0.00776 -0.00901  0.40582
   0.01056 -0.01038  0.72378
   0.01413 -0.01153  0.92081
   0.01884 -0.01213  0.99728
   0.02533 -0.01206  0.98953
   0.03440 -0.01196  0.95373
   0.04576 -0.01199  0.89789
   0.05789 -0.01173  0.84464
   0.07109 -0.01105  0.80591
   0.08568 -0.01021  0.76945
   0.10058 -0.00937  0.73519
   0.11532 -0.00849  0.70816
   0.13003 -0.00758  0.68607
   0.14485 -0.00666  0.66738
   0.15977 -0.00577  0.65096
   0.17470 -0.00491  0.63636
   0.18958 -0.00412  0.62317
   0.20439 -0.00339  0.61079
   0.21913 -0.00275  0.59919
   0.23385 -0.00218  0.58781
   0.24855 -0.00169  0.57708
   0.26324 -0.00128  0.56668
   0.27796 -0.00094  0.55596
   0.29270 -0.00069  0.54549
   0.30748 -0.00052  0.53457
   0.32229 -0.00044  0.52300
   0.33713 -0.00042  0.51131
   0.35202 -0.00046  0.49944
   0.36694 -0.00055  0.48714
   0.38190 -0.00069  0.47527
   0.39688 -0.00086  0.46315
   0.41188 -0.00106  0.45193
   0.42691 -0.00127  0.44105
   0.44194 -0.00150  0.42991
   0.45697 -0.00174  0.41980
   0.47201 -0.00200  0.40900
   0.48706 -0.00227  0.39889
   0.50212 -0.00254  0.38874
   0.51719 -0.00282  0.37867
   0.53225 -0.00310  0.36997
   0.54731 -0.00338  0.35922
   0.56235 -0.00367  0.35065
   0.57740 -0.00396  0.34008
   0.59246 -0.00425  0.33094
   0.60752 -0.00455  0.32014
   0.62254 -0.00484  0.30933
   0.63750 -0.00512  0.29768
   0.65242 -0.00537  0.28779
   0.66728 -0.00559  0.27609
   0.68211 -0.00576  0.26667
   0.69694 -0.00588  0.25855
   0.71180 -0.00594  0.25115
   0.72672 -0.00594  0.24675
   0.74171 -0.00590  0.24258
   0.75677 -0.00582  0.23956
   0.77180 -0.00572  0.23524
   0.78683 -0.00560  0.23155
   0.80188 -0.00549  0.22634
   0.81682 -0.00538  0.21968
   0.83159 -0.00526  0.21111
   0.84617 -0.00512  0.20238
   0.86062 -0.00495  0.19555
   0.87501 -0.00473  0.18777
   0.88946 -0.00445  0.18211
   0.90413 -0.00409  0.17944
   0.91907 -0.00363  0.17959
   0.93385 -0.00310  0.18208
   0.94868 -0.00251  0.18951
   0.96250 -0.00190  0.19615
   0.97466 -0.00132  0.20874
   0.98522 -0.00079  0.22576
   0.99445 -0.00030  0.25685
   1.00000  0.00000  0.34083
