                                                
 Alfa =  10.00000 Re =  4000000.000 Xflap,Yflap =     0.000000    0.000000
#    x        y        Cp  
   1.00000  0.00115  0.39241
   0.99494  0.00293  0.15597
   0.98663  0.00571  0.04607
   0.97729  0.00864 -0.05186
   0.96673  0.01172 -0.12626
   0.95476  0.01490 -0.19219
   0.94136  0.01809 -0.22811
   0.92683  0.02118 -0.24280
   0.91169  0.02415 -0.24119
   0.89636  0.02703 -0.24453
   0.88103  0.02991 -0.25999
   0.86570  0.03279 -0.27992
   0.85037  0.03567 -0.30391
   0.83504  0.03855 -0.32837
   0.81970  0.04141 -0.35368
   0.80437  0.04426 -0.38189
   0.78904  0.04710 -0.41153
   0.77373  0.04992 -0.44059
   0.75843  0.05270 -0.47329
   0.74315  0.05544 -0.50467
   0.72790  0.05813 -0.53832
   0.71267  0.06077 -0.56940
   0.69746  0.06334 -0.60408
   0.68228  0.06585 -0.63535
   0.66713  0.06829 -0.66873
   0.65199  0.07065 -0.70075
   0.63686  0.07294 -0.73238
   0.62173  0.07515 -0.76562
   0.60658  0.07729 -0.79743
   0.59139  0.07936 -0.82877
   0.57614  0.08135 -0.85974
   0.56082  0.08327 -0.89097
   0.54542  0.08514 -0.92310
   0.52998  0.08695 -0.95873
   0.51452  0.08870 -0.99641
   0.49909  0.09039 -1.04104
   0.48376  0.09202 -1.09580
   0.46858  0.09356 -1.15591
   0.45356  0.09497 -1.22000
   0.43871  0.09623 -1.28209
   0.42399  0.09732 -1.34369
   0.40935  0.09821 -1.39855
   0.39472  0.09888 -1.44054
   0.38001  0.09932 -1.46023
   0.36515  0.09957 -1.47459
   0.35008  0.09967 -1.48587
   0.33480  0.09965 -1.49995
   0.31935  0.09957 -1.52434
   0.30382  0.09945 -1.56606
   0.28835  0.09936 -1.65450
   0.27311  0.09924 -1.78052
   0.25820  0.09901 -1.92308
   0.24367  0.09857 -2.07257
   0.22952  0.09786 -2.22176
   0.21571  0.09682 -2.35692
   0.20219  0.09539 -2.47030
   0.18887  0.09351 -2.51900
   0.17563  0.09120 -2.52288
   0.16230  0.08850 -2.51751
   0.14856  0.08539 -2.51969
   0.13398  0.08178 -2.56500
   0.11943  0.07788 -2.64885
   0.10492  0.07366 -2.78259
   0.09175  0.06953 -3.10834
   0.08108  0.06568 -3.48200
   0.07172  0.06147 -3.50827
   0.06231  0.05632 -3.00716
   0.05214  0.05042 -2.58958
   0.04285  0.04544 -2.90552
   0.03560  0.04160 -3.53467
   0.02967  0.03811 -4.13786
   0.02438  0.03434 -4.55231
   0.01893  0.02932 -3.96235
   0.01307  0.02301 -3.32360
   0.00883  0.01839 -3.62622
   0.00600  0.01516 -4.10697
   0.00396  0.01261 -4.62996
   0.00243  0.01048 -5.22201
   0.00126  0.00860 -5.88796
   0.00041  0.00692 -6.63601
  -0.00019  0.00539 -7.37877
  -0.00054  0.00397 -8.05891
  -0.00065  0.00264 -8.39499
  -0.00051  0.00140 -8.03232
  -0.00010  0.00021 -6.68446
   0.00061 -0.00093 -4.51708
   0.00167 -0.00204 -2.60661
   0.00309 -0.00314 -1.24458
   0.00497 -0.00425 -0.32249
   0.00747 -0.00541  0.27383
   0.01089 -0.00666  0.65755
   0.01584 -0.00807  0.88290
   0.02319 -0.00957  0.98623
   0.03282 -0.01106  0.99730
   0.04469 -0.01264  0.96492
   0.05808 -0.01413  0.91123
   0.07134 -0.01519  0.85265
   0.08444 -0.01567  0.80326
   0.09837 -0.01570  0.76393
   0.11331 -0.01546  0.72342
   0.12834 -0.01496  0.68545
   0.14290 -0.01419  0.65383
   0.15707 -0.01310  0.63224
   0.17125 -0.01170  0.61990
   0.18582 -0.01003  0.61313
   0.20094 -0.00817  0.60932
   0.21635 -0.00622  0.60441
   0.23159 -0.00429  0.60060
   0.24682 -0.00238  0.59735
   0.26218 -0.00049  0.59475
   0.27764  0.00135  0.59242
   0.29291  0.00308  0.58975
   0.30801  0.00468  0.58655
   0.32306  0.00617  0.58143
   0.33811  0.00756  0.57607
   0.35324  0.00887  0.57121
   0.36846  0.01011  0.56584
   0.38379  0.01129  0.56055
   0.39920  0.01242  0.55704
   0.41464  0.01350  0.55345
   0.43006  0.01452  0.55240
   0.44541  0.01545  0.55030
   0.46067  0.01629  0.54928
   0.47584  0.01700  0.54694
   0.49094  0.01759  0.54472
   0.50599  0.01804  0.54019
   0.52103  0.01834  0.53499
   0.53610  0.01851  0.52669
   0.55122  0.01856  0.51934
   0.56641  0.01851  0.51105
   0.58169  0.01836  0.50140
   0.59704  0.01814  0.49194
   0.61247  0.01784  0.48307
   0.62795  0.01750  0.47322
   0.64346  0.01711  0.46277
   0.65900  0.01671  0.45362
   0.67456  0.01629  0.44560
   0.69012  0.01588  0.43745
   0.70567  0.01549  0.43296
   0.72121  0.01510  0.42939
   0.73672  0.01470  0.42688
   0.75219  0.01427  0.42437
   0.76761  0.01379  0.42178
   0.78296  0.01323  0.41818
   0.79822  0.01259  0.41496
   0.81338  0.01185  0.40613
   0.82843  0.01103  0.39625
   0.84339  0.01014  0.38743
   0.85832  0.00921  0.37533
   0.87328  0.00824  0.36502
   0.88839  0.00727  0.35608
   0.90377  0.00629  0.34904
   0.91920  0.00532  0.34606
   0.93448  0.00433  0.34505
   0.94971  0.00326  0.34160
   0.96350  0.00219  0.33885
   0.97543  0.00118  0.33258
   0.98570  0.00025  0.33057
   0.99464 -0.00061  0.33876
   1.00000 -0.00115  0.39241
