                                                
 Alfa =  10.00000 Re =  4000000.000 Xflap,Yflap =     0.000000    0.000000
#    x        y        Cp  
   1.00000  0.00000  0.36715
   0.99398  0.00198  0.30287
   0.98301  0.00600  0.17880
   0.97034  0.01088  0.04947
   0.95715  0.01591 -0.06911
   0.94401  0.02069 -0.15891
   0.93074  0.02525 -0.22617
   0.91723  0.02965 -0.28160
   0.90351  0.03393 -0.32872
   0.88967  0.03810 -0.37963
   0.87578  0.04216 -0.43265
   0.86189  0.04608 -0.48771
   0.84803  0.04985 -0.54189
   0.83417  0.05345 -0.59370
   0.82030  0.05686 -0.64056
   0.80639  0.06011 -0.68187
   0.79243  0.06319 -0.72160
   0.77841  0.06611 -0.75750
   0.76434  0.06887 -0.79156
   0.75022  0.07147 -0.82420
   0.73606  0.07392 -0.85247
   0.72188  0.07622 -0.88243
   0.70765  0.07838 -0.90985
   0.69340  0.08039 -0.93472
   0.67912  0.08225 -0.96022
   0.66480  0.08398 -0.98153
   0.65046  0.08558 -1.00334
   0.63608  0.08705 -1.02377
   0.62168  0.08839 -1.04331
   0.60725  0.08961 -1.06316
   0.59281  0.09071 -1.08327
   0.57834  0.09170 -1.10148
   0.56386  0.09258 -1.12042
   0.54936  0.09335 -1.13881
   0.53484  0.09401 -1.15772
   0.52030  0.09457 -1.17819
   0.50577  0.09503 -1.20097
   0.49124  0.09539 -1.22284
   0.47672  0.09564 -1.24497
   0.46219  0.09578 -1.26837
   0.44766  0.09583 -1.29048
   0.43313  0.09577 -1.31424
   0.41859  0.09560 -1.33902
   0.40406  0.09533 -1.36508
   0.38954  0.09496 -1.39308
   0.37504  0.09448 -1.42232
   0.36055  0.09388 -1.45144
   0.34608  0.09317 -1.48369
   0.33162  0.09235 -1.51509
   0.31719  0.09140 -1.54890
   0.30276  0.09033 -1.58343
   0.28836  0.08913 -1.62130
   0.27398  0.08781 -1.66090
   0.25964  0.08635 -1.70378
   0.24534  0.08474 -1.74976
   0.23109  0.08300 -1.79867
   0.21689  0.08109 -1.85075
   0.20274  0.07903 -1.90641
   0.18865  0.07678 -1.96645
   0.17462  0.07436 -2.03063
   0.16068  0.07175 -2.10478
   0.14685  0.06893 -2.18725
   0.13315  0.06590 -2.27852
   0.11959  0.06263 -2.37942
   0.10619  0.05911 -2.49037
   0.09300  0.05531 -2.62547
   0.08010  0.05122 -2.78001
   0.06754  0.04682 -2.96478
   0.05545  0.04209 -3.18061
   0.04401  0.03706 -3.46261
   0.03357  0.03184 -3.79975
   0.02459  0.02666 -4.21208
   0.01738  0.02182 -4.67261
   0.01192  0.01754 -5.25634
   0.00798  0.01390 -5.82665
   0.00518  0.01084 -6.52603
   0.00320  0.00822 -7.28590
   0.00181  0.00594 -7.96342
   0.00087  0.00390 -8.68754
   0.00028  0.00207 -9.63991
   0.00002  0.00040-11.01756
   0.00016 -0.00118-11.79474
   0.00094 -0.00273 -6.06036
   0.00217 -0.00431 -3.51256
   0.00385 -0.00596 -1.78271
   0.00606 -0.00777 -0.74421
   0.00905 -0.00983 -0.03694
   0.01320 -0.01221  0.46623
   0.01893 -0.01494  0.77936
   0.02648 -0.01798  0.93603
   0.03609 -0.02127  0.99517
   0.04749 -0.02455  0.99390
   0.05999 -0.02763  0.96297
   0.07309 -0.03043  0.92077
   0.08658 -0.03294  0.87583
   0.10034 -0.03521  0.83155
   0.11427 -0.03724  0.78992
   0.12833 -0.03907  0.75092
   0.14250 -0.04071  0.71472
   0.15675 -0.04219  0.68134
   0.17107 -0.04351  0.64997
   0.18544 -0.04470  0.62131
   0.19985 -0.04575  0.59429
   0.21430 -0.04667  0.56932
   0.22878 -0.04749  0.54553
   0.24328 -0.04819  0.52338
   0.25781 -0.04879  0.50217
   0.27234 -0.04929  0.48225
   0.28689 -0.04969  0.46271
   0.30145 -0.04999  0.44431
   0.31601 -0.05020  0.42654
   0.33055 -0.05030  0.40845
   0.34506 -0.05030  0.39173
   0.35954 -0.05019  0.37555
   0.37398 -0.04995  0.36052
   0.38841 -0.04958  0.34683
   0.40282 -0.04907  0.33479
   0.41723 -0.04843  0.32405
   0.43161 -0.04764  0.31406
   0.44596 -0.04671  0.30651
   0.46028 -0.04563  0.29949
   0.47458 -0.04439  0.29545
   0.48887 -0.04300  0.29380
   0.50316 -0.04146  0.29388
   0.51745 -0.03976  0.29564
   0.53175 -0.03792  0.29955
   0.54605 -0.03594  0.30494
   0.56037 -0.03383  0.31249
   0.57470 -0.03161  0.32106
   0.58906 -0.02927  0.33242
   0.60346 -0.02683  0.34363
   0.61790 -0.02432  0.35690
   0.63237 -0.02174  0.37087
   0.64687 -0.01914  0.38520
   0.66138 -0.01653  0.39964
   0.67588 -0.01395  0.41289
   0.69035 -0.01144  0.42590
   0.70478 -0.00899  0.43642
   0.71917 -0.00664  0.44874
   0.73353 -0.00438  0.45778
   0.74788 -0.00224  0.46690
   0.76222 -0.00021  0.47639
   0.77654  0.00169  0.48461
   0.79085  0.00345  0.49290
   0.80512  0.00506  0.50053
   0.81937  0.00651  0.50766
   0.83359  0.00777  0.51439
   0.84778  0.00884  0.52019
   0.86194  0.00971  0.52619
   0.87605  0.01036  0.53164
   0.89010  0.01077  0.53677
   0.90405  0.01091  0.54140
   0.91785  0.01076  0.54620
   0.93143  0.01026  0.54764
   0.94477  0.00937  0.54754
   0.95781  0.00805  0.53995
   0.97050  0.00626  0.52677
   0.98267  0.00402  0.50112
   0.99380  0.00154  0.45963
   1.00000  0.00000  0.36715
