                                                
 Alfa =  10.00000 Re =  4000000.000 Xflap,Yflap =     0.000000    0.000000
#    x        y        Cp  
   1.00000  0.00025  0.46972
   0.99424  0.00096  0.26512
   0.98468  0.00215  0.20425
   0.97378  0.00350  0.15713
   0.96133  0.00504  0.11831
   0.94730  0.00677  0.08256
   0.93231  0.00863  0.05109
   0.91738  0.01048  0.02267
   0.90230  0.01235 -0.00414
   0.88719  0.01422 -0.02882
   0.87213  0.01608 -0.05238
   0.85701  0.01795 -0.07537
   0.84182  0.01983 -0.09790
   0.82662  0.02171 -0.12000
   0.81142  0.02359 -0.14201
   0.79621  0.02547 -0.16540
   0.78103  0.02735 -0.18887
   0.76587  0.02923 -0.21322
   0.75071  0.03109 -0.23814
   0.73556  0.03294 -0.26437
   0.72043  0.03478 -0.28978
   0.70533  0.03658 -0.31657
   0.69025  0.03835 -0.34367
   0.67520  0.04008 -0.37105
   0.66017  0.04177 -0.39861
   0.64516  0.04341 -0.42655
   0.63017  0.04500 -0.45340
   0.61519  0.04652 -0.48093
   0.60021  0.04799 -0.50886
   0.58524  0.04939 -0.53607
   0.57027  0.05073 -0.56487
   0.55531  0.05201 -0.59302
   0.54037  0.05320 -0.62314
   0.52545  0.05433 -0.65298
   0.51056  0.05537 -0.68363
   0.49569  0.05632 -0.71424
   0.48083  0.05717 -0.74520
   0.46598  0.05793 -0.77544
   0.45115  0.05858 -0.80738
   0.43637  0.05913 -0.83905
   0.42167  0.05955 -0.87193
   0.40702  0.05984 -0.90207
   0.39239  0.05999 -0.92649
   0.37773  0.05999 -0.94533
   0.36300  0.05986 -0.96287
   0.34820  0.05961 -0.98122
   0.33336  0.05926 -1.00239
   0.31851  0.05881 -1.02569
   0.30368  0.05824 -1.05027
   0.28886  0.05758 -1.07659
   0.27405  0.05681 -1.10478
   0.25925  0.05594 -1.13502
   0.24447  0.05496 -1.16852
   0.22972  0.05387 -1.20573
   0.21501  0.05267 -1.24522
   0.20035  0.05135 -1.28840
   0.18572  0.04991 -1.33511
   0.17111  0.04833 -1.38663
   0.15653  0.04661 -1.44520
   0.14205  0.04477 -1.51667
   0.12770  0.04278 -1.60058
   0.11352  0.04064 -1.69693
   0.09954  0.03831 -1.80836
   0.08574  0.03578 -1.93844
   0.07232  0.03308 -2.10630
   0.05968  0.03027 -2.32732
   0.04809  0.02738 -2.60675
   0.03768  0.02444 -2.97165
   0.02897  0.02162 -3.38338
   0.02210  0.01906 -3.90397
   0.01678  0.01679 -4.52315
   0.01266  0.01472 -5.14039
   0.00940  0.01284 -5.85951
   0.00679  0.01107 -6.87067
   0.00469  0.00932 -7.94583
   0.00304  0.00752 -8.31724
   0.00180  0.00576 -8.56454
   0.00091  0.00406 -8.68789
   0.00033  0.00241 -8.58551
   0.00004  0.00080 -8.13041
   0.00004 -0.00080 -6.93081
   0.00033 -0.00241 -5.26533
   0.00091 -0.00406 -3.72953
   0.00180 -0.00576 -2.42989
   0.00304 -0.00752 -1.37745
   0.00469 -0.00932 -0.56206
   0.00679 -0.01107  0.09696
   0.00940 -0.01284  0.51161
   0.01266 -0.01472  0.75943
   0.01678 -0.01679  0.90670
   0.02211 -0.01906  0.98128
   0.02897 -0.02162  0.99984
   0.03768 -0.02444  0.97902
   0.04809 -0.02738  0.93457
   0.05968 -0.03027  0.88047
   0.07232 -0.03308  0.82415
   0.08574 -0.03578  0.76843
   0.09954 -0.03831  0.71598
   0.11352 -0.04064  0.66806
   0.12770 -0.04278  0.62475
   0.14205 -0.04477  0.58492
   0.15653 -0.04661  0.54828
   0.17111 -0.04833  0.51352
   0.18572 -0.04991  0.48119
   0.20035 -0.05135  0.45107
   0.21501 -0.05267  0.42345
   0.22972 -0.05387  0.39729
   0.24447 -0.05496  0.37287
   0.25925 -0.05594  0.34991
   0.27405 -0.05681  0.32760
   0.28886 -0.05758  0.30659
   0.30368 -0.05824  0.28645
   0.31852 -0.05881  0.26731
   0.33336 -0.05926  0.24854
   0.34820 -0.05961  0.23083
   0.36300 -0.05986  0.21287
   0.37773 -0.05999  0.19525
   0.39239 -0.05999  0.18004
   0.40702 -0.05984  0.16771
   0.42167 -0.05955  0.15870
   0.43637 -0.05913  0.15204
   0.45115 -0.05858  0.14629
   0.46598 -0.05793  0.14105
   0.48083 -0.05717  0.13650
   0.49569 -0.05632  0.13270
   0.51056 -0.05537  0.13050
   0.52545 -0.05433  0.12791
   0.54037 -0.05320  0.12701
   0.55531 -0.05201  0.12580
   0.57027 -0.05073  0.12494
   0.58524 -0.04939  0.12504
   0.60021 -0.04799  0.12498
   0.61519 -0.04652  0.12585
   0.63017 -0.04500  0.12669
   0.64516 -0.04341  0.12852
   0.66017 -0.04177  0.13071
   0.67520 -0.04008  0.13427
   0.69025 -0.03835  0.13722
   0.70533 -0.03658  0.14078
   0.72043 -0.03478  0.14461
   0.73556 -0.03294  0.14851
   0.75071 -0.03109  0.15178
   0.76587 -0.02923  0.15556
   0.78103 -0.02735  0.16048
   0.79621 -0.02547  0.16340
   0.81142 -0.02359  0.16650
   0.82662 -0.02171  0.16939
   0.84182 -0.01983  0.17211
   0.85701 -0.01795  0.17544
   0.87213 -0.01608  0.17877
   0.88719 -0.01422  0.18366
   0.90230 -0.01235  0.18843
   0.91738 -0.01048  0.19427
   0.93231 -0.00863  0.20146
   0.94730 -0.00677  0.21114
   0.96133 -0.00504  0.22344
   0.97378 -0.00350  0.23956
   0.98468 -0.00215  0.26422
   0.99424 -0.00096  0.29909
   1.00000 -0.00025  0.46972
