                                                
 Alfa =  10.00000 Re =  4000000.000 Xflap,Yflap =     0.000000    0.000000
#    x        y        Cp  
   1.00000  0.00120  0.33585
   0.99370  0.00204  0.23565
   0.98341  0.00346  0.20230
   0.97190  0.00513  0.17451
   0.95897  0.00712  0.14828
   0.94445  0.00948  0.12190
   0.92840  0.01222  0.08901
   0.91116  0.01529  0.05386
   0.89316  0.01857  0.02170
   0.87477  0.02194 -0.00382
   0.85629  0.02538 -0.02719
   0.83792  0.02888 -0.04997
   0.81977  0.03242 -0.07209
   0.80183  0.03603 -0.09629
   0.78403  0.03973 -0.12484
   0.76626  0.04354 -0.15658
   0.74842  0.04747 -0.19128
   0.73045  0.05153 -0.22953
   0.71231  0.05570 -0.27099
   0.69398  0.05998 -0.31582
   0.67549  0.06435 -0.36560
   0.65687  0.06879 -0.41902
   0.63821  0.07326 -0.47691
   0.61958  0.07770 -0.53853
   0.60109  0.08209 -0.60418
   0.58285  0.08636 -0.67571
   0.56495  0.09047 -0.75011
   0.54741  0.09438 -0.82702
   0.53021  0.09807 -0.90474
   0.51327  0.10153 -0.98216
   0.49652  0.10475 -1.05678
   0.47983  0.10775 -1.12622
   0.46312  0.11053 -1.19456
   0.44635  0.11310 -1.26242
   0.42952  0.11546 -1.33116
   0.41268  0.11760 -1.40351
   0.39594  0.11952 -1.48044
   0.37942  0.12120 -1.56818
   0.36321  0.12260 -1.65843
   0.34737  0.12371 -1.75019
   0.33187  0.12451 -1.83919
   0.31666  0.12500 -1.92511
   0.30167  0.12517 -2.00466
   0.28679  0.12500 -2.07107
   0.27194  0.12449 -2.12850
   0.25705  0.12365 -2.18029
   0.24211  0.12248 -2.23128
   0.22715  0.12098 -2.28094
   0.21227  0.11916 -2.33608
   0.19757  0.11705 -2.40139
   0.18320  0.11468 -2.49050
   0.16932  0.11203 -2.58671
   0.15606  0.10913 -2.67873
   0.14348  0.10598 -2.76081
   0.13164  0.10259 -2.82861
   0.12045  0.09898 -2.87971
   0.10976  0.09510 -2.90482
   0.09938  0.09088 -2.89021
   0.08906  0.08621 -2.77690
   0.07879  0.08122 -2.66720
   0.06914  0.07640 -2.73992
   0.06072  0.07203 -2.95925
   0.05348  0.06793 -3.14027
   0.04713  0.06390 -3.20455
   0.04140  0.05982 -3.12000
   0.03614  0.05570 -3.00927
   0.03131  0.05163 -2.89771
   0.02692  0.04768 -2.80766
   0.02295  0.04395 -2.78152
   0.01942  0.04045 -2.81370
   0.01626  0.03713 -2.84180
   0.01345  0.03396 -2.85494
   0.01094  0.03091 -2.87425
   0.00870  0.02798 -2.90990
   0.00674  0.02517 -2.94225
   0.00505  0.02247 -2.95352
   0.00360  0.01988 -2.95555
   0.00240  0.01738 -2.91347
   0.00141  0.01496 -2.85640
   0.00063  0.01261 -2.75009
   0.00006  0.01033 -2.59233
  -0.00032  0.00810 -2.39181
  -0.00050  0.00592 -2.14086
  -0.00050  0.00378 -1.83403
  -0.00030  0.00167 -1.49308
   0.00010 -0.00042 -1.11961
   0.00068 -0.00247 -0.74071
   0.00146 -0.00449 -0.39892
   0.00240 -0.00644 -0.09454
   0.00351 -0.00831  0.16865
   0.00479 -0.01008  0.39317
   0.00622 -0.01174  0.58391
   0.00782 -0.01324  0.73930
   0.00959 -0.01457  0.86013
   0.01154 -0.01568  0.94457
   0.01370 -0.01650  0.99009
   0.01610 -0.01703  0.99960
   0.01878 -0.01727  0.98763
   0.02177 -0.01727  0.96908
   0.02514 -0.01710  0.95127
   0.02892 -0.01687  0.93277
   0.03316 -0.01661  0.91295
   0.03795 -0.01631  0.89268
   0.04334 -0.01599  0.87183
   0.04939 -0.01563  0.85065
   0.05625 -0.01524  0.82902
   0.06419 -0.01480  0.80625
   0.07355 -0.01431  0.78192
   0.08463 -0.01377  0.75481
   0.09747 -0.01314  0.72630
   0.11182 -0.01237  0.70204
   0.12732 -0.01148  0.68294
   0.14355 -0.01058  0.66646
   0.16030 -0.00979  0.64881
   0.17766 -0.00913  0.62853
   0.19570 -0.00857  0.60795
   0.21439 -0.00806  0.58846
   0.23356 -0.00759  0.57015
   0.25300 -0.00715  0.55281
   0.27254 -0.00675  0.53667
   0.29206 -0.00636  0.52178
   0.31147 -0.00599  0.50837
   0.33077 -0.00563  0.49687
   0.34994 -0.00529  0.48603
   0.36901 -0.00499  0.47614
   0.38802 -0.00472  0.46614
   0.40702 -0.00451  0.45618
   0.42606 -0.00435  0.44503
   0.44520 -0.00423  0.43414
   0.46446 -0.00415  0.42278
   0.48384 -0.00409  0.41190
   0.50330 -0.00404  0.40159
   0.52279 -0.00400  0.39263
   0.54224 -0.00397  0.38368
   0.56162 -0.00395  0.37519
   0.58090 -0.00397  0.36706
   0.60006 -0.00402  0.35721
   0.61913 -0.00411  0.34682
   0.63811 -0.00422  0.33511
   0.65703 -0.00433  0.32340
   0.67592 -0.00442  0.31228
   0.69481 -0.00448  0.30168
   0.71376 -0.00449  0.29349
   0.73280 -0.00443  0.28694
   0.75195 -0.00434  0.28069
   0.77122 -0.00420  0.27573
   0.79057 -0.00404  0.27064
   0.80994 -0.00387  0.26514
   0.82926 -0.00369  0.25923
   0.84847 -0.00349  0.25314
   0.86751 -0.00327  0.24851
   0.88635 -0.00303  0.24337
   0.90498 -0.00276  0.24148
   0.92331 -0.00246  0.24017
   0.94083 -0.00216  0.24147
   0.95681 -0.00190  0.24242
   0.97082 -0.00166  0.24617
   0.98299 -0.00147  0.25351
   0.99361 -0.00130  0.26799
   1.00000 -0.00120  0.33585
