                                                
 Alfa =  10.00000 Re =  4000000.000 Xflap,Yflap =     0.000000    0.000000
#    x        y        Cp  
   1.00000  0.00000  0.70612
   0.99394  0.00332  0.44736
   0.98411  0.00856  0.29699
   0.97327  0.01412  0.18005
   0.96128  0.02002  0.07830
   0.94801  0.02623 -0.01223
   0.93345  0.03272 -0.08674
   0.91773  0.03940 -0.15196
   0.90109  0.04624 -0.21292
   0.88383  0.05317 -0.28104
   0.86617  0.06011 -0.35425
   0.84834  0.06694 -0.42917
   0.83056  0.07357 -0.50459
   0.81296  0.07992 -0.57996
   0.79566  0.08597 -0.65645
   0.77869  0.09167 -0.73432
   0.76204  0.09703 -0.81021
   0.74566  0.10204 -0.88375
   0.72946  0.10671 -0.95126
   0.71332  0.11105 -1.01307
   0.69708  0.11509 -1.06001
   0.68055  0.11884 -1.08305
   0.66357  0.12240 -1.09496
   0.64601  0.12585 -1.10242
   0.62783  0.12924 -1.11011
   0.60913  0.13265 -1.12757
   0.59019  0.13611 -1.17414
   0.57140  0.13956 -1.25758
   0.55305  0.14287 -1.35281
   0.53523  0.14593 -1.45615
   0.51790  0.14870 -1.55757
   0.50095  0.15113 -1.65248
   0.48418  0.15322 -1.72315
   0.46742  0.15499 -1.78094
   0.45052  0.15647 -1.83095
   0.43341  0.15769 -1.87941
   0.41605  0.15865 -1.92682
   0.39843  0.15937 -1.98159
   0.38064  0.15986 -2.05046
   0.36279  0.16008 -2.12660
   0.34501  0.16001 -2.20887
   0.32745  0.15964 -2.29352
   0.31023  0.15895 -2.38080
   0.29348  0.15796 -2.47199
   0.27728  0.15668 -2.56889
   0.26167  0.15508 -2.66299
   0.24657  0.15318 -2.75324
   0.23190  0.15094 -2.83288
   0.21750  0.14833 -2.90277
   0.20322  0.14531 -2.95281
   0.18884  0.14178 -2.95900
   0.17416  0.13769 -2.93509
   0.15920  0.13311 -2.91544
   0.14431  0.12819 -2.94905
   0.13013  0.12318 -3.06409
   0.11699  0.11810 -3.18218
   0.10484  0.11290 -3.28116
   0.09345  0.10747 -3.30677
   0.08264  0.10176 -3.27538
   0.07241  0.09591 -3.27924
   0.06296  0.09011 -3.37252
   0.05449  0.08444 -3.45882
   0.04706  0.07898 -3.52345
   0.04062  0.07377 -3.57282
   0.03509  0.06882 -3.59311
   0.03032  0.06408 -3.57380
   0.02619  0.05949 -3.49032
   0.02261  0.05498 -3.26402
   0.01942  0.05049 -2.90842
   0.01648  0.04605 -2.59129
   0.01371  0.04171 -2.35385
   0.01108  0.03759 -2.28120
   0.00865  0.03375 -2.33642
   0.00648  0.03022 -2.42219
   0.00459  0.02697 -2.52575
   0.00297  0.02396 -2.63132
   0.00161  0.02116 -2.73720
   0.00048  0.01854 -2.83766
  -0.00042  0.01607 -2.92752
  -0.00111  0.01373 -2.97875
  -0.00158  0.01151 -3.01159
  -0.00186  0.00938 -2.96363
  -0.00192  0.00735 -2.84100
  -0.00178  0.00539 -2.61901
  -0.00141  0.00350 -2.27572
  -0.00081  0.00168 -1.82864
   0.00005 -0.00010 -1.29983
   0.00119 -0.00182 -0.73898
   0.00260 -0.00348 -0.26940
   0.00427 -0.00508  0.11670
   0.00621 -0.00659  0.40712
   0.00842 -0.00797  0.62920
   0.01088 -0.00919  0.78785
   0.01361 -0.01018  0.89851
   0.01661 -0.01089  0.96400
   0.01994 -0.01135  0.99312
   0.02366 -0.01163  1.00000
   0.02788 -0.01190  0.99585
   0.03266 -0.01223  0.98491
   0.03810 -0.01263  0.96832
   0.04425 -0.01308  0.94613
   0.05121 -0.01351  0.91915
   0.05911 -0.01386  0.88930
   0.06824 -0.01409  0.85701
   0.07884 -0.01419  0.82226
   0.09098 -0.01410  0.78471
   0.10437 -0.01376  0.74688
   0.11857 -0.01310  0.71141
   0.13323 -0.01205  0.68064
   0.14819 -0.01057  0.65654
   0.16365 -0.00860  0.64381
   0.18008 -0.00611  0.63960
   0.19795 -0.00315  0.63985
   0.21735  0.00014  0.63801
   0.23656  0.00342  0.63609
   0.25531  0.00663  0.63586
   0.27418  0.00988  0.63743
   0.29370  0.01324  0.64209
   0.31286  0.01654  0.65197
   0.33066  0.01950  0.66415
   0.34726  0.02204  0.67505
   0.36292  0.02414  0.68420
   0.37793  0.02580  0.69033
   0.39255  0.02699  0.69390
   0.40708  0.02769  0.69024
   0.42181  0.02792  0.68047
   0.43701  0.02774  0.66629
   0.45293  0.02719  0.64900
   0.46979  0.02633  0.62852
   0.48769  0.02525  0.60594
   0.50649  0.02409  0.58753
   0.52571  0.02295  0.57679
   0.54479  0.02179  0.56905
   0.56341  0.02057  0.56280
   0.58149  0.01921  0.55529
   0.59913  0.01767  0.54510
   0.61654  0.01588  0.52813
   0.63395  0.01388  0.50652
   0.65154  0.01172  0.48148
   0.66940  0.00947  0.45477
   0.68757  0.00720  0.42621
   0.70597  0.00500  0.39939
   0.72445  0.00296  0.37600
   0.74286  0.00112  0.35467
   0.76110 -0.00050  0.33613
   0.77916 -0.00189  0.31947
   0.79706 -0.00303  0.30648
   0.81488 -0.00393  0.29776
   0.83271 -0.00459  0.29167
   0.85059 -0.00502  0.28905
   0.86852 -0.00523  0.28998
   0.88647 -0.00523  0.29359
   0.90431 -0.00503  0.29994
   0.92190 -0.00464  0.30927
   0.93884 -0.00406  0.32512
   0.95463 -0.00331  0.34899
   0.96893 -0.00246  0.38508
   0.98169 -0.00155  0.43361
   0.99307 -0.00062  0.51557
   1.00000  0.00000  0.70612
