                                                
 Alfa =  10.00000 Re =  4000000.000 Xflap,Yflap =     0.000000    0.000000
#    x        y        Cp  
   1.00000  0.00000  0.73809
   0.99147  0.00326  0.47198
   0.97811  0.00811  0.32397
   0.96388  0.01295  0.21763
   0.94851  0.01781  0.13600
   0.93158  0.02275  0.07974
   0.91259  0.02796  0.03750
   0.89123  0.03365 -0.00641
   0.86797  0.03979 -0.06387
   0.84384  0.04608 -0.12389
   0.81974  0.05224 -0.18353
   0.79598  0.05814 -0.23978
   0.77236  0.06384 -0.29204
   0.74857  0.06939 -0.34252
   0.72444  0.07486 -0.39345
   0.69998  0.08024 -0.44560
   0.67534  0.08549 -0.50053
   0.65075  0.09057 -0.55732
   0.62634  0.09543 -0.61566
   0.60219  0.10005 -0.67434
   0.57830  0.10442 -0.73545
   0.55463  0.10856 -0.79786
   0.53120  0.11243 -0.86196
   0.50802  0.11605 -0.92784
   0.48514  0.11939 -0.99681
   0.46259  0.12245 -1.06809
   0.44043  0.12520 -1.14130
   0.41866  0.12765 -1.21682
   0.39732  0.12978 -1.29495
   0.37640  0.13160 -1.37627
   0.35596  0.13308 -1.46010
   0.33602  0.13424 -1.54537
   0.31666  0.13506 -1.63234
   0.29794  0.13555 -1.72182
   0.27991  0.13573 -1.81409
   0.26258  0.13558 -1.90664
   0.24595  0.13513 -1.99819
   0.22998  0.13439 -2.08773
   0.21471  0.13339 -2.17851
   0.20018  0.13215 -2.27517
   0.18645  0.13071 -2.38186
   0.17353  0.12908 -2.48926
   0.16139  0.12726 -2.59555
   0.14999  0.12528 -2.69495
   0.13928  0.12314 -2.79481
   0.12920  0.12086 -2.88752
   0.11972  0.11845 -2.97408
   0.11081  0.11593 -3.05428
   0.10244  0.11332 -3.12481
   0.09458  0.11062 -3.18964
   0.08719  0.10785 -3.25007
   0.08025  0.10502 -3.30435
   0.07374  0.10215 -3.35042
   0.06762  0.09924 -3.39267
   0.06187  0.09630 -3.42979
   0.05647  0.09334 -3.46448
   0.05141  0.09036 -3.48538
   0.04665  0.08736 -3.50377
   0.04217  0.08434 -3.51118
   0.03797  0.08130 -3.51011
   0.03402  0.07826 -3.50559
   0.03031  0.07520 -3.49473
   0.02683  0.07214 -3.47423
   0.02359  0.06907 -3.44459
   0.02056  0.06601 -3.40657
   0.01774  0.06295 -3.36248
   0.01513  0.05990 -3.31035
   0.01271  0.05686 -3.26474
   0.01048  0.05384 -3.21936
   0.00844  0.05082 -3.16938
   0.00659  0.04781 -3.09250
   0.00494  0.04479 -2.99359
   0.00347  0.04176 -2.85838
   0.00218  0.03872 -2.68393
   0.00108  0.03565 -2.47616
   0.00014  0.03257 -2.26186
  -0.00063  0.02949 -2.03749
  -0.00124  0.02640 -1.81590
  -0.00169  0.02331 -1.59846
  -0.00199  0.02023 -1.38112
  -0.00214  0.01716 -1.16901
  -0.00214  0.01410 -0.96195
  -0.00198  0.01105 -0.76197
  -0.00166  0.00802 -0.56510
  -0.00118  0.00500 -0.37575
  -0.00054  0.00201 -0.19147
   0.00029 -0.00096 -0.01183
   0.00129 -0.00390  0.16108
   0.00249 -0.00683  0.32004
   0.00386 -0.00975  0.46057
   0.00543 -0.01266  0.58472
   0.00719 -0.01556  0.69047
   0.00915 -0.01846  0.77800
   0.01131 -0.02136  0.84934
   0.01369 -0.02427  0.90511
   0.01628 -0.02717  0.94652
   0.01910 -0.03006  0.97521
   0.02214 -0.03294  0.99245
   0.02540 -0.03580  0.99959
   0.02889 -0.03864  0.99820
   0.03262 -0.04146  0.98955
   0.03661 -0.04426  0.97505
   0.04087 -0.04707  0.95536
   0.04542 -0.04989  0.93150
   0.05030 -0.05273  0.90404
   0.05552 -0.05558  0.87347
   0.06111 -0.05844  0.84046
   0.06709 -0.06132  0.80513
   0.07349 -0.06422  0.76781
   0.08035 -0.06713  0.72924
   0.08769 -0.07005  0.68901
   0.09556 -0.07297  0.64753
   0.10401 -0.07589  0.60544
   0.11305 -0.07879  0.56268
   0.12273 -0.08165  0.51899
   0.13305 -0.08444  0.47689
   0.14403 -0.08715  0.43474
   0.15568 -0.08976  0.39393
   0.16802 -0.09222  0.35427
   0.18106 -0.09453  0.31673
   0.19481 -0.09665  0.28139
   0.20929 -0.09857  0.24892
   0.22449 -0.10026  0.21941
   0.24044 -0.10170  0.19277
   0.25712 -0.10288  0.16890
   0.27452 -0.10380  0.14698
   0.29261 -0.10443  0.12817
   0.31136 -0.10476  0.11115
   0.33073 -0.10480  0.09673
   0.35068 -0.10452  0.08447
   0.37116 -0.10394  0.07499
   0.39213 -0.10305  0.06751
   0.41356 -0.10186  0.06146
   0.43542 -0.10038  0.05708
   0.45770 -0.09860  0.05451
   0.48037 -0.09655  0.05333
   0.50338 -0.09422  0.05364
   0.52670 -0.09163  0.05450
   0.55028 -0.08879  0.05687
   0.57411 -0.08571  0.06030
   0.59819 -0.08239  0.06459
   0.62252 -0.07884  0.07009
   0.64711 -0.07507  0.07623
   0.67188 -0.07109  0.08336
   0.69670 -0.06693  0.09131
   0.72135 -0.06264  0.09915
   0.74568 -0.05824  0.10766
   0.76969 -0.05373  0.11795
   0.79355 -0.04908  0.13027
   0.81757 -0.04423  0.14661
   0.84195 -0.03913  0.16631
   0.86637 -0.03391  0.18710
   0.88990 -0.02880  0.20793
   0.91149 -0.02406  0.22010
   0.93069 -0.01970  0.23244
   0.94780 -0.01551  0.25948
   0.96336 -0.01134  0.30946
   0.97778 -0.00714  0.38401
   0.99134 -0.00288  0.50035
   1.00000  0.00000  0.73809
