                                                
 Alfa =  10.00000 Re =  4000000.000 Xflap,Yflap =     0.000000    0.000000
#    x        y        Cp  
   1.00000  0.00000  0.22750
   0.99402  0.00094  0.16106
   0.98291  0.00282  0.09235
   0.96979  0.00512  0.02930
   0.95565  0.00757 -0.01913
   0.94125  0.01003 -0.06247
   0.92694  0.01240 -0.09967
   0.91269  0.01464 -0.11278
   0.89842  0.01688 -0.12386
   0.88412  0.01921 -0.15819
   0.86981  0.02158 -0.20389
   0.85542  0.02389 -0.23757
   0.84088  0.02614 -0.25971
   0.82618  0.02836 -0.28092
   0.81141  0.03056 -0.30734
   0.79667  0.03272 -0.33515
   0.78200  0.03483 -0.36269
   0.76735  0.03688 -0.38790
   0.75270  0.03888 -0.41406
   0.73803  0.04083 -0.43786
   0.72334  0.04272 -0.46423
   0.70866  0.04455 -0.48845
   0.69399  0.04633 -0.51536
   0.67932  0.04804 -0.53903
   0.66467  0.04969 -0.56542
   0.65001  0.05127 -0.58981
   0.63536  0.05278 -0.61437
   0.62070  0.05422 -0.63906
   0.60603  0.05559 -0.66253
   0.59137  0.05688 -0.68738
   0.57671  0.05810 -0.71138
   0.56205  0.05924 -0.73462
   0.54739  0.06031 -0.75892
   0.53273  0.06130 -0.78118
   0.51806  0.06221 -0.80437
   0.50337  0.06304 -0.82684
   0.48868  0.06380 -0.85016
   0.47398  0.06449 -0.87437
   0.45928  0.06510 -0.89830
   0.44457  0.06564 -0.92229
   0.42986  0.06610 -0.94889
   0.41515  0.06649 -0.97511
   0.40043  0.06681 -1.00272
   0.38572  0.06706 -1.03300
   0.37101  0.06722 -1.06338
   0.35631  0.06731 -1.09734
   0.34163  0.06732 -1.13285
   0.32698  0.06725 -1.17034
   0.31234  0.06708 -1.21118
   0.29773  0.06682 -1.25271
   0.28315  0.06647 -1.29967
   0.26860  0.06600 -1.34787
   0.25410  0.06542 -1.40193
   0.23966  0.06472 -1.45881
   0.22529  0.06389 -1.52068
   0.21100  0.06290 -1.58419
   0.19677  0.06176 -1.65135
   0.18262  0.06044 -1.72388
   0.16856  0.05894 -1.80113
   0.15461  0.05725 -1.88437
   0.14078  0.05534 -1.97291
   0.12707  0.05320 -2.06907
   0.11350  0.05082 -2.17570
   0.10010  0.04819 -2.29840
   0.08694  0.04530 -2.44114
   0.07410  0.04214 -2.61618
   0.06172  0.03872 -2.83173
   0.05012  0.03511 -3.11536
   0.03966  0.03139 -3.45989
   0.03062  0.02767 -3.89840
   0.02320  0.02411 -4.36569
   0.01740  0.02084 -4.90742
   0.01292  0.01786 -5.41153
   0.00944  0.01511 -5.86105
   0.00671  0.01254 -6.27011
   0.00459  0.01015 -6.56721
   0.00293  0.00793 -6.89093
   0.00168  0.00587 -7.47095
   0.00079  0.00397 -7.96925
   0.00025  0.00220 -8.15706
   0.00001  0.00053 -8.13975
   0.00008 -0.00105 -7.27050
   0.00047 -0.00262 -5.62983
   0.00119 -0.00423 -4.05344
   0.00232 -0.00587 -2.56591
   0.00398 -0.00749 -1.15488
   0.00627 -0.00905 -0.12676
   0.00920 -0.01058  0.46091
   0.01275 -0.01218  0.74054
   0.01707 -0.01387  0.89828
   0.02249 -0.01563  0.97878
   0.02943 -0.01740  0.99984
   0.03823 -0.01910  0.97823
   0.04879 -0.02066  0.93343
   0.06071 -0.02198  0.88081
   0.07357 -0.02301  0.83001
   0.08717 -0.02379  0.78430
   0.10128 -0.02438  0.74309
   0.11565 -0.02481  0.70672
   0.13014 -0.02513  0.67387
   0.14470 -0.02533  0.64465
   0.15934 -0.02544  0.61851
   0.17404 -0.02546  0.59507
   0.18879 -0.02541  0.57358
   0.20359 -0.02530  0.55377
   0.21840 -0.02514  0.53518
   0.23322 -0.02493  0.51757
   0.24802 -0.02466  0.50166
   0.26283 -0.02434  0.48662
   0.27765 -0.02397  0.47248
   0.29247 -0.02355  0.45953
   0.30728 -0.02309  0.44679
   0.32208 -0.02257  0.43546
   0.33685 -0.02199  0.42458
   0.35162 -0.02135  0.41501
   0.36638 -0.02066  0.40712
   0.38115 -0.01991  0.39902
   0.39593 -0.01910  0.39277
   0.41072 -0.01824  0.38715
   0.42553 -0.01733  0.38256
   0.44035 -0.01637  0.37837
   0.45519 -0.01538  0.37497
   0.47004 -0.01434  0.37242
   0.48491 -0.01327  0.37033
   0.49980 -0.01218  0.36884
   0.51471 -0.01105  0.36750
   0.52965 -0.00991  0.36749
   0.54462 -0.00876  0.36712
   0.55959 -0.00761  0.36655
   0.57456 -0.00645  0.36735
   0.58951 -0.00531  0.36760
   0.60444 -0.00417  0.36773
   0.61936 -0.00305  0.36949
   0.63425 -0.00196  0.36975
   0.64913 -0.00089  0.37085
   0.66398  0.00014  0.37225
   0.67882  0.00114  0.37323
   0.69363  0.00209  0.37442
   0.70842  0.00300  0.37641
   0.72320  0.00385  0.37712
   0.73794  0.00464  0.37911
   0.75266  0.00536  0.37967
   0.76734  0.00600  0.38173
   0.78196  0.00655  0.38262
   0.79654  0.00701  0.38338
   0.81107  0.00735  0.38285
   0.82556  0.00758  0.38098
   0.84003  0.00768  0.37926
   0.85448  0.00765  0.37492
   0.86893  0.00748  0.36953
   0.88337  0.00718  0.36333
   0.89780  0.00675  0.35586
   0.91222  0.00618  0.34480
   0.92664  0.00548  0.33228
   0.94104  0.00464  0.31981
   0.95536  0.00369  0.30270
   0.96940  0.00264  0.28449
   0.98261  0.00156  0.26458
   0.99394  0.00056  0.25135
   1.00000  0.00000  0.22750
