                                                
 Alfa =  10.00000 Re =  4000000.000 Xflap,Yflap =     0.000000    0.000000
#    x        y        Cp  
   1.00000  0.00000  0.42073
   0.99447  0.00073  0.24482
   0.98531  0.00192  0.16750
   0.97490  0.00321  0.11059
   0.96302  0.00463  0.06967
   0.94960  0.00614  0.03042
   0.93509  0.00769  0.00299
   0.92067  0.00916 -0.01851
   0.90615  0.01060 -0.03562
   0.89145  0.01204 -0.05617
   0.87692  0.01346 -0.07519
   0.86249  0.01486 -0.09539
   0.84808  0.01626 -0.11409
   0.83363  0.01764 -0.13433
   0.81909  0.01902 -0.15232
   0.80446  0.02039 -0.17214
   0.78973  0.02174 -0.18848
   0.77494  0.02307 -0.20528
   0.76018  0.02438 -0.22172
   0.74543  0.02568 -0.23796
   0.73068  0.02696 -0.25475
   0.71591  0.02823 -0.27146
   0.70112  0.02950 -0.28997
   0.68633  0.03077 -0.31005
   0.67158  0.03203 -0.33239
   0.65687  0.03326 -0.35553
   0.64218  0.03447 -0.37824
   0.62753  0.03563 -0.40136
   0.61290  0.03675 -0.42422
   0.59827  0.03782 -0.44586
   0.58363  0.03883 -0.46554
   0.56899  0.03979 -0.48325
   0.55431  0.04070 -0.50091
   0.53962  0.04156 -0.51900
   0.52490  0.04239 -0.53791
   0.51016  0.04317 -0.55601
   0.49541  0.04393 -0.57857
   0.48066  0.04466 -0.60232
   0.46593  0.04535 -0.62788
   0.45122  0.04600 -0.65450
   0.43654  0.04659 -0.68298
   0.42188  0.04712 -0.71002
   0.40725  0.04759 -0.73986
   0.39264  0.04799 -0.76631
   0.37804  0.04831 -0.79475
   0.36345  0.04856 -0.82184
   0.34885  0.04874 -0.85005
   0.33426  0.04884 -0.88003
   0.31965  0.04887 -0.90960
   0.30504  0.04883 -0.94343
   0.29041  0.04872 -0.97894
   0.27578  0.04852 -1.01915
   0.26114  0.04825 -1.06168
   0.24652  0.04788 -1.10684
   0.23191  0.04741 -1.15667
   0.21735  0.04683 -1.20881
   0.20286  0.04615 -1.26792
   0.18846  0.04535 -1.33592
   0.17417  0.04441 -1.41052
   0.16001  0.04330 -1.48932
   0.14594  0.04200 -1.56917
   0.13194  0.04049 -1.64860
   0.11796  0.03876 -1.73413
   0.10401  0.03680 -1.83401
   0.09010  0.03463 -1.95826
   0.07634  0.03224 -2.12939
   0.06291  0.02966 -2.41850
   0.05027  0.02677 -2.74622
   0.03909  0.02368 -3.03459
   0.02938  0.02055 -3.39698
   0.02062  0.01732 -4.27424
   0.01371  0.01408 -5.16110
   0.00939  0.01150 -5.81344
   0.00651  0.00944 -6.58178
   0.00443  0.00769 -7.44609
   0.00288  0.00611 -8.38359
   0.00171  0.00465 -9.39744
   0.00087  0.00327-10.31246
   0.00032  0.00194-10.98892
   0.00004  0.00065-10.88343
   0.00004 -0.00065 -9.40437
   0.00032 -0.00194 -7.05564
   0.00087 -0.00327 -4.80400
   0.00171 -0.00465 -3.02072
   0.00288 -0.00611 -1.67463
   0.00443 -0.00769 -0.71103
   0.00651 -0.00944 -0.02229
   0.00939 -0.01150  0.45832
   0.01371 -0.01408  0.78454
   0.02062 -0.01732  0.96487
   0.02938 -0.02055  0.99965
   0.03909 -0.02368  0.97277
   0.05027 -0.02677  0.91775
   0.06291 -0.02966  0.85426
   0.07634 -0.03224  0.79521
   0.09010 -0.03463  0.73824
   0.10401 -0.03680  0.68491
   0.11796 -0.03876  0.63597
   0.13194 -0.04049  0.59177
   0.14594 -0.04200  0.55208
   0.16001 -0.04330  0.51790
   0.17417 -0.04441  0.48837
   0.18846 -0.04535  0.46234
   0.20286 -0.04615  0.43901
   0.21735 -0.04683  0.41672
   0.23191 -0.04741  0.39576
   0.24652 -0.04788  0.37737
   0.26114 -0.04825  0.35971
   0.27578 -0.04852  0.34375
   0.29041 -0.04872  0.32882
   0.30504 -0.04883  0.31491
   0.31965 -0.04887  0.30105
   0.33426 -0.04884  0.28816
   0.34885 -0.04874  0.27565
   0.36345 -0.04856  0.26513
   0.37804 -0.04831  0.25400
   0.39264 -0.04799  0.24511
   0.40725 -0.04759  0.23675
   0.42188 -0.04712  0.22990
   0.43654 -0.04659  0.22391
   0.45122 -0.04600  0.21821
   0.46593 -0.04535  0.21356
   0.48066 -0.04466  0.20827
   0.49541 -0.04393  0.20445
   0.51016 -0.04317  0.19794
   0.52490 -0.04239  0.19261
   0.53962 -0.04156  0.18629
   0.55431 -0.04070  0.18117
   0.56899 -0.03979  0.17497
   0.58363 -0.03883  0.17102
   0.59827 -0.03782  0.16700
   0.61290 -0.03675  0.16599
   0.62753 -0.03563  0.16445
   0.64218 -0.03447  0.16511
   0.65687 -0.03326  0.16570
   0.67158 -0.03203  0.16578
   0.68633 -0.03077  0.16685
   0.70112 -0.02950  0.16682
   0.71591 -0.02823  0.16536
   0.73068 -0.02696  0.16384
   0.74543 -0.02568  0.16189
   0.76018 -0.02438  0.15975
   0.77494 -0.02307  0.15844
   0.78973 -0.02174  0.15614
   0.80446 -0.02039  0.15662
   0.81909 -0.01902  0.15556
   0.83363 -0.01764  0.15757
   0.84808 -0.01626  0.15678
   0.86249 -0.01486  0.15961
   0.87692 -0.01346  0.15993
   0.89145 -0.01204  0.16163
   0.90615 -0.01060  0.16146
   0.92067 -0.00916  0.15957
   0.93509 -0.00769  0.16053
   0.94960 -0.00614  0.16667
   0.96302 -0.00463  0.17747
   0.97490 -0.00321  0.19926
   0.98531 -0.00192  0.22783
   0.99447 -0.00073  0.28142
   1.00000  0.00000  0.42073
