                                                
 Alfa =  10.00000 Re =  4000000.000 Xflap,Yflap =     0.000000    0.000000
#    x        y        Cp  
   1.00000  0.00000  0.26476
   0.99453  0.00181  0.09837
   0.98565  0.00464 -0.00240
   0.97585  0.00760 -0.08216
   0.96496  0.01070 -0.14619
   0.95285  0.01390 -0.20043
   0.93947  0.01715 -0.23748
   0.92497  0.02040 -0.25721
   0.90964  0.02363 -0.26822
   0.89381  0.02685 -0.27815
   0.87772  0.03011 -0.30242
   0.86153  0.03337 -0.32978
   0.84534  0.03662 -0.36050
   0.82918  0.03983 -0.39202
   0.81312  0.04299 -0.42453
   0.79716  0.04608 -0.45740
   0.78129  0.04911 -0.49170
   0.76548  0.05208 -0.52689
   0.74971  0.05498 -0.56168
   0.73396  0.05782 -0.59721
   0.71822  0.06058 -0.63309
   0.70249  0.06326 -0.66993
   0.68674  0.06585 -0.70583
   0.67099  0.06836 -0.74144
   0.65522  0.07078 -0.77770
   0.63945  0.07311 -0.81343
   0.62368  0.07534 -0.85078
   0.60792  0.07746 -0.88771
   0.59219  0.07949 -0.92606
   0.57650  0.08140 -0.96608
   0.56088  0.08319 -1.00623
   0.54531  0.08485 -1.04681
   0.52979  0.08638 -1.08746
   0.51432  0.08777 -1.12629
   0.49885  0.08902 -1.16290
   0.48336  0.09011 -1.19683
   0.46783  0.09106 -1.22758
   0.45223  0.09188 -1.25953
   0.43657  0.09256 -1.29059
   0.42085  0.09312 -1.32385
   0.40511  0.09356 -1.35984
   0.38938  0.09388 -1.40286
   0.37370  0.09407 -1.45008
   0.35811  0.09412 -1.50042
   0.34263  0.09401 -1.55123
   0.32726  0.09374 -1.60460
   0.31200  0.09330 -1.65582
   0.29684  0.09267 -1.70609
   0.28174  0.09184 -1.75423
   0.26670  0.09081 -1.80276
   0.25169  0.08958 -1.84934
   0.23670  0.08814 -1.89537
   0.22171  0.08649 -1.94096
   0.20673  0.08463 -1.99180
   0.19177  0.08258 -2.05312
   0.17689  0.08033 -2.12920
   0.16217  0.07787 -2.21491
   0.14773  0.07521 -2.31161
   0.13370  0.07235 -2.42471
   0.12016  0.06928 -2.54361
   0.10705  0.06595 -2.66002
   0.09420  0.06229 -2.75463
   0.08153  0.05829 -2.84589
   0.06922  0.05405 -2.97825
   0.05773  0.04978 -3.24410
   0.04755  0.04556 -3.54771
   0.03888  0.04149 -3.80102
   0.03163  0.03763 -3.92814
   0.02556  0.03411 -4.16493
   0.02042  0.03090 -4.69617
   0.01610  0.02783 -5.15558
   0.01252  0.02488 -5.41675
   0.00959  0.02208 -5.54754
   0.00716  0.01944 -5.67738
   0.00517  0.01699 -5.86512
   0.00355  0.01473 -6.09216
   0.00225  0.01262 -6.32931
   0.00121  0.01064 -6.59532
   0.00042  0.00877 -6.84279
  -0.00014  0.00700 -7.03609
  -0.00049  0.00531 -7.11309
  -0.00062  0.00368 -6.99554
  -0.00053  0.00210 -6.57134
  -0.00020  0.00058 -5.75053
   0.00041 -0.00091 -4.45541
   0.00130 -0.00238 -3.08661
   0.00249 -0.00384 -1.92337
   0.00400 -0.00531 -1.02084
   0.00587 -0.00679 -0.34807
   0.00815 -0.00828  0.13984
   0.01088 -0.00976  0.48125
   0.01417 -0.01119  0.72272
   0.01824 -0.01255  0.88206
   0.02338 -0.01383  0.96869
   0.03012 -0.01514  0.99895
   0.03977 -0.01663  0.98848
   0.05387 -0.01817  0.94250
   0.06685 -0.01908  0.89769
   0.07989 -0.01964  0.85745
   0.09477 -0.02005  0.81915
   0.11003 -0.02040  0.78374
   0.12436 -0.02074  0.74986
   0.13904 -0.02105  0.71688
   0.15456 -0.02128  0.68521
   0.17064 -0.02137  0.65687
   0.18677 -0.02134  0.63115
   0.20269 -0.02122  0.60688
   0.21834 -0.02100  0.58356
   0.23380 -0.02066  0.56194
   0.24915 -0.02016  0.54380
   0.26453 -0.01949  0.53046
   0.28004 -0.01865  0.52068
   0.29576 -0.01768  0.51298
   0.31170 -0.01659  0.50694
   0.32784 -0.01543  0.50104
   0.34410 -0.01420  0.49631
   0.36041 -0.01295  0.49184
   0.37674 -0.01168  0.48763
   0.39303 -0.01041  0.48362
   0.40928 -0.00918  0.47764
   0.42545 -0.00798  0.47062
   0.44155 -0.00678  0.46334
   0.45756 -0.00557  0.45622
   0.47350 -0.00432  0.45000
   0.48938 -0.00301  0.44566
   0.50520 -0.00161  0.44381
   0.52098 -0.00013  0.44646
   0.53676  0.00141  0.44997
   0.55255  0.00298  0.45507
   0.56836  0.00456  0.46086
   0.58421  0.00611  0.46578
   0.60010  0.00761  0.47046
   0.61605  0.00903  0.47334
   0.63205  0.01037  0.47483
   0.64809  0.01164  0.47675
   0.66415  0.01283  0.47810
   0.68020  0.01394  0.47971
   0.69621  0.01497  0.48215
   0.71213  0.01591  0.48508
   0.72793  0.01675  0.48803
   0.74361  0.01748  0.49113
   0.75915  0.01807  0.49466
   0.77458  0.01852  0.49628
   0.78993  0.01882  0.49838
   0.80523  0.01894  0.49900
   0.82052  0.01889  0.49772
   0.83586  0.01865  0.49608
   0.85124  0.01824  0.49368
   0.86663  0.01764  0.49085
   0.88197  0.01686  0.48789
   0.89717  0.01591  0.48621
   0.91210  0.01479  0.48695
   0.92657  0.01344  0.48775
   0.94032  0.01185  0.48269
   0.95313  0.01001  0.47291
   0.96491  0.00798  0.45241
   0.97566  0.00585  0.42636
   0.98546  0.00367  0.39261
   0.99443  0.00147  0.35128
   1.00000  0.00000  0.26476
