                                                
 Alfa =  10.00000 Re =  4000000.000 Xflap,Yflap =     0.000000    0.000000
#    x        y        Cp  
   1.00000  0.00029  0.39727
   0.99086  0.00311  0.14816
   0.97636  0.00703  0.06783
   0.96063  0.01080  0.02060
   0.94327  0.01462  0.00246
   0.92436  0.01867 -0.02467
   0.90402  0.02299 -0.04912
   0.88255  0.02756 -0.07521
   0.86034  0.03238 -0.10582
   0.83754  0.03744 -0.14133
   0.81435  0.04270 -0.17967
   0.79083  0.04814 -0.22387
   0.76701  0.05377 -0.27296
   0.74292  0.05953 -0.32666
   0.71865  0.06539 -0.38438
   0.69426  0.07132 -0.44769
   0.66990  0.07724 -0.51664
   0.64573  0.08309 -0.58891
   0.62186  0.08883 -0.66736
   0.59845  0.09440 -0.75684
   0.57563  0.09972 -0.85130
   0.55343  0.10475 -0.95478
   0.53193  0.10944 -1.06679
   0.51115  0.11374 -1.18655
   0.49105  0.11760 -1.30548
   0.47153  0.12099 -1.42288
   0.45252  0.12393 -1.53683
   0.43395  0.12640 -1.64741
   0.41574  0.12839 -1.74734
   0.39781  0.12992 -1.84017
   0.38010  0.13100 -1.92116
   0.36257  0.13162 -1.99608
   0.34521  0.13181 -2.06393
   0.32800  0.13156 -2.12426
   0.31093  0.13087 -2.17604
   0.29400  0.12977 -2.22142
   0.27724  0.12825 -2.26142
   0.26067  0.12635 -2.29758
   0.24434  0.12406 -2.32948
   0.22830  0.12143 -2.36028
   0.21262  0.11846 -2.38982
   0.19739  0.11521 -2.41827
   0.18267  0.11171 -2.44683
   0.16854  0.10800 -2.47557
   0.15507  0.10413 -2.50869
   0.14233  0.10016 -2.54331
   0.13035  0.09611 -2.57836
   0.11914  0.09204 -2.61227
   0.10870  0.08796 -2.64405
   0.09901  0.08392 -2.67909
   0.09005  0.07994 -2.71615
   0.08177  0.07604 -2.75308
   0.07413  0.07222 -2.79297
   0.06709  0.06849 -2.83147
   0.06060  0.06485 -2.86802
   0.05461  0.06130 -2.90596
   0.04908  0.05785 -2.94664
   0.04397  0.05448 -2.99058
   0.03924  0.05120 -3.03449
   0.03486  0.04799 -3.07468
   0.03081  0.04485 -3.12256
   0.02706  0.04178 -3.16571
   0.02358  0.03877 -3.22677
   0.02036  0.03581 -3.29089
   0.01739  0.03290 -3.35139
   0.01465  0.03002 -3.41435
   0.01213  0.02717 -3.47195
   0.00983  0.02435 -3.53822
   0.00773  0.02155 -3.63779
   0.00586  0.01876 -3.73105
   0.00421  0.01597 -3.80445
   0.00280  0.01316 -3.85083
   0.00167  0.01033 -3.80918
   0.00084  0.00750 -3.56471
   0.00033  0.00469 -3.10059
   0.00006  0.00190 -2.62002
   0.00000 -0.00086 -2.17765
   0.00012 -0.00362 -1.77543
   0.00042 -0.00644 -1.40851
   0.00088 -0.00933 -1.06940
   0.00152 -0.01228 -0.76929
   0.00234 -0.01529 -0.50190
   0.00333 -0.01835 -0.26196
   0.00452 -0.02142 -0.04210
   0.00591 -0.02451  0.15415
   0.00751 -0.02763  0.33025
   0.00934 -0.03076  0.48378
   0.01141 -0.03390  0.61768
   0.01372 -0.03705  0.72851
   0.01626 -0.04023  0.81583
   0.01903 -0.04346  0.88080
   0.02203 -0.04671  0.92974
   0.02529 -0.04999  0.96479
   0.02883 -0.05327  0.98745
   0.03269 -0.05656  0.99846
   0.03687 -0.05986  0.99909
   0.04142 -0.06318  0.99071
   0.04634 -0.06651  0.97479
   0.05166 -0.06987  0.95253
   0.05742 -0.07327  0.92487
   0.06364 -0.07671  0.89231
   0.07037 -0.08019  0.85598
   0.07764 -0.08371  0.81600
   0.08549 -0.08727  0.77282
   0.09396 -0.09085  0.72670
   0.10306 -0.09444  0.67836
   0.11283 -0.09802  0.62703
   0.12327 -0.10155  0.57438
   0.13439 -0.10499  0.52037
   0.14617 -0.10830  0.46638
   0.15860 -0.11143  0.41271
   0.17165 -0.11434  0.36069
   0.18530 -0.11699  0.31120
   0.19951 -0.11935  0.26505
   0.21426 -0.12139  0.22261
   0.22949 -0.12310  0.18227
   0.24514 -0.12446  0.14383
   0.26116 -0.12544  0.11009
   0.27752 -0.12601  0.08125
   0.29419 -0.12618  0.05635
   0.31114 -0.12593  0.03625
   0.32837 -0.12525  0.02216
   0.34587 -0.12415  0.01204
   0.36360 -0.12264  0.00422
   0.38153 -0.12072  0.00065
   0.39963 -0.11839  0.00071
   0.41787 -0.11565  0.00264
   0.43623 -0.11250  0.00843
   0.45471 -0.10891  0.02039
   0.47338 -0.10487  0.03851
   0.49232 -0.10036  0.06229
   0.51158 -0.09539  0.09063
   0.53122 -0.08995  0.12236
   0.55130 -0.08406  0.15789
   0.57187 -0.07774  0.19657
   0.59296 -0.07102  0.23783
   0.61450 -0.06400  0.27907
   0.63628 -0.05684  0.31949
   0.65783 -0.04980  0.35746
   0.67885 -0.04305  0.39279
   0.69922 -0.03671  0.42404
   0.71895 -0.03084  0.45132
   0.73803 -0.02545  0.47629
   0.75649 -0.02059  0.49837
   0.77438 -0.01627  0.51699
   0.79179 -0.01250  0.53187
   0.80879 -0.00927  0.54253
   0.82546 -0.00655  0.54952
   0.84185 -0.00433  0.55485
   0.85795 -0.00261  0.55711
   0.87379 -0.00136  0.55621
   0.88938 -0.00058  0.55346
   0.90471 -0.00028  0.54738
   0.91978 -0.00044  0.53570
   0.93460 -0.00105  0.51924
   0.94912 -0.00207  0.49904
   0.96333 -0.00353  0.45592
   0.97725 -0.00527  0.40411
   0.99080 -0.00700  0.28178
   1.00000 -0.00744  0.39727
