                                                
 Alfa =  10.00000 Re =  4000000.000 Xflap,Yflap =     0.000000    0.000000
#    x        y        Cp  
   1.00000  0.00110  0.35751
   0.99348  0.00304  0.18057
   0.98281  0.00617  0.10104
   0.97090  0.00959  0.03497
   0.95760  0.01331 -0.02278
   0.94292  0.01731 -0.07293
   0.92714  0.02149 -0.11466
   0.91075  0.02575 -0.15362
   0.89418  0.03003 -0.19227
   0.87763  0.03431 -0.23817
   0.86114  0.03856 -0.28719
   0.84473  0.04276 -0.33868
   0.82841  0.04687 -0.39019
   0.81216  0.05086 -0.44283
   0.79598  0.05472 -0.49209
   0.77986  0.05844 -0.53850
   0.76376  0.06201 -0.58243
   0.74769  0.06543 -0.62451
   0.73160  0.06871 -0.66510
   0.71548  0.07185 -0.70395
   0.69930  0.07485 -0.74121
   0.68304  0.07772 -0.77514
   0.66666  0.08046 -0.80686
   0.65017  0.08309 -0.83800
   0.63355  0.08561 -0.86918
   0.61685  0.08803 -0.90155
   0.60012  0.09036 -0.93690
   0.58342  0.09258 -0.97838
   0.56682  0.09470 -1.02495
   0.55036  0.09668 -1.07302
   0.53403  0.09851 -1.12193
   0.51781  0.10018 -1.17057
   0.50164  0.10168 -1.21720
   0.48544  0.10300 -1.25773
   0.46912  0.10415 -1.29284
   0.45263  0.10514 -1.32694
   0.43595  0.10599 -1.36340
   0.41913  0.10671 -1.40305
   0.40231  0.10730 -1.44991
   0.38563  0.10777 -1.51446
   0.36929  0.10810 -1.59598
   0.35338  0.10825 -1.67951
   0.33788  0.10817 -1.76390
   0.32272  0.10784 -1.84337
   0.30780  0.10722 -1.91292
   0.29296  0.10626 -1.96191
   0.27801  0.10494 -1.97463
   0.26276  0.10327 -1.97365
   0.24709  0.10126 -1.96548
   0.23095  0.09895 -1.96050
   0.21444  0.09639 -1.96829
   0.19782  0.09369 -2.00693
   0.18151  0.09097 -2.12064
   0.16589  0.08818 -2.27203
   0.15111  0.08525 -2.42755
   0.13715  0.08209 -2.56341
   0.12390  0.07867 -2.68032
   0.11119  0.07495 -2.77657
   0.09882  0.07083 -2.84623
   0.08653  0.06622 -2.82789
   0.07444  0.06133 -2.84721
   0.06346  0.05673 -3.15528
   0.05418  0.05244 -3.52305
   0.04631  0.04822 -3.71880
   0.03947  0.04393 -3.67685
   0.03343  0.03967 -3.59688
   0.02806  0.03552 -3.52360
   0.02330  0.03157 -3.49817
   0.01909  0.02784 -3.55139
   0.01539  0.02434 -3.61692
   0.01221  0.02114 -3.71979
   0.00950  0.01826 -3.95674
   0.00726  0.01568 -4.26559
   0.00541  0.01333 -4.57201
   0.00390  0.01118 -4.88391
   0.00267  0.00916 -5.17402
   0.00170  0.00725 -5.40582
   0.00095  0.00542 -5.59617
   0.00042  0.00365 -5.62205
   0.00010  0.00192 -5.50670
  -0.00000  0.00021 -5.11108
   0.00011 -0.00149 -4.41400
   0.00044 -0.00319 -3.57739
   0.00098 -0.00491 -2.75208
   0.00172 -0.00667 -2.00290
   0.00268 -0.00847 -1.35106
   0.00388 -0.01032 -0.79753
   0.00533 -0.01224 -0.34211
   0.00707 -0.01425  0.03039
   0.00914 -0.01636  0.32625
   0.01160 -0.01856  0.55840
   0.01446 -0.02083  0.73170
   0.01771 -0.02309  0.85605
   0.02138 -0.02525  0.93938
   0.02545 -0.02723  0.98521
   0.03004 -0.02902  0.99994
   0.03532 -0.03064  0.99141
   0.04156 -0.03215  0.96735
   0.04914 -0.03362  0.93410
   0.05829 -0.03519  0.89071
   0.06865 -0.03676  0.83732
   0.07963 -0.03805  0.78228
   0.09123 -0.03893  0.73386
   0.10376 -0.03938  0.69250
   0.11738 -0.03940  0.66113
   0.13206 -0.03903  0.63864
   0.14764 -0.03842  0.62143
   0.16372 -0.03779  0.59719
   0.17982 -0.03715  0.56801
   0.19570 -0.03640  0.54041
   0.21136 -0.03544  0.52125
   0.22696 -0.03424  0.50971
   0.24268 -0.03284  0.50250
   0.25864 -0.03128  0.49805
   0.27490 -0.02959  0.49577
   0.29152 -0.02783  0.49411
   0.30843 -0.02605  0.49001
   0.32554 -0.02430  0.48332
   0.34272 -0.02257  0.47556
   0.35987 -0.02083  0.46805
   0.37694 -0.01908  0.46142
   0.39388 -0.01729  0.45610
   0.41070 -0.01544  0.45420
   0.42743 -0.01354  0.45503
   0.44411 -0.01160  0.45752
   0.46077 -0.00966  0.46026
   0.47745 -0.00773  0.46359
   0.49418 -0.00585  0.46606
   0.51102 -0.00404  0.46707
   0.52800 -0.00228  0.46610
   0.54513 -0.00058  0.46522
   0.56240  0.00108  0.46397
   0.57975  0.00271  0.46399
   0.59709  0.00432  0.46470
   0.61431  0.00590  0.46965
   0.63131  0.00742  0.47532
   0.64803  0.00884  0.48194
   0.66447  0.01011  0.48766
   0.68068  0.01121  0.49249
   0.69672  0.01211  0.49524
   0.71270  0.01279  0.49433
   0.72872  0.01326  0.49070
   0.74485  0.01354  0.48548
   0.76114  0.01364  0.47908
   0.77759  0.01359  0.47231
   0.79419  0.01340  0.46510
   0.81085  0.01308  0.45867
   0.82749  0.01264  0.45320
   0.84404  0.01207  0.44741
   0.86047  0.01137  0.44161
   0.87677  0.01054  0.43480
   0.89298  0.00955  0.42689
   0.90916  0.00840  0.41745
   0.92529  0.00710  0.40625
   0.94110  0.00566  0.39358
   0.95609  0.00415  0.37943
   0.96982  0.00264  0.36561
   0.98218  0.00118  0.35029
   0.99325 -0.00021  0.34123
   1.00000 -0.00110  0.35751
