                                                
 Alfa =  10.00000 Re =  4000000.000 Xflap,Yflap =     0.000000    0.000000
#    x        y        Cp  
   1.00000  0.00000  0.54161
   0.99553  0.00283 -0.04246
   0.98788  0.00621 -0.02785
   0.97844  0.00981 -0.05476
   0.96686  0.01383 -0.06182
   0.95363  0.01834 -0.10841
   0.93931  0.02310 -0.14285
   0.92438  0.02798 -0.17892
   0.90914  0.03292 -0.21448
   0.89373  0.03789 -0.25066
   0.87825  0.04289 -0.29093
   0.86276  0.04789 -0.33275
   0.84730  0.05290 -0.37627
   0.83185  0.05792 -0.42719
   0.81638  0.06296 -0.48105
   0.80093  0.06801 -0.54313
   0.78559  0.07300 -0.61268
   0.77042  0.07788 -0.68794
   0.75539  0.08263 -0.76398
   0.74049  0.08720 -0.84107
   0.72568  0.09160 -0.91759
   0.71094  0.09579 -0.99338
   0.69625  0.09978 -1.06531
   0.68158  0.10354 -1.13317
   0.66689  0.10709 -1.19804
   0.65219  0.11041 -1.25894
   0.63746  0.11351 -1.31599
   0.62270  0.11639 -1.37081
   0.60789  0.11904 -1.41886
   0.59303  0.12148 -1.46637
   0.57811  0.12370 -1.50909
   0.56315  0.12570 -1.54925
   0.54813  0.12750 -1.58820
   0.53305  0.12909 -1.62497
   0.51794  0.13047 -1.66220
   0.50280  0.13166 -1.69845
   0.48764  0.13265 -1.73325
   0.47244  0.13344 -1.76619
   0.45722  0.13403 -1.80160
   0.44198  0.13444 -1.83682
   0.42675  0.13465 -1.87468
   0.41155  0.13466 -1.91168
   0.39635  0.13447 -1.94837
   0.38117  0.13408 -1.98543
   0.36600  0.13349 -2.02255
   0.35085  0.13270 -2.06269
   0.33576  0.13170 -2.10179
   0.32071  0.13049 -2.14495
   0.30573  0.12906 -2.18617
   0.29080  0.12742 -2.22808
   0.27594  0.12554 -2.27157
   0.26115  0.12344 -2.31370
   0.24644  0.12110 -2.35961
   0.23183  0.11852 -2.40620
   0.21733  0.11570 -2.45447
   0.20297  0.11263 -2.50471
   0.18875  0.10929 -2.55481
   0.17467  0.10569 -2.60550
   0.16077  0.10181 -2.66206
   0.14709  0.09766 -2.72362
   0.13366  0.09323 -2.78255
   0.12051  0.08851 -2.84628
   0.10767  0.08349 -2.91361
   0.09521  0.07818 -2.98019
   0.08317  0.07258 -3.04817
   0.07162  0.06670 -3.11466
   0.06067  0.06058 -3.18335
   0.05045  0.05432 -3.25352
   0.04115  0.04805 -3.33634
   0.03296  0.04197 -3.43103
   0.02600  0.03628 -3.53770
   0.02030  0.03112 -3.65201
   0.01570  0.02652 -3.77681
   0.01200  0.02244 -3.90377
   0.00905  0.01884 -4.05347
   0.00672  0.01569 -4.24873
   0.00486  0.01286 -4.43437
   0.00335  0.01027 -4.64755
   0.00215  0.00786 -4.87929
   0.00122  0.00565 -5.13108
   0.00055  0.00363 -5.62935
   0.00014  0.00179 -6.11291
  -0.00000  0.00004 -6.21543
   0.00015 -0.00170 -5.71469
   0.00062 -0.00345 -4.89394
   0.00149 -0.00516 -3.63194
   0.00280 -0.00677 -2.12798
   0.00450 -0.00823 -0.99947
   0.00654 -0.00954 -0.22813
   0.00897 -0.01071  0.29455
   0.01181 -0.01178  0.61025
   0.01513 -0.01274  0.80541
   0.01902 -0.01358  0.92062
   0.02364 -0.01428  0.97998
   0.02922 -0.01480  0.99962
   0.03605 -0.01510  0.99239
   0.04440 -0.01513  0.96780
   0.05456 -0.01482  0.93382
   0.06652 -0.01412  0.89625
   0.08005 -0.01305  0.86111
   0.09480 -0.01170  0.82916
   0.11026 -0.01019  0.80117
   0.12605 -0.00859  0.77671
   0.14205 -0.00692  0.75631
   0.15816 -0.00524  0.73832
   0.17427 -0.00357  0.72267
   0.19035 -0.00194  0.70870
   0.20640 -0.00034  0.69638
   0.22241  0.00121  0.68521
   0.23840  0.00271  0.67496
   0.25437  0.00415  0.66536
   0.27035  0.00554  0.65678
   0.28632  0.00686  0.64832
   0.30228  0.00813  0.64057
   0.31823  0.00934  0.63327
   0.33421  0.01048  0.62570
   0.35020  0.01157  0.61883
   0.36619  0.01260  0.61226
   0.38219  0.01357  0.60582
   0.39819  0.01449  0.59975
   0.41421  0.01535  0.59359
   0.43025  0.01615  0.58749
   0.44630  0.01691  0.58207
   0.46236  0.01762  0.57653
   0.47841  0.01828  0.57119
   0.49448  0.01889  0.56587
   0.51056  0.01946  0.56116
   0.52665  0.01998  0.55596
   0.54276  0.02045  0.55140
   0.55887  0.02089  0.54657
   0.57500  0.02128  0.54208
   0.59114  0.02165  0.53796
   0.60730  0.02197  0.53404
   0.62347  0.02227  0.53034
   0.63965  0.02253  0.52729
   0.65583  0.02277  0.52422
   0.67202  0.02299  0.52235
   0.68819  0.02317  0.52047
   0.70436  0.02332  0.51931
   0.72052  0.02345  0.51920
   0.73661  0.02354  0.52106
   0.75258  0.02357  0.52241
   0.76845  0.02353  0.52575
   0.78423  0.02339  0.52667
   0.79993  0.02315  0.52926
   0.81551  0.02279  0.53133
   0.83095  0.02228  0.53380
   0.84628  0.02161  0.53468
   0.86152  0.02076  0.53521
   0.87664  0.01973  0.53456
   0.89157  0.01849  0.53543
   0.90633  0.01702  0.53181
   0.92091  0.01531  0.52864
   0.93515  0.01338  0.52461
   0.94894  0.01120  0.51724
   0.96198  0.00880  0.50959
   0.97404  0.00620  0.49063
   0.98477  0.00346  0.44415
   0.99420  0.00087  0.25425
   1.00000  0.00000  0.54161
