                                                
 Alfa =  10.00000 Re =  4000000.000 Xflap,Yflap =     0.000000    0.000000
#    x        y        Cp  
   1.00000  0.00000  0.50680
   0.99410  0.00183  0.33107
   0.98256  0.00517  0.29597
   0.96972  0.00918  0.18895
   0.95624  0.01330  0.13357
   0.94277  0.01726  0.10909
   0.92945  0.02118  0.09648
   0.91623  0.02523  0.06636
   0.90298  0.02946  0.00965
   0.88966  0.03369 -0.03651
   0.87644  0.03777 -0.04357
   0.86344  0.04179 -0.04055
   0.85050  0.04600 -0.05252
   0.83723  0.05064 -0.09837
   0.82411  0.05551 -0.15729
   0.81103  0.06056 -0.25540
   0.79823  0.06546 -0.29074
   0.78530  0.07058 -0.38747
   0.77249  0.07567 -0.50405
   0.75963  0.08058 -0.54367
   0.74683  0.08556 -0.65368
   0.73438  0.09041 -0.84966
   0.72194  0.09485 -0.96702
   0.70893  0.09903 -0.99811
   0.69540  0.10314 -1.07522
   0.68213  0.10701 -1.23504
   0.66935  0.11032 -1.36329
   0.65657  0.11306 -1.36210
   0.64324  0.11547 -1.30676
   0.62931  0.11782 -1.29644
   0.61534  0.12012 -1.38095
   0.60173  0.12215 -1.47231
   0.58836  0.12379 -1.50359
   0.57486  0.12508 -1.47664
   0.56100  0.12616 -1.44246
   0.54685  0.12712 -1.43989
   0.53265  0.12799 -1.46677
   0.51857  0.12872 -1.49680
   0.50461  0.12928 -1.52319
   0.49070  0.12966 -1.54509
   0.47678  0.12987 -1.56369
   0.46279  0.12990 -1.57439
   0.44875  0.12976 -1.58089
   0.43464  0.12948 -1.59050
   0.42053  0.12908 -1.60847
   0.40648  0.12856 -1.63971
   0.39249  0.12789 -1.67215
   0.37855  0.12706 -1.69656
   0.36460  0.12604 -1.70599
   0.35061  0.12487 -1.71829
   0.33659  0.12355 -1.73392
   0.32260  0.12210 -1.76579
   0.30866  0.12052 -1.79614
   0.29479  0.11877 -1.82742
   0.28094  0.11685 -1.85055
   0.26709  0.11476 -1.87500
   0.25325  0.11251 -1.90529
   0.23946  0.11010 -1.94864
   0.22577  0.10752 -1.99467
   0.21218  0.10474 -2.03859
   0.19867  0.10173 -2.06950
   0.18520  0.09850 -2.10370
   0.17178  0.09504 -2.13759
   0.15841  0.09135 -2.17974
   0.14513  0.08743 -2.22812
   0.13201  0.08327 -2.28968
   0.11909  0.07887 -2.35923
   0.10637  0.07417 -2.41555
   0.09378  0.06912 -2.45903
   0.08130  0.06373 -2.53149
   0.06903  0.05801 -2.67349
   0.05730  0.05197 -2.80207
   0.04648  0.04571 -2.85747
   0.03592  0.03895 -2.98794
   0.02477  0.03086 -3.35693
   0.01694  0.02402 -3.59336
   0.01205  0.01890 -3.79257
   0.00718  0.01260 -3.49246
   0.00261  0.00589 -3.88589
   0.00094  0.00343 -6.76864
   0.00016  0.00178-10.53366
  -0.00005  0.00038-13.34765
   0.00036 -0.00097 -8.49259
   0.00151 -0.00250 -3.36321
   0.00385 -0.00473 -1.04949
   0.00864 -0.00835  0.16971
   0.01439 -0.01162  0.68831
   0.02259 -0.01526  0.92812
   0.03529 -0.01980  0.99948
   0.04751 -0.02348  0.98550
   0.06010 -0.02680  0.94809
   0.07351 -0.02987  0.90330
   0.08716 -0.03267  0.85845
   0.10079 -0.03527  0.81340
   0.11442 -0.03764  0.77123
   0.12814 -0.03978  0.73315
   0.14200 -0.04175  0.69873
   0.15595 -0.04358  0.66525
   0.16991 -0.04527  0.63372
   0.18388 -0.04682  0.60491
   0.19789 -0.04825  0.57900
   0.21197 -0.04956  0.55421
   0.22608 -0.05078  0.52983
   0.24015 -0.05190  0.50532
   0.25419 -0.05291  0.48340
   0.26825 -0.05378  0.46503
   0.28239 -0.05456  0.44962
   0.29661 -0.05527  0.43358
   0.31086 -0.05593  0.41473
   0.32505 -0.05654  0.39584
   0.33918 -0.05707  0.37647
   0.35329 -0.05748  0.36217
   0.36745 -0.05781  0.34812
   0.38167 -0.05807  0.33542
   0.39589 -0.05826  0.31890
   0.41006 -0.05838  0.30231
   0.42417 -0.05841  0.28656
   0.43826 -0.05832  0.27336
   0.45240 -0.05812  0.26374
   0.46659 -0.05782  0.25263
   0.48076 -0.05744  0.24061
   0.49482 -0.05697  0.22522
   0.50880 -0.05638  0.21206
   0.52280 -0.05564  0.20422
   0.53697 -0.05474  0.19979
   0.55125 -0.05375  0.19339
   0.56540 -0.05271  0.16693
   0.57907 -0.05153  0.13353
   0.59223 -0.05003  0.11416
   0.60514 -0.04802  0.14119
   0.61820 -0.04555  0.19776
   0.63167 -0.04279  0.25372
   0.64557 -0.04002  0.28829
   0.65955 -0.03737  0.30957
   0.67352 -0.03489  0.32248
   0.68759 -0.03257  0.33134
   0.70142 -0.03048  0.31925
   0.71482 -0.02845  0.29855
   0.72767 -0.02620  0.36197
   0.74063 -0.02428  0.35788
   0.75435 -0.02253  0.31098
   0.76747 -0.02055  0.31979
   0.77956 -0.01848  0.40175
   0.79123 -0.01708  0.31914
   0.80303 -0.01531  0.32555
   0.81569 -0.01300  0.40928
   0.82931 -0.01094  0.41144
   0.84333 -0.00914  0.40483
   0.85738 -0.00742  0.39991
   0.87145 -0.00566  0.41472
   0.88552 -0.00393  0.43369
   0.89939 -0.00235  0.45406
   0.91285 -0.00105  0.47342
   0.92615 -0.00015  0.47877
   0.93985  0.00036  0.46135
   0.95403  0.00067  0.45005
   0.96784  0.00088  0.46296
   0.98146  0.00082  0.46806
   0.99389  0.00049  0.50960
   1.00000  0.00000  0.50680
