                                                
 Alfa =  10.00000 Re =  4000000.000 Xflap,Yflap =     0.000000    0.000000
#    x        y        Cp  
   1.00000  0.00160  0.33391
   0.99466  0.00271  0.18711
   0.98578  0.00453  0.12626
   0.97563  0.00660  0.07225
   0.96392  0.00896  0.02727
   0.95050  0.01163 -0.01653
   0.93585  0.01450 -0.05552
   0.92130  0.01731 -0.09148
   0.90660  0.02011 -0.12566
   0.89178  0.02292 -0.16045
   0.87723  0.02563 -0.19467
   0.86285  0.02828 -0.22839
   0.84853  0.03086 -0.26047
   0.83419  0.03337 -0.29353
   0.81978  0.03583 -0.32378
   0.80526  0.03821 -0.35089
   0.79061  0.04051 -0.37504
   0.77584  0.04273 -0.39311
   0.76098  0.04488 -0.40826
   0.74602  0.04698 -0.42466
   0.73100  0.04904 -0.43928
   0.71594  0.05108 -0.45523
   0.70087  0.05312 -0.47472
   0.68582  0.05516 -0.49956
   0.67081  0.05718 -0.53015
   0.65586  0.05918 -0.56126
   0.64097  0.06114 -0.59523
   0.62614  0.06304 -0.63005
   0.61134  0.06487 -0.66226
   0.59657  0.06662 -0.69316
   0.58178  0.06827 -0.72056
   0.56696  0.06985 -0.74615
   0.55208  0.07136 -0.77074
   0.53715  0.07280 -0.79491
   0.52218  0.07418 -0.82128
   0.50716  0.07551 -0.84804
   0.49214  0.07680 -0.88065
   0.47715  0.07803 -0.91746
   0.46220  0.07920 -0.95677
   0.44732  0.08029 -0.99773
   0.43250  0.08129 -1.04009
   0.41772  0.08220 -1.08308
   0.40298  0.08301 -1.12633
   0.38822  0.08369 -1.16634
   0.37343  0.08427 -1.20621
   0.35857  0.08474 -1.24570
   0.34365  0.08510 -1.28863
   0.32868  0.08536 -1.33556
   0.31370  0.08552 -1.38714
   0.29876  0.08559 -1.44986
   0.28394  0.08556 -1.53028
   0.26930  0.08540 -1.62032
   0.25488  0.08507 -1.71680
   0.24068  0.08454 -1.81366
   0.22670  0.08377 -1.90988
   0.21288  0.08273 -2.00365
   0.19920  0.08138 -2.08630
   0.18559  0.07970 -2.15120
   0.17200  0.07768 -2.20616
   0.15843  0.07532 -2.25320
   0.14493  0.07262 -2.30213
   0.13156  0.06961 -2.35054
   0.11835  0.06629 -2.40132
   0.10525  0.06263 -2.45431
   0.09217  0.05862 -2.50853
   0.07909  0.05426 -2.58615
   0.06636  0.04971 -2.82504
   0.05468  0.04503 -3.13656
   0.04456  0.04026 -3.30460
   0.03599  0.03556 -3.37828
   0.02845  0.03085 -3.45909
   0.02129  0.02578 -3.52095
   0.01460  0.02043 -3.53565
   0.00999  0.01647 -3.91368
   0.00690  0.01359 -4.50280
   0.00468  0.01127 -5.10964
   0.00302  0.00929 -5.78443
   0.00178  0.00752 -6.47549
   0.00086  0.00591 -7.20803
   0.00023  0.00440 -7.82610
  -0.00013  0.00297 -8.17794
  -0.00024  0.00161 -7.97375
  -0.00007  0.00028 -6.99139
   0.00038 -0.00101 -5.16950
   0.00112 -0.00229 -3.39148
   0.00216 -0.00357 -1.97516
   0.00351 -0.00485 -0.93748
   0.00522 -0.00612 -0.20375
   0.00736 -0.00740  0.30585
   0.01005 -0.00863  0.65000
   0.01346 -0.00972  0.86987
   0.01788 -0.01039  0.98177
   0.02400 -0.01042  0.99791
   0.03314 -0.00998  0.96878
   0.04579 -0.00929  0.92141
   0.05943 -0.00856  0.87565
   0.07371 -0.00782  0.83300
   0.08872 -0.00702  0.79593
   0.10389 -0.00618  0.76473
   0.11900 -0.00535  0.73789
   0.13405 -0.00456  0.71453
   0.14909 -0.00380  0.69357
   0.16414 -0.00308  0.67394
   0.17926 -0.00240  0.65536
   0.19444 -0.00174  0.63867
   0.20965 -0.00109  0.62369
   0.22486 -0.00045  0.61064
   0.24004  0.00017  0.59908
   0.25517  0.00075  0.58830
   0.27023  0.00129  0.57837
   0.28524  0.00178  0.56892
   0.30022  0.00221  0.55904
   0.31518  0.00256  0.54852
   0.33017  0.00286  0.53794
   0.34520  0.00311  0.52674
   0.36028  0.00333  0.51624
   0.37542  0.00352  0.50547
   0.39062  0.00369  0.49530
   0.40585  0.00387  0.48581
   0.42109  0.00404  0.47840
   0.43632  0.00421  0.47092
   0.45153  0.00436  0.46405
   0.46670  0.00450  0.45826
   0.48184  0.00461  0.45143
   0.49696  0.00469  0.44513
   0.51205  0.00473  0.43842
   0.52715  0.00474  0.43091
   0.54226  0.00472  0.42355
   0.55738  0.00467  0.41627
   0.57253  0.00459  0.40817
   0.58770  0.00449  0.40105
   0.60288  0.00438  0.39321
   0.61807  0.00424  0.38559
   0.63327  0.00410  0.37835
   0.64846  0.00394  0.37126
   0.66366  0.00378  0.36350
   0.67886  0.00360  0.35735
   0.69408  0.00343  0.34920
   0.70932  0.00325  0.34371
   0.72452  0.00307  0.33680
   0.73967  0.00290  0.33085
   0.75479  0.00272  0.32549
   0.76989  0.00255  0.31919
   0.78501  0.00237  0.31379
   0.80021  0.00220  0.30910
   0.81536  0.00202  0.30429
   0.83034  0.00184  0.30201
   0.84514  0.00165  0.29698
   0.85982  0.00144  0.29364
   0.87444  0.00120  0.28952
   0.88915  0.00093  0.28371
   0.90410  0.00061  0.27886
   0.91917  0.00024  0.26821
   0.93402 -0.00014  0.25896
   0.94899 -0.00052  0.25192
   0.96287 -0.00085  0.24620
   0.97498 -0.00112  0.24859
   0.98544 -0.00133  0.25268
   0.99454 -0.00150  0.26806
   1.00000 -0.00160  0.33391
