                                                
 Alfa =  10.00000 Re =  4000000.000 Xflap,Yflap =     0.000000    0.000000
#    x        y        Cp  
   1.00000  0.00000  0.69240
   0.99332  0.00308  0.45849
   0.98236  0.00808  0.32844
   0.97011  0.01358  0.22688
   0.95642  0.01963  0.13698
   0.94129  0.02619  0.04962
   0.92500  0.03310 -0.03564
   0.90804  0.04012 -0.11882
   0.89086  0.04705 -0.20211
   0.87372  0.05375 -0.28427
   0.85675  0.06014 -0.36396
   0.83999  0.06618 -0.43930
   0.82337  0.07189 -0.50972
   0.80677  0.07726 -0.57289
   0.79001  0.08234 -0.62166
   0.77285  0.08721 -0.65578
   0.75509  0.09194 -0.68309
   0.73660  0.09662 -0.70674
   0.71736  0.10129 -0.73034
   0.69751  0.10599 -0.76137
   0.67745  0.11067 -0.81208
   0.65757  0.11522 -0.87115
   0.63807  0.11954 -0.93338
   0.61897  0.12361 -0.99512
   0.60014  0.12743 -1.05350
   0.58132  0.13101 -1.10122
   0.56230  0.13442 -1.14372
   0.54291  0.13772 -1.18729
   0.52313  0.14093 -1.23528
   0.50309  0.14406 -1.29148
   0.48309  0.14709 -1.37069
   0.46345  0.14994 -1.46483
   0.44433  0.15255 -1.56515
   0.42576  0.15486 -1.66967
   0.40765  0.15688 -1.77416
   0.38982  0.15858 -1.87437
   0.37210  0.15997 -1.97007
   0.35440  0.16105 -2.06603
   0.33670  0.16181 -2.16467
   0.31911  0.16225 -2.26796
   0.30182  0.16236 -2.37994
   0.28506  0.16215 -2.51407
   0.26902  0.16160 -2.65710
   0.25373  0.16071 -2.79836
   0.23912  0.15945 -2.93263
   0.22507  0.15781 -3.05148
   0.21143  0.15578 -3.15443
   0.19806  0.15329 -3.22436
   0.18477  0.15031 -3.23503
   0.17143  0.14684 -3.22471
   0.15807  0.14291 -3.21045
   0.14485  0.13864 -3.23269
   0.13206  0.13413 -3.31055
   0.11997  0.12944 -3.39727
   0.10870  0.12460 -3.47488
   0.09827  0.11964 -3.53753
   0.08864  0.11458 -3.58490
   0.07977  0.10939 -3.60229
   0.07154  0.10404 -3.55054
   0.06384  0.09849 -3.42125
   0.05661  0.09279 -3.27297
   0.04988  0.08708 -3.14046
   0.04372  0.08152 -3.06884
   0.03821  0.07621 -3.02187
   0.03333  0.07116 -2.97118
   0.02902  0.06635 -2.90528
   0.02522  0.06175 -2.81487
   0.02186  0.05732 -2.64680
   0.01883  0.05300 -2.45396
   0.01604  0.04880 -2.27169
   0.01343  0.04473 -2.13282
   0.01098  0.04081 -2.07898
   0.00871  0.03710 -2.09830
   0.00667  0.03360 -2.12824
   0.00487  0.03032 -2.16932
   0.00330  0.02722 -2.20782
   0.00196  0.02429 -2.23997
   0.00083  0.02152 -2.26291
  -0.00009  0.01887 -2.26873
  -0.00081  0.01633 -2.25496
  -0.00134  0.01390 -2.21293
  -0.00168  0.01155 -2.12534
  -0.00182  0.00929 -1.99674
  -0.00177  0.00709 -1.81146
  -0.00152  0.00496 -1.56462
  -0.00105  0.00288 -1.26718
  -0.00036  0.00084 -0.91718
   0.00057 -0.00115 -0.54037
   0.00176 -0.00310 -0.17565
   0.00319 -0.00501  0.13285
   0.00486 -0.00684  0.38734
   0.00678 -0.00860  0.59015
   0.00893 -0.01023  0.74628
   0.01133 -0.01171  0.85952
   0.01397 -0.01299  0.93830
   0.01686 -0.01402  0.98179
   0.02003 -0.01485  0.99856
   0.02349 -0.01550  0.99834
   0.02729 -0.01606  0.98890
   0.03144 -0.01656  0.97422
   0.03601 -0.01701  0.95612
   0.04108 -0.01742  0.93611
   0.04672 -0.01780  0.91492
   0.05300 -0.01820  0.89143
   0.05996 -0.01864  0.86316
   0.06766 -0.01904  0.83159
   0.07615 -0.01931  0.79950
   0.08566 -0.01932  0.77566
   0.09654 -0.01913  0.75650
   0.10898 -0.01888  0.73093
   0.12262 -0.01863  0.69779
   0.13677 -0.01823  0.66372
   0.15111 -0.01751  0.63574
   0.16594 -0.01633  0.62376
   0.18196 -0.01469  0.62113
   0.19975 -0.01264  0.62348
   0.21937 -0.01039  0.62263
   0.23991 -0.00813  0.62092
   0.26031 -0.00605  0.61962
   0.27995 -0.00424  0.61810
   0.29877 -0.00274  0.61609
   0.31702 -0.00153  0.61231
   0.33500 -0.00058  0.60761
   0.35292  0.00012  0.60185
   0.37093  0.00058  0.59536
   0.38911  0.00079  0.58775
   0.40750  0.00075  0.57901
   0.42608  0.00045  0.56839
   0.44479 -0.00011  0.55660
   0.46355 -0.00093  0.54249
   0.48227 -0.00200  0.52607
   0.50083 -0.00331  0.50592
   0.51911 -0.00482  0.47892
   0.53706 -0.00641  0.44882
   0.55470 -0.00798  0.41767
   0.57211 -0.00943  0.38657
   0.58943 -0.01067  0.35853
   0.60684 -0.01163  0.33871
   0.62457 -0.01228  0.33046
   0.64285 -0.01266  0.32800
   0.66184 -0.01284  0.32863
   0.68162 -0.01287  0.33079
   0.70209 -0.01285  0.33123
   0.72296 -0.01283  0.32439
   0.74383 -0.01281  0.31493
   0.76446 -0.01275  0.30472
   0.78474 -0.01259  0.29524
   0.80471 -0.01233  0.28764
   0.82449 -0.01192  0.28297
   0.84417 -0.01137  0.28071
   0.86372 -0.01067  0.28063
   0.88302 -0.00983  0.28354
   0.90189 -0.00885  0.28857
   0.92008 -0.00775  0.29625
   0.93730 -0.00652  0.30982
   0.95325 -0.00519  0.33272
   0.96776 -0.00378  0.36762
   0.98087 -0.00235  0.41894
   0.99272 -0.00093  0.50198
   1.00000  0.00000  0.69240
