                                                
 Alfa =  10.00000 Re =  4000000.000 Xflap,Yflap =     0.000000    0.000000
#    x        y        Cp  
   1.00000  0.00000  0.23297
   0.99346  0.00031  0.17360
   0.98066  0.00112  0.12437
   0.96773  0.00206  0.08733
   0.95464  0.00303  0.05960
   0.94146  0.00404  0.04436
   0.92830  0.00506  0.02521
   0.91506  0.00611  0.00896
   0.90181  0.00720 -0.00565
   0.88859  0.00831 -0.02316
   0.87538  0.00946 -0.03688
   0.86216  0.01063 -0.05352
   0.84894  0.01182 -0.06622
   0.83571  0.01303 -0.08351
   0.82249  0.01427 -0.09693
   0.80927  0.01552 -0.11629
   0.79606  0.01680 -0.12896
   0.78284  0.01809 -0.14419
   0.76962  0.01940 -0.16294
   0.75640  0.02073 -0.17862
   0.74318  0.02206 -0.19612
   0.72996  0.02341 -0.21231
   0.71674  0.02478 -0.22959
   0.70352  0.02615 -0.24938
   0.69030  0.02753 -0.26665
   0.67708  0.02892 -0.28951
   0.66386  0.03031 -0.30608
   0.65064  0.03171 -0.32819
   0.63742  0.03312 -0.35312
   0.62420  0.03453 -0.37401
   0.61098  0.03595 -0.40298
   0.59777  0.03735 -0.43075
   0.58457  0.03874 -0.46126
   0.57137  0.04009 -0.49152
   0.55819  0.04141 -0.52208
   0.54501  0.04267 -0.55470
   0.53185  0.04388 -0.58272
   0.51868  0.04501 -0.61269
   0.50551  0.04606 -0.63647
   0.49233  0.04704 -0.66403
   0.47915  0.04795 -0.68628
   0.46596  0.04878 -0.70846
   0.45275  0.04954 -0.73111
   0.43954  0.05024 -0.75187
   0.42632  0.05088 -0.77733
   0.41309  0.05146 -0.80100
   0.39987  0.05199 -0.82707
   0.38664  0.05244 -0.85604
   0.37342  0.05284 -0.88172
   0.36020  0.05317 -0.91377
   0.34698  0.05343 -0.94275
   0.33376  0.05362 -0.97430
   0.32054  0.05374 -1.01080
   0.30733  0.05378 -1.04565
   0.29413  0.05374 -1.08294
   0.28093  0.05360 -1.12219
   0.26774  0.05337 -1.16299
   0.25456  0.05304 -1.20553
   0.24139  0.05261 -1.25042
   0.22823  0.05206 -1.29746
   0.21509  0.05139 -1.34909
   0.20197  0.05059 -1.39963
   0.18886  0.04965 -1.45748
   0.17578  0.04856 -1.51598
   0.16272  0.04732 -1.58005
   0.14970  0.04590 -1.64882
   0.13671  0.04431 -1.72503
   0.12376  0.04252 -1.80977
   0.11087  0.04052 -1.90572
   0.09804  0.03829 -2.01659
   0.08531  0.03581 -2.14906
   0.07270  0.03303 -2.30545
   0.06022  0.02990 -2.49972
   0.04796  0.02639 -2.74828
   0.03605  0.02242 -3.07803
   0.02450  0.01785 -3.59749
   0.01397  0.01269 -4.47206
   0.00595  0.00750 -6.22891
   0.00195  0.00374 -9.23919
   0.00049  0.00157-12.66744
   0.00000  0.00003-24.65299
   0.00063 -0.00135 -9.36158
   0.00243 -0.00289 -2.10597
   0.00651 -0.00525  0.12347
   0.01659 -0.00890  0.93766
   0.02741 -0.01145  0.99939
   0.03964 -0.01352  0.95764
   0.05266 -0.01512  0.89562
   0.06541 -0.01629  0.83809
   0.07831 -0.01719  0.78731
   0.09142 -0.01788  0.74237
   0.10459 -0.01841  0.70369
   0.11774 -0.01879  0.67020
   0.13091 -0.01906  0.64132
   0.14411 -0.01924  0.61529
   0.15734 -0.01935  0.59199
   0.17058 -0.01939  0.57144
   0.18383 -0.01938  0.55278
   0.19709 -0.01933  0.53549
   0.21035 -0.01924  0.51971
   0.22362 -0.01913  0.50599
   0.23690 -0.01899  0.49149
   0.25018 -0.01883  0.47928
   0.26347 -0.01865  0.46677
   0.27675 -0.01846  0.45666
   0.29004 -0.01825  0.44434
   0.30333 -0.01804  0.43571
   0.31662 -0.01782  0.42493
   0.32991 -0.01759  0.41601
   0.34321 -0.01736  0.40671
   0.35650 -0.01712  0.39814
   0.36979 -0.01687  0.38894
   0.38308 -0.01661  0.38125
   0.39637 -0.01636  0.37305
   0.40966 -0.01609  0.36666
   0.42296 -0.01582  0.35781
   0.43625 -0.01555  0.35235
   0.44955 -0.01527  0.34500
   0.46284 -0.01499  0.33748
   0.47613 -0.01470  0.33178
   0.48943 -0.01441  0.32469
   0.50272 -0.01412  0.31959
   0.51601 -0.01382  0.31211
   0.52931 -0.01352  0.30758
   0.54261 -0.01322  0.30164
   0.55590 -0.01292  0.29512
   0.56920 -0.01262  0.29076
   0.58249 -0.01231  0.28289
   0.59579 -0.01200  0.27993
   0.60908 -0.01169  0.27333
   0.62238 -0.01137  0.26854
   0.63567 -0.01106  0.26385
   0.64897 -0.01074  0.25792
   0.66226 -0.01042  0.25402
   0.67556 -0.01010  0.24719
   0.68885 -0.00978  0.24344
   0.70215 -0.00946  0.23742
   0.71544 -0.00913  0.23292
   0.72874 -0.00880  0.22981
   0.74203 -0.00847  0.22162
   0.75533 -0.00814  0.21828
   0.76862 -0.00781  0.21364
   0.78192 -0.00747  0.20896
   0.79521 -0.00713  0.20145
   0.80850 -0.00679  0.19895
   0.82179 -0.00645  0.19318
   0.83509 -0.00610  0.18810
   0.84838 -0.00575  0.18328
   0.86167 -0.00538  0.17627
   0.87495 -0.00502  0.17111
   0.88823 -0.00464  0.16793
   0.90151 -0.00425  0.15856
   0.91480 -0.00385  0.15193
   0.92808 -0.00342  0.14681
   0.94127 -0.00296  0.13910
   0.95442 -0.00242  0.13367
   0.96766 -0.00178  0.13588
   0.98062 -0.00103  0.16091
   0.99347 -0.00028  0.19739
   1.00000  0.00000  0.23297
