                                                
 Alfa =  10.00000 Re =  4000000.000 Xflap,Yflap =     0.000000    0.000000
#    x        y        Cp  
   1.00000  0.00150  0.41690
   0.99397  0.00181  0.36642
   0.98347  0.00278  0.29160
   0.97143  0.00407  0.26576
   0.95833  0.00571  0.23949
   0.94464  0.00775  0.19649
   0.93009  0.01017  0.13965
   0.91489  0.01278  0.09006
   0.89947  0.01542  0.04863
   0.88396  0.01807  0.01634
   0.86838  0.02076 -0.01942
   0.85275  0.02348 -0.05739
   0.83715  0.02618 -0.09657
   0.82168  0.02882 -0.13344
   0.80631  0.03137 -0.16595
   0.79088  0.03384 -0.18912
   0.77529  0.03628 -0.21180
   0.75954  0.03874 -0.23694
   0.74375  0.04120 -0.26978
   0.72804  0.04363 -0.30343
   0.71248  0.04600 -0.34050
   0.69705  0.04830 -0.37799
   0.68169  0.05050 -0.41204
   0.66632  0.05261 -0.44083
   0.65089  0.05463 -0.47076
   0.63548  0.05658 -0.50359
   0.62017  0.05842 -0.53665
   0.60495  0.06013 -0.56688
   0.58974  0.06172 -0.59231
   0.57442  0.06320 -0.61122
   0.55896  0.06458 -0.63029
   0.54343  0.06590 -0.65328
   0.52795  0.06713 -0.68218
   0.51259  0.06826 -0.70991
   0.49730  0.06927 -0.73394
   0.48193  0.07016 -0.74795
   0.46636  0.07097 -0.76111
   0.45062  0.07172 -0.77757
   0.43485  0.07244 -0.80726
   0.41921  0.07311 -0.84231
   0.40374  0.07368 -0.87742
   0.38836  0.07414 -0.90547
   0.37295  0.07449 -0.92891
   0.35743  0.07475 -0.95256
   0.34181  0.07494 -0.98059
   0.32617  0.07506 -1.01311
   0.31054  0.07511 -1.04946
   0.29493  0.07508 -1.08906
   0.27933  0.07498 -1.13224
   0.26373  0.07481 -1.18113
   0.24814  0.07457 -1.23905
   0.23264  0.07424 -1.30942
   0.21728  0.07383 -1.38979
   0.20209  0.07329 -1.47955
   0.18710  0.07260 -1.58255
   0.17233  0.07174 -1.69572
   0.15782  0.07068 -1.81987
   0.14365  0.06939 -1.95586
   0.12989  0.06784 -2.10840
   0.11656  0.06600 -2.26741
   0.10366  0.06383 -2.43392
   0.09125  0.06133 -2.61337
   0.07959  0.05853 -2.84103
   0.06884  0.05541 -3.05252
   0.05883  0.05186 -3.13924
   0.04940  0.04791 -3.15158
   0.04067  0.04379 -3.23539
   0.03315  0.03984 -3.56597
   0.02682  0.03593 -3.60000
   0.02145  0.03213 -3.62469
   0.01696  0.02857 -3.73900
   0.01326  0.02526 -3.83891
   0.01022  0.02217 -3.91667
   0.00773  0.01929 -3.97782
   0.00572  0.01659 -3.99335
   0.00410  0.01405 -3.96017
   0.00282  0.01165 -3.87309
   0.00183  0.00937 -3.74045
   0.00108  0.00723 -3.59652
   0.00057  0.00520 -3.35151
   0.00023  0.00329 -3.04358
   0.00003  0.00149 -3.18959
   0.00001 -0.00022 -3.43860
   0.00033 -0.00191 -3.15638
   0.00112 -0.00354 -1.79616
   0.00233 -0.00508 -0.62258
   0.00379 -0.00656 -0.07957
   0.00556 -0.00797  0.37542
   0.00765 -0.00930  0.64943
   0.01008 -0.01055  0.83250
   0.01291 -0.01171  0.93527
   0.01622 -0.01274  0.98676
   0.02021 -0.01364  1.00000
   0.02502 -0.01460  0.99021
   0.03090 -0.01556  0.96572
   0.03831 -0.01660  0.93161
   0.04761 -0.01779  0.88811
   0.05877 -0.01911  0.83773
   0.07144 -0.02041  0.78621
   0.08523 -0.02157  0.74159
   0.09997 -0.02264  0.70040
   0.11512 -0.02364  0.66109
   0.13038 -0.02454  0.62676
   0.14578 -0.02534  0.59617
   0.16134 -0.02607  0.56857
   0.17701 -0.02674  0.54319
   0.19273 -0.02734  0.51991
   0.20845 -0.02789  0.49807
   0.22417 -0.02839  0.47749
   0.23988 -0.02884  0.45829
   0.25559 -0.02923  0.44065
   0.27135 -0.02958  0.42525
   0.28718 -0.02988  0.41028
   0.30306 -0.03015  0.39590
   0.31895 -0.03040  0.38117
   0.33481 -0.03062  0.36621
   0.35062 -0.03081  0.35274
   0.36640 -0.03095  0.34005
   0.38216 -0.03104  0.32778
   0.39794 -0.03110  0.31677
   0.41374 -0.03111  0.30671
   0.42960 -0.03108  0.29761
   0.44549 -0.03102  0.28831
   0.46140 -0.03094  0.27886
   0.47730 -0.03084  0.26871
   0.49317 -0.03071  0.25918
   0.50902 -0.03056  0.24982
   0.52486 -0.03036  0.24132
   0.54073 -0.03014  0.23312
   0.55660 -0.02989  0.22459
   0.57248 -0.02962  0.21592
   0.58834 -0.02931  0.20730
   0.60418 -0.02897  0.19906
   0.61998 -0.02860  0.19046
   0.63575 -0.02819  0.18246
   0.65150 -0.02773  0.17524
   0.66728 -0.02722  0.16903
   0.68309 -0.02667  0.16309
   0.69891 -0.02609  0.15642
   0.71468 -0.02547  0.14924
   0.73040 -0.02481  0.14223
   0.74613 -0.02409  0.13813
   0.76191 -0.02331  0.13311
   0.77770 -0.02251  0.12838
   0.79343 -0.02166  0.12173
   0.80910 -0.02077  0.11574
   0.82481 -0.01981  0.11274
   0.84060 -0.01881  0.10816
   0.85628 -0.01778  0.09826
   0.87160 -0.01671  0.08484
   0.88666 -0.01549  0.08227
   0.90178 -0.01411  0.09193
   0.91708 -0.01262  0.10205
   0.93229 -0.01110  0.10814
   0.94681 -0.00966  0.08762
   0.96027 -0.00813  0.07667
   0.97278 -0.00636  0.11935
   0.98422 -0.00456  0.14348
   0.99409 -0.00273  0.22321
   1.00000 -0.00150  0.41690
