                                                
 Alfa =  10.00000 Re =  4000000.000 Xflap,Yflap =     0.000000    0.000000
#    x        y        Cp  
   1.00000  0.00000  0.46345
   0.99389  0.00099  0.36982
   0.98403  0.00271  0.32543
   0.97319  0.00475  0.29345
   0.96123  0.00719  0.26291
   0.94806  0.01013  0.22824
   0.93367  0.01360  0.18395
   0.91824  0.01757  0.13158
   0.90200  0.02192  0.07443
   0.88521  0.02651  0.01981
   0.86805  0.03125 -0.03401
   0.85071  0.03609 -0.08962
   0.83331  0.04097 -0.14857
   0.81595  0.04583 -0.20996
   0.79870  0.05063 -0.27363
   0.78158  0.05532 -0.33753
   0.76465  0.05986 -0.40392
   0.74789  0.06424 -0.46970
   0.73133  0.06843 -0.53664
   0.71492  0.07241 -0.60353
   0.69865  0.07619 -0.67020
   0.68247  0.07975 -0.73779
   0.66638  0.08308 -0.80481
   0.65048  0.08615 -0.87290
   0.63490  0.08892 -0.94496
   0.61970  0.09135 -1.01046
   0.60475  0.09342 -1.06746
   0.58979  0.09514 -1.09368
   0.57450  0.09656 -1.10052
   0.55870  0.09774 -1.09903
   0.54240  0.09874 -1.10410
   0.52583  0.09955 -1.11822
   0.50919  0.10018 -1.13533
   0.49256  0.10062 -1.15022
   0.47587  0.10088 -1.16632
   0.45910  0.10096 -1.18197
   0.44225  0.10087 -1.20007
   0.42537  0.10062 -1.22164
   0.40851  0.10019 -1.24247
   0.39169  0.09960 -1.26545
   0.37489  0.09883 -1.28669
   0.35811  0.09788 -1.30920
   0.34133  0.09677 -1.33258
   0.32455  0.09548 -1.35622
   0.30779  0.09402 -1.38207
   0.29108  0.09239 -1.41068
   0.27446  0.09059 -1.44241
   0.25795  0.08862 -1.47722
   0.24154  0.08647 -1.51192
   0.22522  0.08412 -1.54953
   0.20901  0.08159 -1.58938
   0.19295  0.07887 -1.63597
   0.17713  0.07598 -1.68978
   0.16161  0.07290 -1.74735
   0.14641  0.06963 -1.81012
   0.13157  0.06617 -1.87742
   0.11714  0.06252 -1.95046
   0.10329  0.05872 -2.02831
   0.09019  0.05483 -2.11509
   0.07805  0.05096 -2.21325
   0.06715  0.04723 -2.33760
   0.05759  0.04372 -2.47882
   0.04924  0.04042 -2.62525
   0.04193  0.03731 -2.77903
   0.03552  0.03440 -2.94552
   0.02997  0.03169 -3.12563
   0.02516  0.02920 -3.32712
   0.02101  0.02691 -3.61995
   0.01740  0.02479 -3.96268
   0.01427  0.02277 -4.32099
   0.01153  0.02082 -4.66597
   0.00911  0.01892 -5.06178
   0.00700  0.01705 -5.49404
   0.00515  0.01519 -6.15465
   0.00360  0.01329 -6.66373
   0.00237  0.01132 -6.50894
   0.00141  0.00930 -6.13477
   0.00071  0.00727 -5.67268
   0.00023  0.00524 -5.17446
  -0.00002  0.00321 -4.62006
  -0.00007  0.00121 -4.05078
   0.00009 -0.00079 -3.41877
   0.00047 -0.00277 -2.74407
   0.00107 -0.00475 -2.10073
   0.00190 -0.00672 -1.50033
   0.00296 -0.00867 -0.96570
   0.00429 -0.01061 -0.48857
   0.00591 -0.01248 -0.07391
   0.00784 -0.01426  0.29914
   0.01008 -0.01597  0.56177
   0.01262 -0.01766  0.73725
   0.01550 -0.01934  0.85413
   0.01878 -0.02106  0.92912
   0.02254 -0.02283  0.97368
   0.02688 -0.02470  0.99534
   0.03190 -0.02673  0.99971
   0.03772 -0.02894  0.99051
   0.04446 -0.03132  0.97008
   0.05219 -0.03384  0.94066
   0.06105 -0.03653  0.90437
   0.07124 -0.03938  0.86271
   0.08289 -0.04241  0.81642
   0.09583 -0.04553  0.76717
   0.10975 -0.04863  0.71763
   0.12440 -0.05163  0.67003
   0.13961 -0.05448  0.62504
   0.15522 -0.05716  0.58303
   0.17115 -0.05966  0.54386
   0.18736 -0.06200  0.50724
   0.20381 -0.06418  0.47287
   0.22043 -0.06621  0.44022
   0.23717 -0.06807  0.40985
   0.25399 -0.06978  0.38088
   0.27091 -0.07133  0.35384
   0.28792 -0.07274  0.32818
   0.30500 -0.07401  0.30390
   0.32212 -0.07514  0.27949
   0.33924 -0.07612  0.25691
   0.35635 -0.07696  0.23485
   0.37347 -0.07766  0.21439
   0.39059 -0.07821  0.19455
   0.40773 -0.07862  0.17603
   0.42490 -0.07889  0.15812
   0.44209 -0.07902  0.14073
   0.45924 -0.07901  0.12311
   0.47631 -0.07885  0.10579
   0.49328 -0.07855  0.08842
   0.51020 -0.07809  0.07236
   0.52712 -0.07747  0.05700
   0.54395 -0.07669  0.04003
   0.56046 -0.07575  0.01974
   0.57643 -0.07464 -0.00142
   0.59188 -0.07330 -0.01809
   0.60707 -0.07165 -0.02058
   0.62232 -0.06967 -0.01002
   0.63790 -0.06735  0.00681
   0.65390 -0.06471  0.02654
   0.67023 -0.06182  0.04506
   0.68674 -0.05869  0.06491
   0.70337 -0.05537  0.08608
   0.72015 -0.05187  0.10841
   0.73712 -0.04820  0.13200
   0.75431 -0.04437  0.15614
   0.77177 -0.04040  0.18108
   0.78942 -0.03633  0.20636
   0.80711 -0.03222  0.23260
   0.82459 -0.02818  0.25855
   0.84178 -0.02426  0.28373
   0.85873 -0.02049  0.30572
   0.87557 -0.01688  0.32601
   0.89218 -0.01342  0.34799
   0.90824 -0.01021  0.37502
   0.92339 -0.00736  0.40366
   0.93748 -0.00501  0.42684
   0.95049 -0.00319  0.44143
   0.96254 -0.00187  0.44613
   0.97371 -0.00095  0.44574
   0.98412 -0.00038  0.44266
   0.99384 -0.00008  0.44244
   1.00000  0.00000  0.46345
