                                                
 Alfa =  10.00000 Re =  4000000.000 Xflap,Yflap =     0.000000    0.000000
#    x        y        Cp  
   1.00000  0.00000  0.70499
   0.99476  0.00267  0.40211
   0.98639  0.00669  0.21970
   0.97733  0.01071  0.08120
   0.96748  0.01469 -0.03218
   0.95671  0.01859 -0.12217
   0.94491  0.02236 -0.18246
   0.93197  0.02597 -0.20194
   0.91787  0.02948 -0.20054
   0.90270  0.03300 -0.18878
   0.88673  0.03667 -0.19776
   0.87082  0.04035 -0.21989
   0.85513  0.04399 -0.24569
   0.83942  0.04764 -0.27508
   0.82353  0.05133 -0.30631
   0.80743  0.05505 -0.33929
   0.79139  0.05872 -0.37263
   0.77552  0.06233 -0.40642
   0.75972  0.06589 -0.43964
   0.74395  0.06939 -0.47446
   0.72816  0.07285 -0.50926
   0.71231  0.07627 -0.54432
   0.69638  0.07965 -0.57857
   0.68038  0.08299 -0.61301
   0.66430  0.08629 -0.64723
   0.64815  0.08954 -0.68296
   0.63195  0.09277 -0.71989
   0.61573  0.09596 -0.76075
   0.59952  0.09912 -0.80505
   0.58337  0.10224 -0.85668
   0.56731  0.10530 -0.91468
   0.55136  0.10828 -0.97499
   0.53551  0.11115 -1.03962
   0.51977  0.11390 -1.10559
   0.50410  0.11652 -1.17407
   0.48849  0.11900 -1.24336
   0.47289  0.12132 -1.31460
   0.45729  0.12349 -1.38710
   0.44170  0.12548 -1.46191
   0.42615  0.12728 -1.53777
   0.41067  0.12888 -1.61631
   0.39533  0.13026 -1.69671
   0.38019  0.13141 -1.78191
   0.36528  0.13231 -1.86484
   0.35060  0.13296 -1.95023
   0.33610  0.13334 -2.03239
   0.32170  0.13345 -2.11302
   0.30731  0.13327 -2.18887
   0.29278  0.13278 -2.25631
   0.27794  0.13194 -2.31427
   0.26269  0.13074 -2.36912
   0.24704  0.12915 -2.42614
   0.23118  0.12718 -2.48709
   0.21550  0.12488 -2.56065
   0.20049  0.12236 -2.66160
   0.18656  0.11973 -2.83043
   0.17380  0.11694 -3.00759
   0.16194  0.11386 -3.15236
   0.15061  0.11036 -3.22858
   0.13937  0.10622 -3.15700
   0.12774  0.10128 -2.99785
   0.11541  0.09544 -2.80879
   0.10250  0.08884 -2.63905
   0.08996  0.08209 -2.61021
   0.07844  0.07550 -2.63098
   0.06732  0.06856 -2.53545
   0.05570  0.06075 -2.38212
   0.04480  0.05318 -2.44234
   0.03629  0.04702 -2.65833
   0.02962  0.04175 -2.83541
   0.02403  0.03680 -2.88906
   0.01905  0.03180 -2.70616
   0.01460  0.02697 -2.55742
   0.01091  0.02286 -2.66772
   0.00799  0.01951 -2.96785
   0.00571  0.01671 -3.28512
   0.00392  0.01427 -3.60404
   0.00250  0.01208 -3.95017
   0.00140  0.01009 -4.28074
   0.00056  0.00823 -4.58431
  -0.00003  0.00649 -4.82562
  -0.00039  0.00484 -4.93779
  -0.00052  0.00326 -4.81481
  -0.00043  0.00173 -4.42126
  -0.00008  0.00024 -3.69225
   0.00053 -0.00122 -2.68392
   0.00141 -0.00266 -1.71084
   0.00256 -0.00409 -0.92656
   0.00400 -0.00550 -0.31195
   0.00575 -0.00690  0.14050
   0.00784 -0.00826  0.47436
   0.01032 -0.00955  0.70770
   0.01323 -0.01070  0.86573
   0.01663 -0.01158  0.95915
   0.02068 -0.01216  0.99636
   0.02563 -0.01243  0.99739
   0.03185 -0.01254  0.98001
   0.03979 -0.01249  0.95261
   0.04964 -0.01233  0.92152
   0.06138 -0.01223  0.88563
   0.07510 -0.01224  0.84485
   0.09010 -0.01223  0.80340
   0.10526 -0.01207  0.76848
   0.12041 -0.01174  0.74245
   0.13571 -0.01132  0.72199
   0.15127 -0.01094  0.70266
   0.16704 -0.01069  0.67969
   0.18297 -0.01051  0.65564
   0.19898 -0.01032  0.63275
   0.21505 -0.01005  0.61500
   0.23116 -0.00970  0.60059
   0.24733 -0.00930  0.58806
   0.26353 -0.00887  0.57771
   0.27977 -0.00844  0.56799
   0.29605 -0.00804  0.55910
   0.31235 -0.00769  0.54953
   0.32869 -0.00739  0.53917
   0.34506 -0.00714  0.52879
   0.36146 -0.00693  0.51872
   0.37789 -0.00677  0.50821
   0.39434 -0.00664  0.49794
   0.41082 -0.00654  0.48802
   0.42733 -0.00646  0.47747
   0.44385 -0.00641  0.46765
   0.46039 -0.00636  0.45795
   0.47695 -0.00632  0.44860
   0.49352 -0.00627  0.43957
   0.51009 -0.00622  0.43167
   0.52665 -0.00615  0.42474
   0.54320 -0.00608  0.41766
   0.55975 -0.00602  0.41185
   0.57628 -0.00596  0.40544
   0.59281 -0.00592  0.39940
   0.60934 -0.00589  0.39339
   0.62587 -0.00588  0.38614
   0.64242 -0.00589  0.38024
   0.65899 -0.00592  0.37261
   0.67556 -0.00596  0.36637
   0.69214 -0.00602  0.35958
   0.70872 -0.00609  0.35205
   0.72527 -0.00617  0.34603
   0.74179 -0.00627  0.33853
   0.75829 -0.00637  0.33204
   0.77478 -0.00649  0.32426
   0.79129 -0.00662  0.31654
   0.80784 -0.00677  0.30818
   0.82445 -0.00692  0.29870
   0.84100 -0.00707  0.28846
   0.85752 -0.00720  0.27824
   0.87410 -0.00729  0.26715
   0.89060 -0.00734  0.25568
   0.90672 -0.00734  0.23865
   0.92227 -0.00721  0.21821
   0.93700 -0.00683  0.20652
   0.95068 -0.00613  0.21130
   0.96318 -0.00512  0.24023
   0.97453 -0.00389  0.28866
   0.98482 -0.00250  0.35799
   0.99419 -0.00102  0.46912
   1.00000  0.00000  0.70499
