                                                
 Alfa =  10.00000 Re =  4000000.000 Xflap,Yflap =     0.000000    0.000000
#    x        y        Cp  
   1.00000  0.00035  0.21802
   0.99434  0.00085  0.10075
   0.98247  0.00189  0.05006
   0.96909  0.00305  0.01508
   0.95519  0.00423 -0.01674
   0.94125  0.00539 -0.03746
   0.92728  0.00653 -0.06209
   0.91331  0.00764 -0.07985
   0.89934  0.00873 -0.09589
   0.88536  0.00980 -0.11413
   0.87139  0.01085 -0.13011
   0.85741  0.01187 -0.14357
   0.84342  0.01287 -0.15643
   0.82944  0.01385 -0.17116
   0.81545  0.01480 -0.18043
   0.80146  0.01573 -0.19452
   0.78747  0.01664 -0.20356
   0.77348  0.01753 -0.21476
   0.75949  0.01840 -0.22138
   0.74550  0.01924 -0.22936
   0.73153  0.02007 -0.23106
   0.71771  0.02086 -0.23105
   0.70464  0.02159 -0.18173
   0.69229  0.02259 -0.23346
   0.67870  0.02379 -0.27847
   0.66483  0.02499 -0.30142
   0.65086  0.02618 -0.32747
   0.63689  0.02735 -0.34749
   0.62291  0.02850 -0.36976
   0.60893  0.02963 -0.38944
   0.59495  0.03074 -0.41001
   0.58097  0.03183 -0.43073
   0.56698  0.03289 -0.45089
   0.55299  0.03394 -0.47236
   0.53900  0.03497 -0.49282
   0.52502  0.03598 -0.51656
   0.51102  0.03697 -0.54030
   0.49705  0.03794 -0.56622
   0.48311  0.03887 -0.59437
   0.46918  0.03977 -0.62003
   0.45525  0.04061 -0.64633
   0.44133  0.04142 -0.67343
   0.42741  0.04217 -0.69916
   0.41349  0.04288 -0.72789
   0.39957  0.04354 -0.75687
   0.38566  0.04414 -0.78470
   0.37176  0.04469 -0.81629
   0.35785  0.04519 -0.84794
   0.34396  0.04562 -0.88135
   0.33007  0.04599 -0.91585
   0.31620  0.04630 -0.95130
   0.30233  0.04654 -0.99030
   0.28848  0.04670 -1.03066
   0.27464  0.04678 -1.07273
   0.26081  0.04678 -1.11725
   0.24701  0.04670 -1.16543
   0.23322  0.04651 -1.21556
   0.21946  0.04623 -1.27159
   0.20573  0.04584 -1.32938
   0.19202  0.04534 -1.39348
   0.17836  0.04471 -1.46470
   0.16474  0.04395 -1.54078
   0.15118  0.04304 -1.62740
   0.13768  0.04196 -1.72339
   0.12427  0.04072 -1.83479
   0.11096  0.03927 -1.96110
   0.09779  0.03760 -2.11313
   0.08483  0.03569 -2.29128
   0.07211  0.03348 -2.50747
   0.05977  0.03095 -2.77465
   0.04792  0.02804 -3.09538
   0.03678  0.02473 -3.50449
   0.02673  0.02108 -4.01988
   0.01832  0.01729 -4.67406
   0.01199  0.01374 -5.44584
   0.00760  0.01067 -6.30568
   0.00464  0.00809 -7.25147
   0.00263  0.00589 -8.31950
   0.00128  0.00396 -9.53060
   0.00044  0.00221-10.75333
   0.00004  0.00060-11.75814
   0.00008 -0.00090-11.54321
   0.00068 -0.00238 -7.85033
   0.00193 -0.00371 -3.31241
   0.00380 -0.00490 -0.94390
   0.00637 -0.00608  0.11800
   0.01000 -0.00733  0.66188
   0.01536 -0.00873  0.91798
   0.02327 -0.01026  0.99815
   0.03382 -0.01173  0.98017
   0.04595 -0.01295  0.92737
   0.05884 -0.01386  0.87027
   0.07211 -0.01452  0.81820
   0.08562 -0.01498  0.77245
   0.09926 -0.01529  0.73248
   0.11299 -0.01548  0.69767
   0.12679 -0.01556  0.66739
   0.14064 -0.01556  0.64046
   0.15454 -0.01549  0.61683
   0.16847 -0.01537  0.59534
   0.18243 -0.01520  0.57602
   0.19641 -0.01500  0.55893
   0.21041 -0.01476  0.54284
   0.22443 -0.01450  0.52783
   0.23847 -0.01422  0.51483
   0.25252 -0.01392  0.50207
   0.26659 -0.01362  0.49026
   0.28065 -0.01331  0.47854
   0.29472 -0.01300  0.46805
   0.30880 -0.01269  0.45770
   0.32288 -0.01237  0.44779
   0.33696 -0.01206  0.43883
   0.35103 -0.01174  0.43016
   0.36509 -0.01143  0.42108
   0.37916 -0.01112  0.41255
   0.39323 -0.01081  0.40487
   0.40728 -0.01051  0.39678
   0.42134 -0.01021  0.38978
   0.43540 -0.00991  0.38157
   0.44946 -0.00962  0.37391
   0.46353 -0.00933  0.36673
   0.47760 -0.00904  0.35953
   0.49167 -0.00875  0.35316
   0.50573 -0.00846  0.34651
   0.51981 -0.00817  0.34032
   0.53388 -0.00787  0.33327
   0.54794 -0.00758  0.32804
   0.56201 -0.00728  0.32278
   0.57607 -0.00699  0.31623
   0.59013 -0.00669  0.31196
   0.60419 -0.00640  0.30389
   0.61826 -0.00610  0.30085
   0.63233 -0.00581  0.29475
   0.64640 -0.00551  0.29105
   0.66046 -0.00522  0.28458
   0.67452 -0.00493  0.27956
   0.68857 -0.00464  0.27631
   0.70256 -0.00436  0.27085
   0.71656 -0.00407  0.26650
   0.73062 -0.00378  0.26034
   0.74468 -0.00350  0.25749
   0.75874 -0.00322  0.25272
   0.77281 -0.00294  0.24722
   0.78688 -0.00266  0.24519
   0.80096 -0.00238  0.23882
   0.81502 -0.00211  0.23874
   0.82906 -0.00185  0.23424
   0.84310 -0.00161  0.22929
   0.85713 -0.00137  0.22764
   0.87116 -0.00117  0.22002
   0.88518 -0.00097  0.21925
   0.89918 -0.00081  0.21357
   0.91320 -0.00067  0.20841
   0.92720 -0.00055  0.20220
   0.94118 -0.00046  0.19886
   0.95516 -0.00041  0.18759
   0.96906 -0.00039  0.18550
   0.98246 -0.00040  0.17304
   0.99433 -0.00042  0.17704
   1.00000 -0.00045  0.21802
