                                                
 Alfa =  10.00000 Re =  4000000.000 Xflap,Yflap =     0.000000    0.000000
#    x        y        Cp  
   0.99999  0.00018  0.43192
   0.99448  0.00075  0.23971
   0.98535  0.00169  0.18863
   0.97496  0.00275  0.14910
   0.96309  0.00397  0.11469
   0.94971  0.00534  0.08622
   0.93561  0.00679  0.06130
   0.92175  0.00821  0.03977
   0.90771  0.00965  0.02202
   0.89345  0.01113  0.00600
   0.87932  0.01262 -0.00611
   0.86527  0.01414 -0.01964
   0.85121  0.01573 -0.03369
   0.83710  0.01741 -0.05292
   0.82296  0.01917 -0.07626
   0.80880  0.02100 -0.10278
   0.79461  0.02289 -0.12987
   0.78041  0.02482 -0.16245
   0.76619  0.02676 -0.19245
   0.75197  0.02870 -0.22718
   0.73776  0.03061 -0.25792
   0.72357  0.03248 -0.28829
   0.70941  0.03429 -0.31829
   0.69526  0.03604 -0.34602
   0.68111  0.03772 -0.37104
   0.66695  0.03934 -0.39607
   0.65277  0.04090 -0.41936
   0.63858  0.04240 -0.44444
   0.62439  0.04383 -0.46824
   0.61021  0.04521 -0.49246
   0.59603  0.04651 -0.51557
   0.58184  0.04774 -0.53761
   0.56763  0.04891 -0.55819
   0.55341  0.05002 -0.58088
   0.53916  0.05107 -0.60328
   0.52492  0.05207 -0.62667
   0.51068  0.05300 -0.65321
   0.49645  0.05387 -0.67858
   0.48223  0.05467 -0.70524
   0.46802  0.05540 -0.73376
   0.45384  0.05604 -0.76073
   0.43966  0.05661 -0.78957
   0.42551  0.05707 -0.81658
   0.41139  0.05744 -0.84351
   0.39727  0.05770 -0.86728
   0.38315  0.05786 -0.88905
   0.36901  0.05791 -0.90846
   0.35484  0.05786 -0.92717
   0.34064  0.05773 -0.94715
   0.32641  0.05752 -0.96782
   0.31216  0.05724 -0.99084
   0.29789  0.05689 -1.01684
   0.28363  0.05648 -1.04999
   0.26940  0.05600 -1.08630
   0.25519  0.05545 -1.12612
   0.24101  0.05482 -1.17164
   0.22687  0.05409 -1.21963
   0.21276  0.05327 -1.27321
   0.19869  0.05234 -1.33188
   0.18467  0.05129 -1.39764
   0.17072  0.05010 -1.47137
   0.15684  0.04876 -1.55066
   0.14306  0.04725 -1.63974
   0.12937  0.04554 -1.74243
   0.11582  0.04360 -1.85191
   0.10244  0.04140 -1.97149
   0.08928  0.03892 -2.10650
   0.07638  0.03614 -2.25596
   0.06372  0.03299 -2.41787
   0.05134  0.02946 -2.61125
   0.03949  0.02560 -2.91000
   0.02873  0.02153 -3.29511
   0.01960  0.01747 -3.88277
   0.01281  0.01384 -4.59896
   0.00835  0.01097 -5.41518
   0.00533  0.00865 -6.49441
   0.00314  0.00655 -7.55787
   0.00165  0.00471 -8.78435
   0.00068  0.00308-10.06403
   0.00014  0.00157-11.06195
  -0.00001  0.00014-10.69859
   0.00025 -0.00127 -7.84044
   0.00092 -0.00271 -4.77685
   0.00203 -0.00423 -2.53195
   0.00370 -0.00589 -1.01999
   0.00611 -0.00769 -0.03679
   0.00940 -0.00955  0.55462
   0.01421 -0.01176  0.85737
   0.02146 -0.01443  0.98584
   0.03115 -0.01725  0.99314
   0.04254 -0.01993  0.94673
   0.05493 -0.02228  0.88573
   0.06787 -0.02429  0.82585
   0.08120 -0.02602  0.77187
   0.09482 -0.02750  0.72454
   0.10864 -0.02879  0.68308
   0.12261 -0.02992  0.64607
   0.13668 -0.03092  0.61378
   0.15082 -0.03181  0.58511
   0.16501 -0.03262  0.55872
   0.17924 -0.03335  0.53447
   0.19349 -0.03402  0.51230
   0.20777 -0.03463  0.49154
   0.22207 -0.03519  0.47236
   0.23637 -0.03570  0.45431
   0.25069 -0.03618  0.43720
   0.26503 -0.03661  0.42132
   0.27938 -0.03702  0.40603
   0.29375 -0.03739  0.39160
   0.30813 -0.03774  0.37704
   0.32250 -0.03807  0.36348
   0.33686 -0.03837  0.34961
   0.35123 -0.03865  0.33645
   0.36561 -0.03891  0.32445
   0.38003 -0.03915  0.31134
   0.39446 -0.03938  0.29912
   0.40888 -0.03961  0.28372
   0.42324 -0.03983  0.26675
   0.43752 -0.04001  0.24882
   0.45173 -0.04012  0.23319
   0.46589 -0.04014  0.22034
   0.48005 -0.04007  0.20924
   0.49423 -0.03992  0.20062
   0.50844 -0.03969  0.19207
   0.52267 -0.03938  0.18507
   0.53692 -0.03900  0.17904
   0.55118 -0.03855  0.17233
   0.56544 -0.03804  0.16755
   0.57970 -0.03747  0.16190
   0.59396 -0.03684  0.15659
   0.60823 -0.03616  0.15286
   0.62250 -0.03542  0.14831
   0.63677 -0.03463  0.14540
   0.65105 -0.03379  0.14184
   0.66533 -0.03290  0.13826
   0.67961 -0.03196  0.13524
   0.69388 -0.03098  0.13147
   0.70814 -0.02994  0.12981
   0.72237 -0.02885  0.12738
   0.73660 -0.02771  0.12578
   0.75081 -0.02650  0.12539
   0.76502 -0.02524  0.12811
   0.77925 -0.02392  0.12951
   0.79351 -0.02255  0.13323
   0.80780 -0.02115  0.13568
   0.82213 -0.01972  0.14044
   0.83648 -0.01825  0.14169
   0.85082 -0.01677  0.14520
   0.86509 -0.01528  0.14954
   0.87927 -0.01378  0.15127
   0.89344 -0.01226  0.15540
   0.90771 -0.01072  0.16048
   0.92180 -0.00917  0.16572
   0.93573 -0.00762  0.17148
   0.94984 -0.00603  0.18200
   0.96318 -0.00451  0.19369
   0.97502 -0.00314  0.21066
   0.98539 -0.00192  0.23370
   0.99450 -0.00084  0.26835
   1.00000 -0.00018  0.43192
