                                                
 Alfa =  10.00000 Re =  4000000.000 Xflap,Yflap =     0.000000    0.000000
#    x        y        Cp  
   1.00000  0.00000  0.23475
   0.99509  0.00055  0.12797
   0.98695  0.00148  0.11468
   0.97769  0.00255  0.07387
   0.96706  0.00378  0.04212
   0.95490  0.00521  0.01386
   0.94171  0.00679 -0.01928
   0.92882  0.00834 -0.04771
   0.91590  0.00991 -0.07313
   0.90266  0.01153 -0.09875
   0.88925  0.01315 -0.12601
   0.87595  0.01476 -0.15390
   0.86261  0.01635 -0.17804
   0.84918  0.01793 -0.20135
   0.83568  0.01948 -0.22648
   0.82218  0.02100 -0.24657
   0.80867  0.02249 -0.27184
   0.79518  0.02394 -0.29304
   0.78170  0.02536 -0.31899
   0.76823  0.02673 -0.33822
   0.75476  0.02805 -0.36311
   0.74127  0.02933 -0.38550
   0.72779  0.03056 -0.40965
   0.71430  0.03173 -0.42630
   0.70082  0.03284 -0.45228
   0.68733  0.03389 -0.47451
   0.67384  0.03487 -0.49301
   0.66036  0.03578 -0.51323
   0.64687  0.03661 -0.53556
   0.63339  0.03737 -0.55106
   0.61991  0.03804 -0.57057
   0.60643  0.03862 -0.58134
   0.59295  0.03911 -0.59766
   0.57944  0.03952 -0.60002
   0.56592  0.03987 -0.60944
   0.55237  0.04016 -0.61584
   0.53882  0.04040 -0.62495
   0.52526  0.04061 -0.64013
   0.51170  0.04077 -0.65218
   0.49815  0.04089 -0.66348
   0.48461  0.04097 -0.67951
   0.47106  0.04100 -0.68893
   0.45751  0.04098 -0.70731
   0.44396  0.04092 -0.71775
   0.43041  0.04081 -0.73504
   0.41686  0.04067 -0.75081
   0.40330  0.04048 -0.76400
   0.38976  0.04024 -0.78215
   0.37621  0.03996 -0.80051
   0.36266  0.03964 -0.81812
   0.34912  0.03927 -0.83583
   0.33558  0.03886 -0.85740
   0.32204  0.03840 -0.87813
   0.30850  0.03790 -0.89974
   0.29496  0.03734 -0.92452
   0.28143  0.03675 -0.94868
   0.26790  0.03610 -0.97751
   0.25438  0.03539 -1.00560
   0.24087  0.03464 -1.03844
   0.22736  0.03382 -1.07010
   0.21385  0.03295 -1.10692
   0.20036  0.03202 -1.14619
   0.18686  0.03103 -1.19218
   0.17337  0.02997 -1.24182
   0.15990  0.02884 -1.29692
   0.14644  0.02764 -1.36199
   0.13301  0.02635 -1.43354
   0.11962  0.02497 -1.51997
   0.10626  0.02349 -1.61674
   0.09290  0.02189 -1.73583
   0.07952  0.02016 -1.87979
   0.06621  0.01832 -2.09261
   0.05307  0.01632 -2.38521
   0.04000  0.01406 -2.75826
   0.02693  0.01152 -3.41116
   0.01464  0.00875 -5.30247
   0.00644  0.00596 -9.07901
   0.00271  0.00387-14.39199
   0.00096  0.00228-20.45774
   0.00015  0.00097-31.60459
   0.00003 -0.00019-33.74753
   0.00062 -0.00130-14.77479
   0.00200 -0.00247 -5.22728
   0.00476 -0.00386 -1.13637
   0.01076 -0.00544  0.61240
   0.02215 -0.00699  0.98052
   0.03541 -0.00817  0.99329
   0.04866 -0.00926  0.95394
   0.06205 -0.01018  0.90615
   0.07555 -0.01099  0.86102
   0.08908 -0.01174  0.81859
   0.10260 -0.01244  0.77966
   0.11610 -0.01307  0.74492
   0.12961 -0.01365  0.71332
   0.14314 -0.01418  0.68511
   0.15669 -0.01467  0.65846
   0.17026 -0.01513  0.63447
   0.18383 -0.01555  0.61125
   0.19739 -0.01595  0.59021
   0.21095 -0.01632  0.57045
   0.22451 -0.01666  0.55252
   0.23808 -0.01697  0.53489
   0.25165 -0.01725  0.51856
   0.26522 -0.01752  0.50282
   0.27880 -0.01776  0.48825
   0.29238 -0.01798  0.47417
   0.30596 -0.01818  0.46146
   0.31953 -0.01836  0.44695
   0.33311 -0.01852  0.43673
   0.34669 -0.01866  0.42268
   0.36026 -0.01877  0.41266
   0.37384 -0.01887  0.40052
   0.38742 -0.01895  0.39068
   0.40100 -0.01900  0.38093
   0.41458 -0.01904  0.37051
   0.42816 -0.01906  0.35934
   0.44174 -0.01906  0.35162
   0.45532 -0.01904  0.34201
   0.46890 -0.01900  0.33281
   0.48247 -0.01894  0.32428
   0.49604 -0.01885  0.31573
   0.50962 -0.01874  0.30748
   0.52320 -0.01861  0.29902
   0.53679 -0.01846  0.29261
   0.55037 -0.01829  0.28235
   0.56395 -0.01811  0.27329
   0.57751 -0.01790  0.26333
   0.59105 -0.01764  0.25420
   0.60457 -0.01732  0.24744
   0.61808 -0.01694  0.23981
   0.63160 -0.01650  0.23611
   0.64512 -0.01599  0.23191
   0.65864 -0.01543  0.23226
   0.67218 -0.01482  0.22542
   0.68571 -0.01416  0.22923
   0.69925 -0.01346  0.22673
   0.71280 -0.01273  0.22711
   0.72634 -0.01196  0.22729
   0.73990 -0.01116  0.22971
   0.75345 -0.01035  0.22975
   0.76701 -0.00952  0.22862
   0.78057 -0.00867  0.23306
   0.79413 -0.00782  0.23167
   0.80770 -0.00696  0.23886
   0.82125 -0.00610  0.23729
   0.83480 -0.00526  0.24320
   0.84836 -0.00442  0.24344
   0.86187 -0.00361  0.24696
   0.87529 -0.00283  0.25070
   0.88867 -0.00208  0.25099
   0.90214 -0.00135  0.26151
   0.91554 -0.00068  0.26612
   0.92866 -0.00010  0.27373
   0.94182  0.00035  0.28167
   0.95505  0.00062  0.28231
   0.96708  0.00069  0.27390
   0.97765  0.00061  0.27047
   0.98690  0.00043  0.26359
   0.99506  0.00019  0.22332
   1.00000  0.00000  0.23475
