                                                
 Alfa =  10.00000 Re =  4000000.000 Xflap,Yflap =     0.000000    0.000000
#    x        y        Cp  
   1.00000  0.00000  0.29897
   0.99378  0.00002  0.26297
   0.98186  0.00038  0.19441
   0.96840  0.00097  0.14175
   0.95442  0.00160  0.11333
   0.94041  0.00223  0.09613
   0.92644  0.00286  0.08407
   0.91250  0.00352  0.07287
   0.89857  0.00423  0.06089
   0.88464  0.00500  0.04936
   0.87071  0.00581  0.03706
   0.85678  0.00667  0.02379
   0.84284  0.00758  0.01192
   0.82891  0.00853 -0.00119
   0.81497  0.00953 -0.01344
   0.80104  0.01056 -0.02785
   0.78710  0.01164 -0.04057
   0.77316  0.01275 -0.05594
   0.75922  0.01390 -0.06857
   0.74527  0.01508 -0.08390
   0.73133  0.01630 -0.09887
   0.71738  0.01754 -0.11488
   0.70343  0.01881 -0.12994
   0.68948  0.02011 -0.14757
   0.67553  0.02144 -0.16321
   0.66158  0.02278 -0.18088
   0.64762  0.02415 -0.19884
   0.63366  0.02553 -0.21708
   0.61969  0.02693 -0.23652
   0.60572  0.02835 -0.25641
   0.59175  0.02978 -0.27697
   0.57778  0.03122 -0.29754
   0.56379  0.03267 -0.31997
   0.54981  0.03412 -0.34264
   0.53582  0.03558 -0.36673
   0.52184  0.03703 -0.39133
   0.50785  0.03848 -0.41708
   0.49387  0.03993 -0.44352
   0.47990  0.04137 -0.47161
   0.46593  0.04279 -0.50119
   0.45197  0.04420 -0.53138
   0.43802  0.04559 -0.56354
   0.42408  0.04695 -0.59752
   0.41014  0.04828 -0.63160
   0.39621  0.04958 -0.66944
   0.38229  0.05085 -0.70803
   0.36838  0.05207 -0.74903
   0.35448  0.05324 -0.79282
   0.34059  0.05436 -0.83820
   0.32671  0.05541 -0.88707
   0.31285  0.05639 -0.93905
   0.29901  0.05730 -0.99399
   0.28517  0.05812 -1.05285
   0.27137  0.05883 -1.11613
   0.25759  0.05944 -1.18323
   0.24384  0.05993 -1.25597
   0.23012  0.06027 -1.33428
   0.21644  0.06047 -1.41809
   0.20281  0.06049 -1.51228
   0.18923  0.06032 -1.61282
   0.17575  0.05992 -1.72426
   0.16241  0.05927 -1.84949
   0.14923  0.05831 -1.97457
   0.13624  0.05699 -2.09311
   0.12340  0.05528 -2.19829
   0.11070  0.05314 -2.28959
   0.09809  0.05054 -2.35928
   0.08558  0.04750 -2.42954
   0.07321  0.04401 -2.51586
   0.06109  0.04008 -2.62146
   0.04936  0.03573 -2.76134
   0.03816  0.03093 -2.94259
   0.02774  0.02572 -3.18208
   0.01886  0.02047 -3.50173
   0.01201  0.01561 -3.91081
   0.00715  0.01142 -4.47953
   0.00411  0.00815 -4.98450
   0.00223  0.00562 -5.60495
   0.00104  0.00356 -6.38227
   0.00032  0.00179 -7.24302
   0.00001  0.00024 -9.37949
   0.00024 -0.00123 -7.73315
   0.00118 -0.00269 -2.95849
   0.00265 -0.00422 -1.12551
   0.00478 -0.00593 -0.07267
   0.00794 -0.00800  0.52642
   0.01283 -0.01063  0.85917
   0.02037 -0.01388  0.98993
   0.03008 -0.01723  0.98897
   0.04134 -0.02039  0.93565
   0.05368 -0.02325  0.86820
   0.06649 -0.02575  0.80307
   0.07953 -0.02793  0.74397
   0.09278 -0.02984  0.69176
   0.10619 -0.03152  0.64511
   0.11970 -0.03300  0.60394
   0.13329 -0.03429  0.56772
   0.14694 -0.03543  0.53519
   0.16064 -0.03643  0.50623
   0.17440 -0.03730  0.47997
   0.18819 -0.03806  0.45623
   0.20201 -0.03872  0.43455
   0.21586 -0.03929  0.41484
   0.22973 -0.03977  0.39613
   0.24362 -0.04018  0.37917
   0.25752 -0.04051  0.36362
   0.27143 -0.04078  0.34836
   0.28535 -0.04098  0.33494
   0.29928 -0.04112  0.32124
   0.31322 -0.04121  0.30957
   0.32717 -0.04124  0.29831
   0.34112 -0.04123  0.28655
   0.35508 -0.04116  0.27702
   0.36904 -0.04105  0.26714
   0.38300 -0.04089  0.25758
   0.39697 -0.04068  0.24946
   0.41094 -0.04044  0.24006
   0.42491 -0.04015  0.23371
   0.43889 -0.03983  0.22571
   0.45288 -0.03947  0.21911
   0.46687 -0.03908  0.21251
   0.48086 -0.03866  0.20524
   0.49486 -0.03820  0.19992
   0.50885 -0.03772  0.19245
   0.52285 -0.03721  0.18673
   0.53684 -0.03668  0.18047
   0.55083 -0.03611  0.17422
   0.56482 -0.03551  0.16926
   0.57880 -0.03489  0.16312
   0.59278 -0.03423  0.15785
   0.60676 -0.03354  0.15301
   0.62074 -0.03283  0.14771
   0.63472 -0.03208  0.14475
   0.64871 -0.03130  0.13911
   0.66269 -0.03050  0.13538
   0.67667 -0.02966  0.13190
   0.69065 -0.02880  0.12759
   0.70462 -0.02792  0.12330
   0.71860 -0.02700  0.12055
   0.73257 -0.02606  0.11673
   0.74654 -0.02508  0.11309
   0.76051 -0.02408  0.10958
   0.77447 -0.02306  0.10743
   0.78843 -0.02200  0.10390
   0.80238 -0.02091  0.10156
   0.81633 -0.01979  0.09764
   0.83028 -0.01863  0.09671
   0.84421 -0.01745  0.09299
   0.85814 -0.01622  0.09172
   0.87206 -0.01496  0.08974
   0.88596 -0.01366  0.08821
   0.89985 -0.01231  0.08715
   0.91372 -0.01091  0.08623
   0.92755 -0.00946  0.08605
   0.94131 -0.00793  0.08638
   0.95495 -0.00630  0.09278
   0.96841 -0.00453  0.11007
   0.98166 -0.00262  0.15735
   0.99377 -0.00084  0.23527
   1.00000  0.00000  0.29897
