                                                
 Alfa =  10.00000 Re =  4000000.000 Xflap,Yflap =     0.000000    0.000000
#    x        y        Cp  
   1.00000  0.00100  0.57773
   0.99506  0.00214  0.36101
   0.98684  0.00399  0.26373
   0.97745  0.00606  0.18607
   0.96660  0.00838  0.11900
   0.95408  0.01096  0.05710
   0.94039  0.01367 -0.00183
   0.92692  0.01623 -0.04622
   0.91335  0.01869 -0.09449
   0.89941  0.02110 -0.13065
   0.88566  0.02336 -0.17200
   0.87212  0.02548 -0.20195
   0.85865  0.02747 -0.23515
   0.84515  0.02937 -0.25654
   0.83153  0.03119 -0.29145
   0.81775  0.03292 -0.30990
   0.80379  0.03457 -0.33697
   0.78969  0.03613 -0.35725
   0.77549  0.03761 -0.37924
   0.76126  0.03899 -0.39814
   0.74703  0.04028 -0.41547
   0.73278  0.04147 -0.43612
   0.71855  0.04258 -0.45083
   0.70436  0.04359 -0.46677
   0.69020  0.04453 -0.48569
   0.67606  0.04538 -0.49654
   0.66192  0.04616 -0.51417
   0.64777  0.04686 -0.52806
   0.63362  0.04749 -0.54191
   0.61945  0.04804 -0.55507
   0.60527  0.04851 -0.56722
   0.59106  0.04891 -0.58034
   0.57685  0.04925 -0.59055
   0.56262  0.04951 -0.60244
   0.54839  0.04972 -0.61122
   0.53414  0.04986 -0.62328
   0.51990  0.04995 -0.63471
   0.50565  0.05000 -0.64531
   0.49140  0.04999 -0.65796
   0.47716  0.04994 -0.67333
   0.46292  0.04985 -0.68889
   0.44868  0.04970 -0.70542
   0.43445  0.04950 -0.72081
   0.42022  0.04924 -0.73875
   0.40600  0.04893 -0.75446
   0.39178  0.04856 -0.77243
   0.37757  0.04812 -0.78803
   0.36335  0.04763 -0.80518
   0.34914  0.04708 -0.82187
   0.33492  0.04648 -0.84106
   0.32071  0.04583 -0.86079
   0.30649  0.04512 -0.88207
   0.29227  0.04436 -0.90709
   0.27804  0.04355 -0.93485
   0.26382  0.04269 -0.96424
   0.24960  0.04175 -0.99584
   0.23540  0.04075 -1.03111
   0.22121  0.03967 -1.06704
   0.20705  0.03850 -1.10547
   0.19293  0.03725 -1.14518
   0.17885  0.03591 -1.18646
   0.16480  0.03448 -1.23294
   0.15074  0.03297 -1.28850
   0.13659  0.03136 -1.35794
   0.12246  0.02966 -1.44223
   0.10835  0.02782 -1.53850
   0.09437  0.02586 -1.65313
   0.08078  0.02381 -1.78638
   0.06713  0.02160 -2.00115
   0.05402  0.01924 -2.28367
   0.04172  0.01668 -2.59193
   0.03215  0.01445 -2.92286
   0.02206  0.01190 -3.81743
   0.01255  0.00880 -5.29498
   0.00708  0.00642 -7.14303
   0.00428  0.00489 -9.38179
   0.00246  0.00364-12.29778
   0.00123  0.00252-16.31886
   0.00044  0.00149-21.53648
   0.00005  0.00049-25.97038
   0.00005 -0.00049-22.10105
   0.00044 -0.00149-13.17001
   0.00123 -0.00252 -6.95419
   0.00246 -0.00364 -3.34934
   0.00428 -0.00489 -1.28975
   0.00708 -0.00642 -0.06785
   0.01255 -0.00880  0.68030
   0.02206 -0.01190  0.96573
   0.03215 -0.01445  0.99968
   0.04172 -0.01668  0.97933
   0.05402 -0.01924  0.93204
   0.06713 -0.02160  0.87934
   0.08078 -0.02381  0.82830
   0.09437 -0.02586  0.78019
   0.10835 -0.02782  0.73470
   0.12246 -0.02966  0.69364
   0.13659 -0.03136  0.65653
   0.15074 -0.03297  0.62204
   0.16480 -0.03448  0.59040
   0.17885 -0.03591  0.55935
   0.19293 -0.03725  0.53118
   0.20705 -0.03850  0.50526
   0.22121 -0.03967  0.48109
   0.23540 -0.04075  0.45858
   0.24960 -0.04175  0.43806
   0.26382 -0.04269  0.41856
   0.27804 -0.04355  0.40014
   0.29227 -0.04436  0.38238
   0.30649 -0.04512  0.36651
   0.32071 -0.04583  0.34838
   0.33492 -0.04648  0.33230
   0.34914 -0.04708  0.31677
   0.36335 -0.04763  0.30148
   0.37757 -0.04812  0.28704
   0.39178 -0.04856  0.27302
   0.40600 -0.04893  0.25826
   0.42022 -0.04924  0.24832
   0.43445 -0.04950  0.23573
   0.44868 -0.04970  0.22416
   0.46292 -0.04985  0.21313
   0.47716 -0.04994  0.20309
   0.49140 -0.04999  0.19177
   0.50565 -0.05000  0.18194
   0.51990 -0.04995  0.17017
   0.53414 -0.04986  0.15992
   0.54839 -0.04972  0.14844
   0.56262 -0.04951  0.13784
   0.57685 -0.04925  0.12808
   0.59106 -0.04891  0.11757
   0.60527 -0.04851  0.10882
   0.61945 -0.04804  0.10029
   0.63362 -0.04749  0.09283
   0.64777 -0.04686  0.08628
   0.66192 -0.04616  0.07928
   0.67606 -0.04538  0.07161
   0.69020 -0.04453  0.06925
   0.70436 -0.04359  0.06253
   0.71855 -0.04258  0.05701
   0.73278 -0.04147  0.05487
   0.74703 -0.04028  0.04912
   0.76126 -0.03899  0.04797
   0.77549 -0.03761  0.04574
   0.78969 -0.03613  0.04523
   0.80379 -0.03457  0.04590
   0.81775 -0.03292  0.04853
   0.83153 -0.03119  0.05333
   0.84515 -0.02937  0.05272
   0.85866 -0.02747  0.06408
   0.87212 -0.02548  0.06839
   0.88566 -0.02336  0.08282
   0.89941 -0.02110  0.09097
   0.91335 -0.01869  0.10966
   0.92692 -0.01623  0.12654
   0.94039 -0.01367  0.15327
   0.95408 -0.01096  0.18302
   0.96660 -0.00838  0.21856
   0.97745 -0.00606  0.26203
   0.98684 -0.00399  0.31673
   0.99506 -0.00214  0.39569
   1.00000 -0.00100  0.57773
