                                                
 Alfa =  10.00000 Re =  4000000.000 Xflap,Yflap =     0.000000    0.000000
#    x        y        Cp  
   1.00000  0.00060  0.44689
   0.99510  0.00268  0.17383
   0.98703  0.00597  0.03887
   0.97790  0.00945 -0.07280
   0.96749  0.01315 -0.16754
   0.95560  0.01701 -0.25148
   0.94222  0.02092 -0.30913
   0.92772  0.02470 -0.33559
   0.91271  0.02827 -0.34855
   0.89770  0.03164 -0.35805
   0.88283  0.03489 -0.38116
   0.86804  0.03805 -0.41057
   0.85328  0.04112 -0.43701
   0.83851  0.04410 -0.46696
   0.82371  0.04700 -0.49552
   0.80885  0.04980 -0.52342
   0.79391  0.05250 -0.54718
   0.77892  0.05511 -0.56640
   0.76386  0.05762 -0.58327
   0.74875  0.06007 -0.59949
   0.73360  0.06244 -0.61439
   0.71839  0.06478 -0.63280
   0.70315  0.06707 -0.64633
   0.68786  0.06935 -0.66758
   0.67253  0.07161 -0.69155
   0.65721  0.07385 -0.71463
   0.64192  0.07608 -0.74344
   0.62664  0.07829 -0.77472
   0.61134  0.08050 -0.80845
   0.59601  0.08271 -0.85003
   0.58071  0.08490 -0.90212
   0.56552  0.08703 -0.95853
   0.55043  0.08908 -1.01705
   0.53544  0.09100 -1.07787
   0.52054  0.09279 -1.13441
   0.50569  0.09439 -1.19157
   0.49085  0.09581 -1.23151
   0.47598  0.09703 -1.26174
   0.46105  0.09807 -1.28468
   0.44602  0.09896 -1.30296
   0.43090  0.09973 -1.32311
   0.41567  0.10039 -1.34171
   0.40037  0.10097 -1.36737
   0.38502  0.10148 -1.40295
   0.36967  0.10193 -1.44883
   0.35433  0.10231 -1.50020
   0.33903  0.10260 -1.55891
   0.32377  0.10281 -1.62522
   0.30854  0.10292 -1.69918
   0.29333  0.10293 -1.78990
   0.27812  0.10281 -1.90262
   0.26290  0.10251 -2.02518
   0.24773  0.10198 -2.15781
   0.23268  0.10115 -2.29055
   0.21784  0.09999 -2.42246
   0.20334  0.09847 -2.54581
   0.18928  0.09658 -2.65029
   0.17573  0.09433 -2.73574
   0.16252  0.09172 -2.80451
   0.14929  0.08864 -2.85219
   0.13539  0.08490 -2.84794
   0.12113  0.08059 -2.83476
   0.10749  0.07614 -2.85992
   0.09358  0.07137 -3.12489
   0.08203  0.06700 -3.63030
   0.07230  0.06240 -3.77849
   0.06278  0.05669 -3.14284
   0.05232  0.04992 -2.53118
   0.04270  0.04431 -2.81374
   0.03535  0.04020 -3.52400
   0.02937  0.03650 -4.21449
   0.02392  0.03234 -4.67359
   0.01742  0.02561 -3.49522
   0.01068  0.01808 -3.16850
   0.00697  0.01410 -3.94212
   0.00456  0.01137 -4.68568
   0.00283  0.00922 -5.55936
   0.00155  0.00740 -6.59119
   0.00062  0.00580 -7.82349
  -0.00002  0.00436 -9.25167
  -0.00038  0.00306-10.73420
  -0.00048  0.00185-11.69272
  -0.00030  0.00072-11.23107
   0.00020 -0.00034 -8.45073
   0.00107 -0.00135 -5.01084
   0.00235 -0.00235 -2.56326
   0.00414 -0.00337 -1.01955
   0.00666 -0.00449 -0.06485
   0.01051 -0.00589  0.52937
   0.01751 -0.00835  0.84592
   0.02628 -0.01113  0.97050
   0.03384 -0.01263  0.99958
   0.04222 -0.01376  0.99297
   0.05290 -0.01527  0.97105
   0.06514 -0.01760  0.92692
   0.07653 -0.01947  0.86999
   0.08792 -0.02040  0.83617
   0.10078 -0.02095  0.81531
   0.11541 -0.02184  0.77545
   0.13044 -0.02295  0.72352
   0.14480 -0.02386  0.66942
   0.15858 -0.02432  0.62894
   0.17236 -0.02430  0.60393
   0.18658 -0.02391  0.58581
   0.20145 -0.02326  0.57057
   0.21682 -0.02245  0.55087
   0.23212 -0.02149  0.53082
   0.24743 -0.02036  0.51275
   0.26280 -0.01902  0.49577
   0.27789 -0.01747  0.48282
   0.29267 -0.01571  0.47335
   0.30722 -0.01370  0.47079
   0.32165 -0.01144  0.47477
   0.33609 -0.00897  0.48210
   0.35061 -0.00632  0.49200
   0.36527 -0.00353  0.50413
   0.38011 -0.00063  0.51701
   0.39510  0.00232  0.52926
   0.41019  0.00525  0.54161
   0.42531  0.00811  0.55310
   0.44038  0.01086  0.56274
   0.45536  0.01345  0.57175
   0.47024  0.01585  0.58020
   0.48502  0.01805  0.58615
   0.49973  0.02002  0.59166
   0.51440  0.02174  0.59234
   0.52908  0.02323  0.59320
   0.54380  0.02450  0.59132
   0.55857  0.02555  0.58975
   0.57341  0.02640  0.58582
   0.58831  0.02706  0.58199
   0.60328  0.02753  0.57649
   0.61828  0.02781  0.57166
   0.63331  0.02793  0.56373
   0.64837  0.02789  0.55702
   0.66345  0.02770  0.54936
   0.67856  0.02738  0.54120
   0.69372  0.02695  0.53282
   0.70895  0.02640  0.52455
   0.72427  0.02576  0.51575
   0.73970  0.02502  0.50806
   0.75516  0.02421  0.49843
   0.77057  0.02332  0.49054
   0.78601  0.02237  0.48257
   0.80141  0.02137  0.47674
   0.81660  0.02032  0.47150
   0.83151  0.01923  0.46635
   0.84615  0.01807  0.46364
   0.86060  0.01682  0.45714
   0.87496  0.01545  0.45175
   0.88940  0.01393  0.44298
   0.90417  0.01220  0.43017
   0.91934  0.01025  0.40983
   0.93422  0.00823  0.38558
   0.94924  0.00616  0.36697
   0.96335  0.00424  0.35078
   0.97548  0.00261  0.34152
   0.98581  0.00125  0.34065
   0.99470  0.00008  0.35598
   1.00000 -0.00060  0.44689
