                                                
 Alfa =  10.00000 Re =  4000000.000 Xflap,Yflap =     0.000000    0.000000
#    x        y        Cp  
   1.00000  0.00200  0.35882
   0.99352  0.00285  0.20200
   0.98242  0.00431  0.13034
   0.96959  0.00601  0.09383
   0.95513  0.00793  0.05974
   0.93933  0.01003  0.02937
   0.92259  0.01227  0.00051
   0.90525  0.01460 -0.02605
   0.88755  0.01698 -0.05219
   0.86965  0.01940 -0.07613
   0.85164  0.02184 -0.10087
   0.83356  0.02430 -0.12422
   0.81545  0.02676 -0.14706
   0.79732  0.02923 -0.17027
   0.77919  0.03171 -0.19392
   0.76107  0.03418 -0.21678
   0.74295  0.03666 -0.24019
   0.72484  0.03914 -0.26421
   0.70673  0.04161 -0.28807
   0.68859  0.04409 -0.31317
   0.67045  0.04657 -0.33848
   0.65232  0.04904 -0.36470
   0.63420  0.05150 -0.39130
   0.61608  0.05396 -0.41916
   0.59796  0.05641 -0.44828
   0.57985  0.05886 -0.47868
   0.56176  0.06129 -0.50980
   0.54369  0.06372 -0.54343
   0.52567  0.06612 -0.57875
   0.50772  0.06851 -0.61368
   0.48992  0.07088 -0.65284
   0.47231  0.07325 -0.71685
   0.45489  0.07549 -0.76424
   0.43742  0.07763 -0.78592
   0.41990  0.07977 -0.82539
   0.40247  0.08195 -0.88000
   0.38523  0.08416 -0.95618
   0.36829  0.08637 -1.06723
   0.35181  0.08841 -1.17892
   0.33571  0.09023 -1.27719
   0.32002  0.09181 -1.39671
   0.30470  0.09308 -1.50429
   0.28950  0.09398 -1.57502
   0.27415  0.09455 -1.60718
   0.25848  0.09488 -1.62781
   0.24270  0.09510 -1.72308
   0.22719  0.09517 -1.83754
   0.21204  0.09500 -1.93922
   0.19736  0.09466 -2.08751
   0.18337  0.09409 -2.26997
   0.17007  0.09321 -2.45137
   0.15737  0.09197 -2.61147
   0.14512  0.09030 -2.70083
   0.13318  0.08823 -2.75558
   0.12156  0.08585 -2.80634
   0.11039  0.08325 -2.91949
   0.09983  0.08045 -3.03765
   0.08993  0.07748 -3.16601
   0.08074  0.07434 -3.29821
   0.07226  0.07105 -3.40113
   0.06445  0.06761 -3.46689
   0.05728  0.06406 -3.49642
   0.05073  0.06043 -3.48951
   0.04476  0.05676 -3.43555
   0.03933  0.05312 -3.35182
   0.03441  0.04958 -3.29951
   0.02996  0.04618 -3.32916
   0.02597  0.04293 -3.39789
   0.02241  0.03980 -3.49069
   0.01927  0.03676 -3.51183
   0.01650  0.03378 -3.40320
   0.01406  0.03088 -3.24978
   0.01189  0.02807 -3.08521
   0.00994  0.02537 -2.92266
   0.00817  0.02281 -2.82526
   0.00654  0.02038 -2.85204
   0.00506  0.01807 -3.04735
   0.00376  0.01584 -3.25350
   0.00266  0.01367 -3.39213
   0.00178  0.01153 -3.42173
   0.00112  0.00943 -3.26978
   0.00068  0.00738 -3.06899
   0.00042  0.00537 -2.78791
   0.00036  0.00342 -2.47168
   0.00047  0.00147 -2.11402
   0.00078 -0.00049 -1.74264
   0.00130 -0.00245 -1.36574
   0.00207 -0.00437 -0.96693
   0.00313 -0.00621 -0.54344
   0.00455 -0.00788 -0.05146
   0.00633 -0.00931  0.40223
   0.00839 -0.01053  0.69009
   0.01070 -0.01160  0.85055
   0.01321 -0.01262  0.93301
   0.01591 -0.01366  0.97420
   0.01884 -0.01470  0.99492
   0.02205 -0.01566  0.99984
   0.02559 -0.01650  0.99239
   0.02951 -0.01723  0.97805
   0.03388 -0.01797  0.95967
   0.03876 -0.01877  0.93563
   0.04424 -0.01961  0.90764
   0.05043 -0.02046  0.87701
   0.05745 -0.02130  0.84339
   0.06542 -0.02211  0.80778
   0.07449 -0.02284  0.77241
   0.08483 -0.02346  0.73910
   0.09656 -0.02398  0.70837
   0.10973 -0.02441  0.67766
   0.12423 -0.02477  0.64790
   0.13984 -0.02506  0.61964
   0.15630 -0.02527  0.59382
   0.17337 -0.02543  0.56964
   0.19085 -0.02555  0.54734
   0.20854 -0.02565  0.52467
   0.22625 -0.02571  0.50240
   0.24392 -0.02572  0.48169
   0.26159 -0.02563  0.46546
   0.27941 -0.02545  0.45311
   0.29739 -0.02523  0.44137
   0.31549 -0.02501  0.42838
   0.33362 -0.02479  0.41438
   0.35173 -0.02456  0.40066
   0.36978 -0.02431  0.38747
   0.38776 -0.02402  0.37445
   0.40570 -0.02369  0.36362
   0.42362 -0.02330  0.35383
   0.44157 -0.02287  0.34518
   0.45957 -0.02239  0.33721
   0.47760 -0.02188  0.33002
   0.49568 -0.02133  0.32293
   0.51380 -0.02077  0.31608
   0.53193 -0.02018  0.30932
   0.55008 -0.01957  0.30239
   0.56823 -0.01895  0.29646
   0.58638 -0.01830  0.28992
   0.60454 -0.01763  0.28421
   0.62270 -0.01694  0.27911
   0.64087 -0.01624  0.27371
   0.65905 -0.01551  0.26928
   0.67724 -0.01477  0.26391
   0.69544 -0.01401  0.26004
   0.71365 -0.01323  0.25602
   0.73186 -0.01245  0.25180
   0.75009 -0.01164  0.24878
   0.76833 -0.01083  0.24517
   0.78657 -0.01001  0.24172
   0.80482 -0.00918  0.23937
   0.82306 -0.00834  0.23655
   0.84128 -0.00749  0.23451
   0.85945 -0.00664  0.23282
   0.87753 -0.00579  0.23165
   0.89541 -0.00495  0.23099
   0.91294 -0.00412  0.23157
   0.92986 -0.00332  0.23401
   0.94581 -0.00256  0.23840
   0.96041 -0.00187  0.24541
   0.97336 -0.00126  0.25843
   0.98455 -0.00073  0.28336
   0.99108 -0.00042  0.35882
