                                                
 Alfa =  10.00000 Re =  4000000.000 Xflap,Yflap =     0.000000    0.000000
#    x        y        Cp  
   1.00000  0.00000  0.24885
   0.99354  0.00027  0.23025
   0.98194  0.00108  0.15111
   0.96863  0.00216  0.09025
   0.95450  0.00333  0.04589
   0.94017  0.00445  0.01848
   0.92570  0.00554  0.00059
   0.91114  0.00661 -0.01691
   0.89656  0.00769 -0.03369
   0.88197  0.00877 -0.05125
   0.86738  0.00985 -0.06668
   0.85278  0.01094 -0.08290
   0.83820  0.01202 -0.09673
   0.82361  0.01311 -0.11325
   0.80901  0.01421 -0.12858
   0.79443  0.01530 -0.14292
   0.77984  0.01640 -0.15825
   0.76525  0.01750 -0.17457
   0.75067  0.01861 -0.19034
   0.73609  0.01970 -0.20501
   0.72151  0.02080 -0.22009
   0.70692  0.02190 -0.23682
   0.69234  0.02299 -0.25392
   0.67775  0.02408 -0.26997
   0.66316  0.02517 -0.28797
   0.64858  0.02625 -0.30570
   0.63402  0.02732 -0.32482
   0.61946  0.02837 -0.34350
   0.60491  0.02941 -0.36139
   0.59036  0.03043 -0.38077
   0.57581  0.03143 -0.40027
   0.56127  0.03241 -0.41910
   0.54672  0.03336 -0.43835
   0.53217  0.03430 -0.45881
   0.51763  0.03522 -0.48142
   0.50311  0.03610 -0.50458
   0.48861  0.03695 -0.52631
   0.47409  0.03777 -0.54693
   0.45955  0.03856 -0.57017
   0.44503  0.03932 -0.59512
   0.43052  0.04004 -0.62017
   0.41601  0.04073 -0.64615
   0.40151  0.04138 -0.67550
   0.38703  0.04199 -0.70339
   0.37255  0.04254 -0.73171
   0.35806  0.04305 -0.76220
   0.34358  0.04351 -0.79533
   0.32911  0.04392 -0.83023
   0.31465  0.04428 -0.86810
   0.30024  0.04457 -0.90904
   0.28584  0.04479 -0.94889
   0.27143  0.04493 -0.98893
   0.25703  0.04500 -1.03678
   0.24267  0.04498 -1.08644
   0.22832  0.04488 -1.14114
   0.21402  0.04468 -1.20425
   0.19978  0.04437 -1.26672
   0.18556  0.04392 -1.33359
   0.17137  0.04335 -1.40825
   0.15723  0.04264 -1.49425
   0.14318  0.04179 -1.59772
   0.12929  0.04075 -1.71395
   0.11550  0.03949 -1.83078
   0.10181  0.03799 -1.96907
   0.08832  0.03625 -2.14554
   0.07518  0.03425 -2.37009
   0.06250  0.03190 -2.61708
   0.05045  0.02921 -2.90572
   0.03941  0.02627 -3.30380
   0.02997  0.02321 -3.83119
   0.02232  0.02013 -4.27725
   0.01635  0.01724 -4.80853
   0.01180  0.01462 -5.38707
   0.00834  0.01226 -6.21121
   0.00572  0.01008 -7.03135
   0.00376  0.00800 -7.35535
   0.00229  0.00603 -7.64514
   0.00120  0.00415 -7.95657
   0.00044  0.00238 -8.55809
   0.00005  0.00077 -9.27672
   0.00005 -0.00077 -7.85357
   0.00044 -0.00238 -5.08483
   0.00120 -0.00414 -3.15170
   0.00229 -0.00603 -1.85777
   0.00376 -0.00800 -0.90117
   0.00572 -0.01008 -0.18872
   0.00834 -0.01226  0.36752
   0.01180 -0.01462  0.71287
   0.01635 -0.01724  0.90147
   0.02232 -0.02013  0.98698
   0.02997 -0.02321  0.99623
   0.03941 -0.02627  0.95730
   0.05045 -0.02921  0.89584
   0.06250 -0.03190  0.82796
   0.07518 -0.03425  0.76349
   0.08832 -0.03625  0.70717
   0.10181 -0.03799  0.65631
   0.11550 -0.03949  0.61030
   0.12929 -0.04075  0.56947
   0.14318 -0.04179  0.53552
   0.15723 -0.04264  0.50591
   0.17137 -0.04335  0.47824
   0.18556 -0.04392  0.45334
   0.19978 -0.04437  0.43007
   0.21402 -0.04468  0.41021
   0.22832 -0.04488  0.39319
   0.24267 -0.04498  0.37695
   0.25703 -0.04500  0.36219
   0.27143 -0.04493  0.34857
   0.28584 -0.04479  0.33540
   0.30024 -0.04457  0.32321
   0.31465 -0.04428  0.31366
   0.32911 -0.04392  0.30432
   0.34358 -0.04351  0.29561
   0.35805 -0.04305  0.28714
   0.37255 -0.04254  0.27925
   0.38703 -0.04199  0.27131
   0.40151 -0.04138  0.26468
   0.41601 -0.04073  0.25876
   0.43052 -0.04004  0.25308
   0.44503 -0.03932  0.24732
   0.45955 -0.03856  0.24279
   0.47409 -0.03777  0.23764
   0.48861 -0.03695  0.23218
   0.50311 -0.03610  0.22729
   0.51763 -0.03522  0.22466
   0.53217 -0.03430  0.22183
   0.54672 -0.03336  0.21829
   0.56127 -0.03241  0.21476
   0.57581 -0.03143  0.21180
   0.59035 -0.03043  0.20886
   0.60491 -0.02941  0.20678
   0.61946 -0.02837  0.20453
   0.63402 -0.02732  0.20187
   0.64858 -0.02625  0.20115
   0.66316 -0.02517  0.19950
   0.67775 -0.02408  0.19815
   0.69234 -0.02299  0.19614
   0.70692 -0.02190  0.19441
   0.72151 -0.02080  0.19315
   0.73609 -0.01970  0.19112
   0.75067 -0.01861  0.18871
   0.76525 -0.01750  0.18736
   0.77984 -0.01640  0.18628
   0.79443 -0.01530  0.18430
   0.80901 -0.01421  0.18310
   0.82361 -0.01311  0.18043
   0.83819 -0.01202  0.18038
   0.85278 -0.01094  0.17755
   0.86738 -0.00985  0.17562
   0.88197 -0.00877  0.17542
   0.89656 -0.00769  0.17283
   0.91114 -0.00661  0.17226
   0.92569 -0.00554  0.17010
   0.94017 -0.00445  0.16724
   0.95450 -0.00333  0.17306
   0.96863 -0.00216  0.18918
   0.98194 -0.00108  0.22251
   0.99354 -0.00027  0.27064
   1.00000  0.00000  0.24885
