                                                
 Alfa =  10.00000 Re =  4000000.000 Xflap,Yflap =     0.000000    0.000000
#    x        y        Cp  
   1.00000 -0.00140  0.27244
   0.99130  0.00104  0.10723
   0.97736  0.00482  0.04285
   0.96240  0.00878 -0.02641
   0.94642  0.01291 -0.10133
   0.92946  0.01703 -0.13776
   0.91158  0.02124 -0.17996
   0.89278  0.02557 -0.23342
   0.87329  0.02987 -0.25902
   0.85328  0.03429 -0.32384
   0.83299  0.03857 -0.35747
   0.81256  0.04279 -0.40827
   0.79202  0.04690 -0.45965
   0.77153  0.05081 -0.49169
   0.75123  0.05458 -0.53866
   0.73119  0.05819 -0.59240
   0.71154  0.06154 -0.63769
   0.69202  0.06468 -0.66102
   0.67279  0.06768 -0.71865
   0.65384  0.07047 -0.75840
   0.63494  0.07307 -0.79335
   0.61600  0.07553 -0.83148
   0.59731  0.07783 -0.88058
   0.57881  0.07993 -0.92083
   0.56042  0.08186 -0.98033
   0.54214  0.08351 -0.99901
   0.52400  0.08499 -1.03436
   0.50591  0.08629 -1.06975
   0.48786  0.08741 -1.11286
   0.46991  0.08830 -1.13232
   0.45209  0.08902 -1.16082
   0.43435  0.08958 -1.18925
   0.41662  0.08997 -1.21697
   0.39885  0.09021 -1.24651
   0.38097  0.09030 -1.27744
   0.36291  0.09024 -1.30105
   0.34470  0.09006 -1.34543
   0.32670  0.08974 -1.39074
   0.30892  0.08927 -1.43377
   0.29129  0.08865 -1.48088
   0.27375  0.08789 -1.53371
   0.25628  0.08698 -1.59146
   0.23887  0.08593 -1.68187
   0.22164  0.08463 -1.71454
   0.20473  0.08324 -1.83455
   0.18835  0.08162 -1.88965
   0.17266  0.07990 -1.97013
   0.15780  0.07812 -2.10024
   0.14391  0.07626 -2.19830
   0.13108  0.07437 -2.37449
   0.11930  0.07238 -2.43914
   0.10849  0.07041 -2.61334
   0.09861  0.06842 -2.68853
   0.08957  0.06650 -2.95362
   0.08131  0.06453 -3.09329
   0.07372  0.06254 -3.22191
   0.06671  0.06055 -3.41483
   0.06025  0.05858 -3.65738
   0.05429  0.05657 -3.87800
   0.04876  0.05452 -4.09304
   0.04363  0.05242 -4.31172
   0.03886  0.05026 -4.51725
   0.03442  0.04804 -4.70523
   0.03029  0.04577 -4.88424
   0.02644  0.04343 -5.09815
   0.02286  0.04103 -5.29797
   0.01956  0.03855 -5.47244
   0.01651  0.03599 -5.60642
   0.01374  0.03334 -5.69208
   0.01123  0.03060 -5.70499
   0.00900  0.02778 -5.59518
   0.00703  0.02488 -5.39027
   0.00532  0.02192 -5.11192
   0.00386  0.01890 -4.81520
   0.00264  0.01585 -4.45839
   0.00167  0.01277 -4.06802
   0.00094  0.00969 -3.61808
   0.00043  0.00662 -3.18614
   0.00012  0.00357 -2.76062
   0.00000  0.00053 -2.36883
   0.00006 -0.00252 -2.00905
   0.00030 -0.00557 -1.67297
   0.00074 -0.00863 -1.34075
   0.00140 -0.01171 -1.02410
   0.00228 -0.01480 -0.70505
   0.00342 -0.01787 -0.39661
   0.00480 -0.02090 -0.11549
   0.00643 -0.02389  0.13183
   0.00831 -0.02682  0.34606
   0.01046 -0.02967  0.53028
   0.01288 -0.03244  0.68238
   0.01558 -0.03512  0.79994
   0.01854 -0.03772  0.88446
   0.02175 -0.04024  0.94174
   0.02523 -0.04270  0.97735
   0.02897 -0.04508  0.99547
   0.03299 -0.04740  0.99990
   0.03732 -0.04963  0.99341
   0.04198 -0.05178  0.97871
   0.04701 -0.05385  0.95872
   0.05243 -0.05590  0.93451
   0.05826 -0.05793  0.90632
   0.06457 -0.05992  0.87689
   0.07141 -0.06190  0.84733
   0.07882 -0.06390  0.81352
   0.08687 -0.06589  0.77745
   0.09567 -0.06781  0.74886
   0.10532 -0.06978  0.71480
   0.11585 -0.07177  0.67938
   0.12737 -0.07376  0.64715
   0.13987 -0.07578  0.61035
   0.15330 -0.07778  0.56842
   0.16753 -0.07961  0.54112
   0.18264 -0.08140  0.50295
   0.19862 -0.08307  0.46739
   0.21531 -0.08453  0.44278
   0.23254 -0.08589  0.40530
   0.25017 -0.08701  0.37851
   0.26804 -0.08791  0.35568
   0.28611 -0.08865  0.32796
   0.30437 -0.08919  0.30357
   0.32277 -0.08953  0.28212
   0.34135 -0.08971  0.25188
   0.36011 -0.08960  0.23924
   0.37902 -0.08933  0.20965
   0.39805 -0.08876  0.19431
   0.41716 -0.08795  0.16745
   0.43630 -0.08676  0.16662
   0.45546 -0.08538  0.14312
   0.47461 -0.08366  0.12001
   0.49372 -0.08143  0.12628
   0.51305 -0.07875  0.13350
   0.53252 -0.07568  0.14308
   0.55206 -0.07221  0.16598
   0.57171 -0.06847  0.17949
   0.59152 -0.06438  0.20646
   0.61171 -0.06002  0.23319
   0.63242 -0.05545  0.24750
   0.65361 -0.05057  0.27925
   0.67523 -0.04555  0.29390
   0.69742 -0.04022  0.32820
   0.71999 -0.03480  0.35316
   0.74214 -0.02949  0.37999
   0.76323 -0.02445  0.41287
   0.78338 -0.01982  0.43495
   0.80253 -0.01554  0.46102
   0.82088 -0.01162  0.49151
   0.83847 -0.00818  0.51117
   0.85520 -0.00520  0.53695
   0.87097 -0.00277  0.55820
   0.88600 -0.00091  0.57604
   0.90038  0.00033  0.57996
   0.91426  0.00107  0.59055
   0.92771  0.00123  0.58799
   0.94085  0.00086  0.58302
   0.95369 -0.00003  0.57398
   0.96640 -0.00149  0.55283
   0.97897 -0.00351  0.52021
   0.99155 -0.00616  0.47030
   1.00000 -0.00830  0.27244
