                                                
 Alfa =  10.00000 Re =  4000000.000 Xflap,Yflap =     0.000000    0.000000
#    x        y        Cp  
   1.00000  0.00000  0.51231
   0.99407  0.00112  0.32792
   0.98277  0.00327  0.22939
   0.96949  0.00579  0.15831
   0.95529  0.00845  0.10186
   0.94081  0.01114  0.05206
   0.92625  0.01381  0.00839
   0.91167  0.01642 -0.03032
   0.89710  0.01897 -0.06597
   0.88252  0.02147 -0.09926
   0.86792  0.02391 -0.12973
   0.85330  0.02630 -0.15867
   0.83867  0.02864 -0.18685
   0.82402  0.03093 -0.21393
   0.80937  0.03317 -0.24104
   0.79471  0.03535 -0.26767
   0.78004  0.03749 -0.29285
   0.76538  0.03957 -0.32030
   0.75072  0.04160 -0.34628
   0.73606  0.04357 -0.37219
   0.72140  0.04547 -0.39829
   0.70675  0.04731 -0.42385
   0.69211  0.04909 -0.44922
   0.67746  0.05079 -0.47345
   0.66280  0.05243 -0.49743
   0.64815  0.05400 -0.52232
   0.63349  0.05549 -0.54515
   0.61881  0.05692 -0.56880
   0.60414  0.05827 -0.59221
   0.58944  0.05956 -0.61484
   0.57474  0.06079 -0.63903
   0.56004  0.06194 -0.66440
   0.54534  0.06302 -0.68921
   0.53064  0.06404 -0.71504
   0.51596  0.06498 -0.74338
   0.50129  0.06584 -0.77078
   0.48663  0.06662 -0.79866
   0.47200  0.06731 -0.82884
   0.45739  0.06791 -0.85671
   0.44279  0.06840 -0.88522
   0.42821  0.06880 -0.91360
   0.41364  0.06908 -0.94086
   0.39907  0.06926 -0.96569
   0.38448  0.06933 -0.99216
   0.36991  0.06930 -1.01875
   0.35533  0.06916 -1.04558
   0.34075  0.06891 -1.07380
   0.32618  0.06856 -1.10291
   0.31163  0.06810 -1.13240
   0.29708  0.06753 -1.16416
   0.28255  0.06686 -1.19838
   0.26804  0.06606 -1.23336
   0.25356  0.06516 -1.27222
   0.23911  0.06413 -1.31341
   0.22470  0.06297 -1.35921
   0.21034  0.06169 -1.40830
   0.19606  0.06026 -1.46192
   0.18186  0.05868 -1.52150
   0.16774  0.05694 -1.58105
   0.15368  0.05501 -1.64639
   0.13972  0.05290 -1.72013
   0.12587  0.05061 -1.80458
   0.11218  0.04811 -1.90421
   0.09870  0.04539 -2.02171
   0.08552  0.04245 -2.16446
   0.07275  0.03927 -2.32970
   0.06052  0.03582 -2.52296
   0.04903  0.03215 -2.74790
   0.03860  0.02836 -3.01532
   0.02964  0.02463 -3.33963
   0.02237  0.02118 -3.71200
   0.01671  0.01812 -4.13808
   0.01237  0.01546 -4.65378
   0.00901  0.01310 -5.20109
   0.00638  0.01098 -5.84096
   0.00432  0.00903 -6.62050
   0.00270  0.00719 -7.43378
   0.00149  0.00542 -8.21247
   0.00063  0.00370 -8.79932
   0.00014  0.00203 -8.93620
   0.00000  0.00041 -8.14687
   0.00021 -0.00119 -6.47992
   0.00079 -0.00285 -4.48347
   0.00176 -0.00453 -2.71991
   0.00311 -0.00620 -1.37669
   0.00489 -0.00790 -0.45018
   0.00714 -0.00966  0.15482
   0.00997 -0.01154  0.53682
   0.01356 -0.01360  0.77997
   0.01818 -0.01590  0.92185
   0.02417 -0.01850  0.98825
   0.03182 -0.02137  0.99797
   0.04117 -0.02436  0.96839
   0.05193 -0.02729  0.91742
   0.06376 -0.02999  0.85954
   0.07635 -0.03243  0.80276
   0.08951 -0.03460  0.75069
   0.10310 -0.03654  0.70375
   0.11701 -0.03829  0.66164
   0.13114 -0.03987  0.62362
   0.14541 -0.04130  0.58861
   0.15978 -0.04260  0.55677
   0.17424 -0.04378  0.52747
   0.18873 -0.04484  0.50008
   0.20327 -0.04580  0.47511
   0.21785 -0.04665  0.45226
   0.23246 -0.04741  0.43066
   0.24711 -0.04808  0.41096
   0.26178 -0.04866  0.39194
   0.27647 -0.04917  0.37459
   0.29118 -0.04960  0.35787
   0.30591 -0.04995  0.34164
   0.32063 -0.05024  0.32690
   0.33537 -0.05045  0.31244
   0.35010 -0.05060  0.29861
   0.36484 -0.05067  0.28637
   0.37959 -0.05067  0.27391
   0.39433 -0.05060  0.26242
   0.40907 -0.05046  0.25181
   0.42382 -0.05026  0.24230
   0.43857 -0.04998  0.23295
   0.45331 -0.04964  0.22394
   0.46807 -0.04923  0.21700
   0.48284 -0.04876  0.20939
   0.49761 -0.04822  0.20303
   0.51240 -0.04763  0.19706
   0.52719 -0.04697  0.19146
   0.54199 -0.04627  0.18661
   0.55681 -0.04551  0.18147
   0.57163 -0.04471  0.17748
   0.58645 -0.04386  0.17241
   0.60128 -0.04296  0.16814
   0.61610 -0.04202  0.16423
   0.63092 -0.04103  0.15929
   0.64572 -0.04000  0.15565
   0.66052 -0.03892  0.15265
   0.67531 -0.03780  0.14897
   0.69008 -0.03662  0.14539
   0.70484 -0.03539  0.14435
   0.71960 -0.03411  0.14216
   0.73435 -0.03277  0.14116
   0.74910 -0.03138  0.14086
   0.76385 -0.02993  0.14141
   0.77859 -0.02843  0.14195
   0.79335 -0.02688  0.14363
   0.80809 -0.02529  0.14549
   0.82284 -0.02364  0.14846
   0.83759 -0.02195  0.15065
   0.85232 -0.02021  0.15480
   0.86703 -0.01842  0.15915
   0.88174 -0.01658  0.16534
   0.89642 -0.01469  0.17240
   0.91109 -0.01274  0.18206
   0.92575 -0.01074  0.19463
   0.94040 -0.00869  0.21126
   0.95497 -0.00660  0.23142
   0.96927 -0.00452  0.25924
   0.98265 -0.00255  0.29716
   0.99402 -0.00088  0.36391
   1.00000  0.00000  0.51231
