                                                
 Alfa =  10.00000 Re =  4000000.000 Xflap,Yflap =     0.000000    0.000000
#    x        y        Cp  
   1.00000  0.00000  0.31574
   0.99359  0.00043  0.26466
   0.98221  0.00149  0.17331
   0.96907  0.00282  0.10200
   0.95499  0.00417  0.06252
   0.94042  0.00547  0.03869
   0.92554  0.00672  0.02478
   0.91047  0.00798  0.01123
   0.89535  0.00926 -0.00466
   0.88026  0.01056 -0.01922
   0.86518  0.01189 -0.03468
   0.85011  0.01324 -0.04978
   0.83503  0.01463 -0.06671
   0.81994  0.01605 -0.08292
   0.80485  0.01749 -0.09992
   0.78974  0.01896 -0.11712
   0.77463  0.02045 -0.13477
   0.75952  0.02197 -0.15275
   0.74440  0.02350 -0.17086
   0.72927  0.02504 -0.18989
   0.71414  0.02661 -0.20920
   0.69899  0.02818 -0.22940
   0.68384  0.02976 -0.24993
   0.66866  0.03136 -0.27169
   0.65349  0.03295 -0.29299
   0.63832  0.03454 -0.31546
   0.62315  0.03613 -0.33842
   0.60800  0.03771 -0.36271
   0.59286  0.03927 -0.38716
   0.57773  0.04083 -0.41264
   0.56261  0.04237 -0.43924
   0.54751  0.04389 -0.46628
   0.53242  0.04538 -0.49505
   0.51736  0.04684 -0.52456
   0.50230  0.04827 -0.55463
   0.48726  0.04966 -0.58565
   0.47223  0.05100 -0.61800
   0.45722  0.05230 -0.65129
   0.44222  0.05355 -0.68694
   0.42724  0.05474 -0.72337
   0.41229  0.05587 -0.76109
   0.39735  0.05693 -0.80093
   0.38244  0.05792 -0.84196
   0.36755  0.05883 -0.88502
   0.35269  0.05964 -0.92928
   0.33786  0.06036 -0.97648
   0.32307  0.06097 -1.02424
   0.30830  0.06148 -1.07500
   0.29357  0.06185 -1.12661
   0.27887  0.06211 -1.18203
   0.26421  0.06222 -1.23889
   0.24960  0.06219 -1.30123
   0.23505  0.06200 -1.36546
   0.22057  0.06165 -1.43402
   0.20617  0.06110 -1.50713
   0.19185  0.06036 -1.58330
   0.17764  0.05940 -1.66579
   0.16355  0.05821 -1.75133
   0.14960  0.05677 -1.84320
   0.13580  0.05506 -1.93788
   0.12218  0.05306 -2.03940
   0.10876  0.05075 -2.14606
   0.09558  0.04812 -2.26190
   0.08271  0.04517 -2.39439
   0.07026  0.04189 -2.54699
   0.05848  0.03833 -2.72185
   0.04769  0.03460 -2.92533
   0.03805  0.03077 -3.16295
   0.02971  0.02697 -3.44707
   0.02296  0.02342 -3.71777
   0.01770  0.02027 -3.99416
   0.01355  0.01745 -4.27416
   0.01014  0.01485 -4.64220
   0.00730  0.01239 -5.15762
   0.00502  0.01004 -5.56809
   0.00325  0.00786 -5.87500
   0.00192  0.00587 -6.32178
   0.00097  0.00406 -6.85179
   0.00035  0.00238 -7.19565
   0.00004  0.00078 -7.15861
   0.00004 -0.00078 -6.15418
   0.00035 -0.00238 -4.51165
   0.00097 -0.00406 -3.01674
   0.00192 -0.00587 -1.78921
   0.00325 -0.00786 -0.89147
   0.00502 -0.01004 -0.24649
   0.00730 -0.01239  0.24166
   0.01014 -0.01485  0.58020
   0.01355 -0.01745  0.78805
   0.01770 -0.02027  0.91449
   0.02296 -0.02342  0.98217
   0.02971 -0.02697  0.99968
   0.03805 -0.03077  0.97621
   0.04769 -0.03460  0.92690
   0.05848 -0.03833  0.86401
   0.07026 -0.04189  0.79595
   0.08271 -0.04517  0.72882
   0.09558 -0.04812  0.66557
   0.10876 -0.05075  0.60721
   0.12218 -0.05306  0.55453
   0.13580 -0.05506  0.50744
   0.14960 -0.05677  0.46573
   0.16355 -0.05821  0.42927
   0.17764 -0.05940  0.39711
   0.19185 -0.06036  0.36893
   0.20617 -0.06110  0.34413
   0.22057 -0.06165  0.32247
   0.23505 -0.06200  0.30336
   0.24960 -0.06219  0.28676
   0.26421 -0.06222  0.27205
   0.27887 -0.06211  0.25861
   0.29357 -0.06185  0.24778
   0.30830 -0.06148  0.23736
   0.32307 -0.06097  0.22894
   0.33786 -0.06036  0.22178
   0.35269 -0.05964  0.21590
   0.36755 -0.05883  0.21032
   0.38244 -0.05792  0.20644
   0.39735 -0.05693  0.20281
   0.41229 -0.05587  0.19981
   0.42724 -0.05474  0.19751
   0.44222 -0.05355  0.19575
   0.45722 -0.05230  0.19443
   0.47223 -0.05100  0.19299
   0.48726 -0.04966  0.19235
   0.50230 -0.04827  0.19181
   0.51736 -0.04684  0.19140
   0.53242 -0.04538  0.19178
   0.54751 -0.04389  0.19190
   0.56261 -0.04237  0.19297
   0.57773 -0.04083  0.19277
   0.59286 -0.03927  0.19382
   0.60800 -0.03771  0.19434
   0.62315 -0.03613  0.19509
   0.63832 -0.03454  0.19570
   0.65349 -0.03295  0.19666
   0.66866 -0.03136  0.19705
   0.68384 -0.02976  0.19830
   0.69899 -0.02818  0.19892
   0.71414 -0.02661  0.19981
   0.72927 -0.02504  0.20015
   0.74440 -0.02350  0.20113
   0.75952 -0.02197  0.20101
   0.77463 -0.02045  0.20140
   0.78974 -0.01896  0.20171
   0.80485 -0.01749  0.20186
   0.81994 -0.01605  0.20147
   0.83503 -0.01463  0.20173
   0.85011 -0.01324  0.20061
   0.86518 -0.01189  0.19935
   0.88026 -0.01056  0.19774
   0.89535 -0.00926  0.19496
   0.91047 -0.00798  0.19289
   0.92554 -0.00672  0.18779
   0.94042 -0.00547  0.18282
   0.95499 -0.00417  0.18325
   0.96907 -0.00282  0.19872
   0.98221 -0.00149  0.23964
   0.99359 -0.00043  0.30302
   1.00000  0.00000  0.31574
