                                                
 Alfa =  10.00000 Re =  4000000.000 Xflap,Yflap =     0.000000    0.000000
#    x        y        Cp  
   1.00000  0.00000  0.46438
   0.99133  0.00442  0.36524
   0.97761  0.01258  0.16635
   0.96388  0.02138 -0.04690
   0.95057  0.02991 -0.29330
   0.93748  0.03775 -0.53354
   0.92401  0.04488 -0.69753
   0.90986  0.05147 -0.80281
   0.89499  0.05764 -0.89098
   0.87953  0.06339 -0.95957
   0.86367  0.06871 -1.03166
   0.84780  0.07350 -1.08032
   0.83235  0.07771 -1.11968
   0.81713  0.08144 -1.14720
   0.80181  0.08484 -1.17059
   0.78631  0.08795 -1.18132
   0.77062  0.09079 -1.19417
   0.75475  0.09339 -1.19477
   0.73870  0.09578 -1.19670
   0.72249  0.09798 -1.19770
   0.70613  0.10001 -1.19677
   0.68966  0.10191 -1.19648
   0.67316  0.10370 -1.20574
   0.65684  0.10539 -1.22532
   0.64070  0.10699 -1.25319
   0.62469  0.10845 -1.28831
   0.60875  0.10978 -1.31461
   0.59285  0.11097 -1.34036
   0.57689  0.11203 -1.36500
   0.56083  0.11295 -1.38997
   0.54470  0.11374 -1.41370
   0.52851  0.11440 -1.43891
   0.51225  0.11492 -1.46379
   0.49595  0.11531 -1.48759
   0.47961  0.11556 -1.51208
   0.46326  0.11567 -1.54038
   0.44692  0.11565 -1.56447
   0.43061  0.11549 -1.59193
   0.41435  0.11520 -1.62079
   0.39817  0.11478 -1.64919
   0.38210  0.11423 -1.67989
   0.36616  0.11355 -1.71262
   0.35037  0.11276 -1.74860
   0.33469  0.11184 -1.78497
   0.31908  0.11080 -1.82530
   0.30344  0.10962 -1.86694
   0.28765  0.10830 -1.91829
   0.27164  0.10680 -1.97350
   0.25589  0.10517 -2.03530
   0.24054  0.10341 -2.09828
   0.22562  0.10152 -2.16299
   0.21098  0.09949 -2.23232
   0.19646  0.09728 -2.30408
   0.18197  0.09488 -2.38196
   0.16730  0.09222 -2.46919
   0.15222  0.08925 -2.56863
   0.13638  0.08584 -2.69648
   0.12148  0.08233 -2.85670
   0.10790  0.07880 -3.02103
   0.09535  0.07521 -3.19132
   0.08333  0.07141 -3.36736
   0.07122  0.06714 -3.56224
   0.05830  0.06204 -3.79752
   0.04372  0.05546 -4.10569
   0.02989  0.04832 -4.77844
   0.02117  0.04307 -5.53598
   0.01418  0.03806 -6.42054
   0.00807  0.03266 -6.87091
   0.00196  0.02605-11.34968
   0.00025  0.02289-27.69714
   0.00099  0.01978-16.29877
   0.00301  0.01786 -7.43747
   0.00608  0.01682 -1.69240
   0.01733  0.01704  0.81470
   0.02682  0.01751  0.92967
   0.03179  0.01777  0.97158
   0.03453  0.01792  0.98316
   0.03722  0.01807  0.99141
   0.03908  0.01817  0.99502
   0.04358  0.01843  0.99959
   0.04773  0.01867  0.99964
   0.05376  0.01903  0.99524
   0.05830  0.01932  0.98980
   0.06139  0.01951  0.98537
   0.06771  0.01992  0.97502
   0.07600  0.02047  0.96011
   0.08548  0.02113  0.94269
   0.09569  0.02186  0.92395
   0.10633  0.02266  0.90529
   0.11723  0.02349  0.88735
   0.12828  0.02436  0.87025
   0.13940  0.02526  0.85436
   0.15054  0.02617  0.83968
   0.16167  0.02710  0.82628
   0.17274  0.02803  0.81417
   0.18372  0.02896  0.80265
   0.19458  0.02987  0.79267
   0.20528  0.03077  0.78345
   0.21575  0.03165  0.77496
   0.22593  0.03249  0.76770
   0.23572  0.03328  0.76099
   0.24499  0.03402  0.75478
   0.25357  0.03469  0.74987
   0.26126  0.03527  0.74503
   0.26785  0.03577  0.74168
   0.27317  0.03615  0.73942
   0.27719  0.03644  0.73540
   0.28037  0.03667  0.73687
   0.28416  0.03693  0.73148
   0.28844  0.03723  0.73238
   0.29284  0.03752  0.72806
   0.29762  0.03783  0.72761
   0.30292  0.03817  0.72396
   0.30944  0.03858  0.72082
   0.31833  0.03910  0.71713
   0.33084  0.03979  0.71170
   0.34457  0.04046  0.70443
   0.35715  0.04102  0.69886
   0.37071  0.04156  0.69188
   0.38677  0.04213  0.68474
   0.40420  0.04267  0.67736
   0.42123  0.04313  0.67069
   0.43921  0.04353  0.66438
   0.45794  0.04385  0.65822
   0.47574  0.04406  0.65162
   0.49276  0.04417  0.64567
   0.50918  0.04420  0.64055
   0.52513  0.04415  0.63539
   0.54069  0.04403  0.63001
   0.55595  0.04385  0.62560
   0.57096  0.04360  0.62117
   0.58576  0.04330  0.61558
   0.60039  0.04293  0.61180
   0.61488  0.04251  0.60729
   0.62926  0.04204  0.60289
   0.64354  0.04150  0.59914
   0.65775  0.04092  0.59385
   0.67190  0.04028  0.59066
   0.68602  0.03958  0.58633
   0.70013  0.03883  0.58279
   0.71424  0.03802  0.57828
   0.72837  0.03716  0.57468
   0.74256  0.03623  0.57158
   0.75726  0.03522  0.56616
   0.77301  0.03406  0.56388
   0.79000  0.03274  0.56097
   0.80718  0.03131  0.55793
   0.82385  0.02981  0.55731
   0.84003  0.02823  0.55612
   0.85579  0.02654  0.55180
   0.87120  0.02472  0.55153
   0.88632  0.02276  0.54798
   0.90122  0.02064  0.54202
   0.91595  0.01834  0.53954
   0.93058  0.01582  0.52975
   0.94520  0.01306  0.52117
   0.95993  0.01001  0.51303
   0.97493  0.00660  0.49944
   0.99054  0.00270  0.50729
   1.00000  0.00000  0.46438
