                                                
 Alfa =  10.00000 Re =  4000000.000 Xflap,Yflap =     0.000000    0.000000
#    x        y        Cp  
   1.00000  0.00000  0.35404
   0.99413  0.00123  0.19506
   0.98316  0.00347  0.11157
   0.97015  0.00604  0.04997
   0.95610  0.00873 -0.00144
   0.94165  0.01144 -0.04563
   0.92705  0.01410 -0.08547
   0.91239  0.01670 -0.12180
   0.89770  0.01925 -0.15420
   0.88298  0.02175 -0.18705
   0.86825  0.02418 -0.21583
   0.85351  0.02656 -0.24688
   0.83876  0.02888 -0.27407
   0.82401  0.03115 -0.30344
   0.80926  0.03336 -0.33164
   0.79450  0.03550 -0.35844
   0.77975  0.03757 -0.38619
   0.76500  0.03959 -0.41311
   0.75024  0.04153 -0.43931
   0.73549  0.04340 -0.46584
   0.72073  0.04521 -0.49165
   0.70597  0.04693 -0.51845
   0.69121  0.04859 -0.54293
   0.67645  0.05017 -0.56970
   0.66169  0.05167 -0.59574
   0.64694  0.05309 -0.62120
   0.63219  0.05443 -0.64809
   0.61746  0.05568 -0.67453
   0.60274  0.05683 -0.69978
   0.58804  0.05789 -0.72625
   0.57335  0.05885 -0.75072
   0.55867  0.05969 -0.77281
   0.54399  0.06044 -0.79459
   0.52929  0.06107 -0.81383
   0.51458  0.06160 -0.83291
   0.49985  0.06203 -0.85084
   0.48510  0.06236 -0.86812
   0.47034  0.06260 -0.88502
   0.45556  0.06275 -0.90249
   0.44076  0.06280 -0.91934
   0.42595  0.06278 -0.93757
   0.41114  0.06267 -0.95645
   0.39632  0.06247 -0.97679
   0.38150  0.06220 -0.99746
   0.36669  0.06184 -1.02087
   0.35189  0.06140 -1.04318
   0.33709  0.06088 -1.06764
   0.32231  0.06027 -1.09362
   0.30753  0.05957 -1.12054
   0.29276  0.05879 -1.14913
   0.27801  0.05792 -1.18039
   0.26328  0.05696 -1.21450
   0.24857  0.05590 -1.25088
   0.23389  0.05475 -1.29037
   0.21924  0.05349 -1.33265
   0.20463  0.05213 -1.38027
   0.19006  0.05065 -1.43267
   0.17555  0.04906 -1.49145
   0.16110  0.04735 -1.55666
   0.14672  0.04549 -1.63014
   0.13243  0.04350 -1.71538
   0.11825  0.04135 -1.81356
   0.10422  0.03903 -1.93314
   0.09039  0.03654 -2.07709
   0.07686  0.03386 -2.25565
   0.06381  0.03100 -2.48118
   0.05153  0.02800 -2.77424
   0.04051  0.02495 -3.15146
   0.03121  0.02203 -3.63234
   0.02378  0.01934 -4.20693
   0.01800  0.01692 -4.87449
   0.01351  0.01473 -5.62389
   0.00998  0.01272 -6.44412
   0.00718  0.01082 -7.37840
   0.00494  0.00900 -8.37024
   0.00317  0.00723 -9.43342
   0.00181  0.00548-10.40123
   0.00084  0.00373-11.12099
   0.00025  0.00201-11.01281
   0.00001  0.00037-10.20640
   0.00010 -0.00125 -8.50187
   0.00052 -0.00293 -6.43741
   0.00132 -0.00467 -4.32969
   0.00251 -0.00643 -2.58614
   0.00408 -0.00820 -1.34702
   0.00609 -0.01001 -0.46920
   0.00862 -0.01190  0.12290
   0.01180 -0.01391  0.51687
   0.01582 -0.01608  0.76806
   0.02097 -0.01847  0.91517
   0.02759 -0.02112  0.98544
   0.03594 -0.02401  0.99915
   0.04606 -0.02705  0.97554
   0.05763 -0.03007  0.93180
   0.07021 -0.03297  0.88048
   0.08343 -0.03568  0.82840
   0.09707 -0.03820  0.77842
   0.11098 -0.04053  0.73164
   0.12507 -0.04268  0.68796
   0.13929 -0.04467  0.64778
   0.15363 -0.04651  0.61049
   0.16805 -0.04821  0.57542
   0.18253 -0.04978  0.54276
   0.19707 -0.05122  0.51204
   0.21165 -0.05254  0.48298
   0.22626 -0.05375  0.45526
   0.24090 -0.05485  0.42853
   0.25555 -0.05584  0.40311
   0.27020 -0.05672  0.37775
   0.28482 -0.05748  0.35303
   0.29941 -0.05812  0.32904
   0.31396 -0.05863  0.30572
   0.32845 -0.05899  0.28371
   0.34289 -0.05919  0.26379
   0.35730 -0.05923  0.24562
   0.37169 -0.05910  0.23017
   0.38606 -0.05879  0.21703
   0.40043 -0.05831  0.20640
   0.41480 -0.05765  0.19847
   0.42920 -0.05682  0.19294
   0.44362 -0.05582  0.19023
   0.45808 -0.05467  0.18879
   0.47257 -0.05337  0.19005
   0.48711 -0.05194  0.19229
   0.50169 -0.05038  0.19584
   0.51633 -0.04870  0.20111
   0.53102 -0.04692  0.20687
   0.54576 -0.04506  0.21256
   0.56054 -0.04313  0.21967
   0.57536 -0.04112  0.22600
   0.59021 -0.03907  0.23305
   0.60510 -0.03697  0.24019
   0.62002 -0.03484  0.24717
   0.63498 -0.03268  0.25491
   0.64996 -0.03051  0.26240
   0.66495 -0.02832  0.27027
   0.67994 -0.02614  0.27793
   0.69489 -0.02398  0.28526
   0.70981 -0.02185  0.29361
   0.72469 -0.01976  0.30115
   0.73953 -0.01771  0.30789
   0.75434 -0.01571  0.31519
   0.76912 -0.01379  0.32210
   0.78387 -0.01193  0.32810
   0.79861 -0.01015  0.33402
   0.81331 -0.00846  0.33938
   0.82799 -0.00686  0.34514
   0.84262 -0.00536  0.35149
   0.85720 -0.00398  0.35602
   0.87174 -0.00273  0.36042
   0.88621 -0.00161  0.36510
   0.90061 -0.00066  0.36815
   0.91493  0.00012  0.37097
   0.92916  0.00070  0.37155
   0.94325  0.00108  0.37002
   0.95712  0.00122  0.36797
   0.97058  0.00111  0.35811
   0.98318  0.00079  0.34478
   0.99405  0.00032  0.33629
   1.00000  0.00000  0.35404
