                                                
 Alfa =  10.00000 Re =  4000000.000 Xflap,Yflap =     0.000000    0.000000
#    x        y        Cp  
   1.00000  0.00640  0.10907
   0.99361  0.00742  0.02870
   0.98300  0.00911 -0.01191
   0.97091  0.01102 -0.04455
   0.95712  0.01319 -0.07745
   0.94167  0.01560 -0.11159
   0.92511  0.01815 -0.14081
   0.90818  0.02075 -0.16819
   0.89132  0.02332 -0.19827
   0.87455  0.02587 -0.22535
   0.85780  0.02840 -0.25428
   0.84101  0.03092 -0.27939
   0.82416  0.03343 -0.31052
   0.80726  0.03593 -0.33619
   0.79031  0.03842 -0.37107
   0.77336  0.04088 -0.40030
   0.75645  0.04330 -0.43433
   0.73960  0.04567 -0.46887
   0.72282  0.04797 -0.50265
   0.70611  0.05020 -0.53752
   0.68947  0.05235 -0.57040
   0.67289  0.05441 -0.60889
   0.65635  0.05638 -0.63898
   0.63985  0.05824 -0.67547
   0.62338  0.06000 -0.71076
   0.60695  0.06164 -0.74261
   0.59054  0.06316 -0.77916
   0.57417  0.06456 -0.80577
   0.55783  0.06583 -0.83500
   0.54150  0.06697 -0.86550
   0.52518  0.06798 -0.89038
   0.50884  0.06887 -0.92017
   0.49244  0.06963 -0.94360
   0.47596  0.07027 -0.96474
   0.45938  0.07079 -0.99030
   0.44270  0.07120 -1.01125
   0.42595  0.07151 -1.03879
   0.40918  0.07172 -1.06498
   0.39248  0.07185 -1.10126
   0.37591  0.07188 -1.14424
   0.35956  0.07179 -1.18893
   0.34342  0.07157 -1.23540
   0.32746  0.07119 -1.27975
   0.31163  0.07064 -1.32395
   0.29584  0.06988 -1.35664
   0.27999  0.06890 -1.38100
   0.26396  0.06772 -1.39993
   0.24774  0.06633 -1.41769
   0.23132  0.06476 -1.43573
   0.21479  0.06304 -1.46075
   0.19831  0.06121 -1.49565
   0.18208  0.05929 -1.55116
   0.16619  0.05726 -1.61308
   0.15051  0.05508 -1.67252
   0.13479  0.05267 -1.71451
   0.11884  0.05004 -1.75854
   0.10285  0.04730 -1.82582
   0.08748  0.04459 -1.95255
   0.07341  0.04200 -2.09156
   0.06098  0.03960 -2.20090
   0.05020  0.03754 -2.38636
   0.04097  0.03582 -2.75348
   0.03331  0.03428 -3.12010
   0.02710  0.03284 -3.35741
   0.02205  0.03150 -3.15837
   0.01776  0.03041 -2.92694
   0.01389  0.02974 -3.12969
   0.01026  0.02948 -4.55678
   0.00690  0.02935 -7.56779
   0.00392  0.02898-12.10810
   0.00138  0.02815-17.29058
  -0.00066  0.02673-18.16476
  -0.00224  0.02479-14.68555
  -0.00341  0.02251-11.59908
  -0.00426  0.02005 -9.24740
  -0.00482  0.01752 -7.52655
  -0.00514  0.01501 -6.24433
  -0.00524  0.01256 -5.28266
  -0.00514  0.01021 -4.53384
  -0.00486  0.00802 -3.94572
  -0.00441  0.00600 -3.46840
  -0.00379  0.00420 -3.04845
  -0.00300  0.00264 -2.63628
  -0.00204  0.00137 -2.13400
  -0.00090  0.00043 -1.42134
   0.00045 -0.00013 -0.41625
   0.00201 -0.00026  0.40894
   0.00382 -0.00000  0.79217
   0.00587  0.00059  0.93878
   0.00817  0.00147  0.98771
   0.01075  0.00253  0.99941
   0.01359  0.00358  0.99906
   0.01668  0.00445  0.99454
   0.02009  0.00516  0.98619
   0.02391  0.00581  0.97183
   0.02832  0.00662  0.95276
   0.03349  0.00773  0.93267
   0.03962  0.00918  0.91284
   0.04689  0.01096  0.89514
   0.05548  0.01294  0.87503
   0.06564  0.01508  0.84893
   0.07748  0.01752  0.82190
   0.09081  0.02036  0.80434
   0.10514  0.02335  0.79005
   0.12018  0.02627  0.77427
   0.13572  0.02907  0.75927
   0.15155  0.03176  0.74612
   0.16747  0.03431  0.73550
   0.18337  0.03670  0.72700
   0.19919  0.03889  0.71901
   0.21497  0.04088  0.71084
   0.23076  0.04268  0.70222
   0.24664  0.04431  0.69353
   0.26261  0.04577  0.68545
   0.27872  0.04709  0.67661
   0.29495  0.04826  0.66913
   0.31130  0.04931  0.66141
   0.32773  0.05022  0.65417
   0.34422  0.05101  0.64735
   0.36074  0.05166  0.64032
   0.37725  0.05219  0.63405
   0.39374  0.05258  0.62764
   0.41016  0.05285  0.62150
   0.42651  0.05299  0.61608
   0.44278  0.05299  0.61056
   0.45897  0.05285  0.60404
   0.47510  0.05256  0.59786
   0.49122  0.05211  0.59055
   0.50737  0.05150  0.58236
   0.52362  0.05072  0.57204
   0.54001  0.04980  0.56072
   0.55658  0.04874  0.54905
   0.57332  0.04758  0.53610
   0.59021  0.04634  0.52297
   0.60719  0.04505  0.51443
   0.62417  0.04372  0.50332
   0.64109  0.04234  0.49697
   0.65791  0.04092  0.48714
   0.67462  0.03943  0.48028
   0.69123  0.03787  0.46987
   0.70778  0.03621  0.45969
   0.72434  0.03446  0.44864
   0.74094  0.03261  0.43547
   0.75763  0.03068  0.42261
   0.77440  0.02867  0.40837
   0.79124  0.02660  0.39175
   0.80811  0.02448  0.37885
   0.82494  0.02232  0.35968
   0.84171  0.02016  0.34372
   0.85840  0.01801  0.32692
   0.87504  0.01586  0.30872
   0.89169  0.01374  0.29266
   0.90842  0.01165  0.27866
   0.92522  0.00958  0.26228
   0.94169  0.00754  0.24934
   0.95707  0.00561  0.23279
   0.97085  0.00384  0.21501
   0.98295  0.00227  0.18975
   0.99359  0.00086  0.17000
   1.00000  0.00000  0.10907
