                                                
 Alfa =  10.00000 Re =  4000000.000 Xflap,Yflap =     0.000000    0.000000
#    x        y        Cp  
   1.00002  0.00094  0.21351
   0.99442  0.00121  0.11775
   0.98424  0.00170  0.08238
   0.97190  0.00230  0.05179
   0.95777  0.00299  0.02712
   0.94254  0.00374  0.00588
   0.92675  0.00453 -0.01401
   0.91071  0.00533 -0.03182
   0.89457  0.00615 -0.05003
   0.87840  0.00697 -0.06509
   0.86221  0.00779 -0.08079
   0.84602  0.00862 -0.09637
   0.82982  0.00944 -0.11102
   0.81361  0.01027 -0.12462
   0.79742  0.01109 -0.13811
   0.78123  0.01192 -0.15353
   0.76506  0.01273 -0.16476
   0.74890  0.01356 -0.17958
   0.73274  0.01438 -0.19362
   0.71656  0.01520 -0.20569
   0.70036  0.01603 -0.22094
   0.68413  0.01685 -0.23450
   0.66790  0.01767 -0.24789
   0.65169  0.01850 -0.26328
   0.63549  0.01933 -0.27815
   0.61931  0.02015 -0.29209
   0.60312  0.02099 -0.30998
   0.58690  0.02181 -0.32453
   0.57067  0.02265 -0.34171
   0.55447  0.02348 -0.36008
   0.53828  0.02431 -0.37805
   0.52210  0.02513 -0.39616
   0.50591  0.02597 -0.41804
   0.48970  0.02679 -0.43855
   0.47349  0.02761 -0.45942
   0.45731  0.02843 -0.48483
   0.44117  0.02923 -0.50955
   0.42499  0.03002 -0.53361
   0.40884  0.03081 -0.56424
   0.39273  0.03156 -0.59311
   0.37661  0.03230 -0.62246
   0.36052  0.03302 -0.65891
   0.34451  0.03369 -0.69258
   0.32849  0.03433 -0.72868
   0.31253  0.03494 -0.77125
   0.29663  0.03549 -0.81328
   0.28075  0.03599 -0.85763
   0.26495  0.03644 -0.91078
   0.24922  0.03680 -0.96088
   0.23352  0.03711 -1.02125
   0.21796  0.03732 -1.08623
   0.20245  0.03744 -1.15382
   0.18709  0.03747 -1.23712
   0.17187  0.03737 -1.32003
   0.15682  0.03714 -1.42426
   0.14203  0.03677 -1.53345
   0.12752  0.03623 -1.66545
   0.11345  0.03551 -1.81327
   0.09989  0.03460 -1.98564
   0.08709  0.03350 -2.19196
   0.07520  0.03219 -2.41745
   0.06442  0.03071 -2.68679
   0.05482  0.02907 -2.93878
   0.04639  0.02733 -3.21189
   0.03912  0.02555 -3.50244
   0.03289  0.02378 -3.80344
   0.02757  0.02204 -4.13930
   0.02302  0.02033 -4.45876
   0.01910  0.01867 -4.80874
   0.01571  0.01705 -5.20806
   0.01277  0.01546 -5.60529
   0.01020  0.01389 -5.99722
   0.00795  0.01233 -6.48532
   0.00599  0.01078 -7.01613
   0.00429  0.00921 -7.56113
   0.00284  0.00764 -8.29206
   0.00164  0.00602 -9.21912
   0.00077  0.00435 -9.54450
   0.00025  0.00261 -8.48438
   0.00003  0.00089 -6.89709
   0.00002 -0.00083 -5.84424
   0.00024 -0.00256 -5.13741
   0.00076 -0.00429 -3.95445
   0.00163 -0.00597 -2.46671
   0.00282 -0.00758 -1.27212
   0.00427 -0.00916 -0.49657
   0.00597 -0.01072  0.01853
   0.00793 -0.01227  0.38160
   0.01017 -0.01383  0.62952
   0.01274 -0.01540  0.79552
   0.01568 -0.01700  0.90326
   0.01907 -0.01861  0.96670
   0.02298 -0.02028  0.99562
   0.02753 -0.02198  0.99833
   0.03284 -0.02372  0.98065
   0.03905 -0.02549  0.94732
   0.04632 -0.02727  0.90279
   0.05473 -0.02901  0.85099
   0.06432 -0.03066  0.79580
   0.07509 -0.03214  0.74367
   0.08698 -0.03345  0.69326
   0.09976 -0.03455  0.64837
   0.11332 -0.03546  0.60753
   0.12739 -0.03619  0.57098
   0.14190 -0.03672  0.53952
   0.15668 -0.03710  0.51046
   0.17172 -0.03733  0.48671
   0.18695 -0.03743  0.46316
   0.20230 -0.03741  0.44493
   0.21782 -0.03729  0.42609
   0.23337 -0.03708  0.41037
   0.24907 -0.03678  0.39671
   0.26480 -0.03641  0.38250
   0.28060 -0.03596  0.37213
   0.29649 -0.03546  0.36057
   0.31238 -0.03491  0.35056
   0.32833 -0.03431  0.34228
   0.34436 -0.03367  0.33352
   0.36037 -0.03300  0.32511
   0.37646 -0.03228  0.31964
   0.39258 -0.03154  0.31159
   0.40869 -0.03079  0.30529
   0.42484 -0.03000  0.30029
   0.44102 -0.02921  0.29398
   0.45717 -0.02841  0.28725
   0.47335 -0.02759  0.28382
   0.48956 -0.02678  0.27745
   0.50576 -0.02595  0.27180
   0.52195 -0.02512  0.26798
   0.53813 -0.02429  0.26243
   0.55431 -0.02347  0.25711
   0.57052 -0.02263  0.25265
   0.58675 -0.02180  0.24805
   0.60296 -0.02097  0.24234
   0.61915 -0.02014  0.23885
   0.63534 -0.01932  0.23350
   0.65153 -0.01850  0.22823
   0.66775 -0.01767  0.22492
   0.68398 -0.01684  0.22009
   0.70021 -0.01602  0.21457
   0.71642 -0.01519  0.21145
   0.73261 -0.01437  0.20641
   0.74879 -0.01355  0.20220
   0.76498 -0.01273  0.19802
   0.78116 -0.01191  0.19319
   0.79736 -0.01108  0.19038
   0.81357 -0.01026  0.18507
   0.82978 -0.00943  0.18203
   0.84599 -0.00861  0.17822
   0.86219 -0.00778  0.17422
   0.87838 -0.00696  0.17169
   0.89457 -0.00614  0.16729
   0.91071 -0.00532  0.16468
   0.92675 -0.00452  0.16128
   0.94254 -0.00374  0.15859
   0.95778 -0.00299  0.15580
   0.97190 -0.00230  0.15552
   0.98424 -0.00170  0.15829
   0.99443 -0.00121  0.16681
   1.00002 -0.00094  0.21351
