                                                
 Alfa =  10.00000 Re =  4000000.000 Xflap,Yflap =     0.000000    0.000000
#    x        y        Cp  
   1.00000  0.00000  0.26410
   0.99381  0.00057  0.20862
   0.98140  0.00190  0.14231
   0.96831  0.00346  0.08138
   0.95489  0.00512  0.04256
   0.94150  0.00681 -0.00087
   0.92813  0.00850 -0.03554
   0.91473  0.01016 -0.06926
   0.90132  0.01178 -0.09594
   0.88793  0.01336 -0.12143
   0.87453  0.01489 -0.14728
   0.86114  0.01638 -0.16770
   0.84773  0.01782 -0.18863
   0.83433  0.01921 -0.20718
   0.82091  0.02055 -0.22620
   0.80749  0.02184 -0.24144
   0.79405  0.02310 -0.25741
   0.78060  0.02431 -0.27229
   0.76714  0.02550 -0.28761
   0.75368  0.02665 -0.30256
   0.74021  0.02777 -0.31808
   0.72674  0.02886 -0.33403
   0.71327  0.02993 -0.34559
   0.69979  0.03096 -0.36282
   0.68631  0.03197 -0.37814
   0.67283  0.03294 -0.39348
   0.65935  0.03389 -0.40930
   0.64587  0.03481 -0.42289
   0.63239  0.03570 -0.44014
   0.61890  0.03656 -0.45654
   0.60541  0.03739 -0.47182
   0.59193  0.03818 -0.48760
   0.57844  0.03895 -0.50211
   0.56494  0.03968 -0.52172
   0.55145  0.04039 -0.53725
   0.53795  0.04106 -0.55358
   0.52446  0.04171 -0.57217
   0.51096  0.04232 -0.59004
   0.49747  0.04290 -0.61094
   0.48397  0.04345 -0.62796
   0.47048  0.04396 -0.64889
   0.45699  0.04443 -0.66904
   0.44349  0.04487 -0.69023
   0.43000  0.04527 -0.71136
   0.41651  0.04562 -0.73395
   0.40302  0.04594 -0.75754
   0.38953  0.04622 -0.78129
   0.37605  0.04645 -0.80778
   0.36256  0.04664 -0.83321
   0.34908  0.04677 -0.86035
   0.33561  0.04686 -0.89117
   0.32214  0.04690 -0.92003
   0.30867  0.04688 -0.95396
   0.29521  0.04680 -0.98672
   0.28175  0.04666 -1.02272
   0.26831  0.04646 -1.06298
   0.25487  0.04618 -1.10263
   0.24145  0.04583 -1.14728
   0.22804  0.04540 -1.19379
   0.21464  0.04488 -1.24506
   0.20126  0.04426 -1.29956
   0.18790  0.04355 -1.36045
   0.17457  0.04273 -1.42634
   0.16126  0.04178 -1.50029
   0.14799  0.04070 -1.58114
   0.13476  0.03948 -1.67417
   0.12158  0.03809 -1.77870
   0.10848  0.03651 -1.89945
   0.09546  0.03473 -2.04160
   0.08254  0.03269 -2.21033
   0.06977  0.03038 -2.41895
   0.05723  0.02774 -2.68394
   0.04500  0.02470 -3.02677
   0.03321  0.02118 -3.49363
   0.02229  0.01715 -4.20237
   0.01312  0.01280 -5.26895
   0.00672  0.00875 -6.69057
   0.00304  0.00561 -9.13714
   0.00118  0.00326-11.22007
   0.00027  0.00146-13.81190
  -0.00004 -0.00002-20.58318
   0.00046 -0.00140-11.26697
   0.00186 -0.00280 -3.31464
   0.00430 -0.00451 -0.92338
   0.00880 -0.00682  0.39446
   0.01694 -0.00984  0.90375
   0.02740 -0.01269  0.99936
   0.03933 -0.01516  0.97491
   0.05200 -0.01722  0.92025
   0.06480 -0.01889  0.86347
   0.07777 -0.02027  0.81115
   0.09093 -0.02144  0.76356
   0.10417 -0.02242  0.72156
   0.11744 -0.02324  0.68427
   0.13076 -0.02392  0.65141
   0.14411 -0.02448  0.62236
   0.15751 -0.02495  0.59572
   0.17093 -0.02532  0.57204
   0.18437 -0.02562  0.54991
   0.19782 -0.02585  0.53048
   0.21128 -0.02601  0.51192
   0.22475 -0.02612  0.49515
   0.23823 -0.02618  0.47994
   0.25172 -0.02619  0.46461
   0.26521 -0.02616  0.45176
   0.27871 -0.02609  0.43957
   0.29221 -0.02598  0.42750
   0.30572 -0.02583  0.41653
   0.31924 -0.02566  0.40685
   0.33276 -0.02546  0.39626
   0.34628 -0.02524  0.38728
   0.35980 -0.02499  0.37887
   0.37333 -0.02472  0.36995
   0.38686 -0.02443  0.36120
   0.40038 -0.02411  0.35510
   0.41392 -0.02378  0.34680
   0.42745 -0.02344  0.33944
   0.44098 -0.02307  0.33400
   0.45452 -0.02270  0.32705
   0.46806 -0.02231  0.32050
   0.48159 -0.02190  0.31462
   0.49513 -0.02148  0.30866
   0.50867 -0.02105  0.30311
   0.52222 -0.02062  0.29704
   0.53576 -0.02017  0.29311
   0.54930 -0.01971  0.28638
   0.56284 -0.01924  0.28216
   0.57638 -0.01876  0.27747
   0.58992 -0.01828  0.27259
   0.60347 -0.01778  0.26815
   0.61701 -0.01728  0.26349
   0.63056 -0.01677  0.25935
   0.64411 -0.01626  0.25557
   0.65766 -0.01575  0.24884
   0.67120 -0.01522  0.24660
   0.68474 -0.01469  0.24029
   0.69828 -0.01415  0.23831
   0.71182 -0.01360  0.23423
   0.72537 -0.01305  0.22997
   0.73892 -0.01250  0.22467
   0.75247 -0.01194  0.22234
   0.76600 -0.01137  0.21757
   0.77954 -0.01079  0.21104
   0.79307 -0.01020  0.21084
   0.80660 -0.00960  0.20529
   0.82013 -0.00899  0.20094
   0.83365 -0.00836  0.19779
   0.84716 -0.00771  0.19573
   0.86065 -0.00703  0.19338
   0.87412 -0.00631  0.19062
   0.88759 -0.00556  0.19254
   0.90108 -0.00477  0.19585
   0.91461 -0.00396  0.20050
   0.92813 -0.00314  0.20821
   0.94158 -0.00233  0.21470
   0.95503 -0.00156  0.22763
   0.96853 -0.00085  0.24034
   0.98146 -0.00030  0.26286
   0.99377 -0.00003  0.27681
   1.00000  0.00000  0.26410
