                                                
 Alfa =  10.00000 Re =  4000000.000 Xflap,Yflap =     0.000000    0.000000
#    x        y        Cp  
   1.00000  0.00000  0.42507
   0.99325  0.00069  0.38267
   0.98204  0.00250  0.22655
   0.96944  0.00461  0.12207
   0.95573  0.00663  0.07612
   0.94101  0.00857  0.05642
   0.92560  0.01053  0.03043
   0.90982  0.01250  0.00968
   0.89383  0.01449 -0.01084
   0.87775  0.01649 -0.03178
   0.86167  0.01853 -0.05287
   0.84556  0.02059 -0.07704
   0.82942  0.02269 -0.10323
   0.81326  0.02480 -0.12867
   0.79709  0.02691 -0.15443
   0.78092  0.02900 -0.17925
   0.76477  0.03108 -0.20404
   0.74862  0.03314 -0.22774
   0.73247  0.03519 -0.25347
   0.71635  0.03721 -0.28024
   0.70027  0.03919 -0.30565
   0.68419  0.04113 -0.33045
   0.66812  0.04304 -0.35561
   0.65204  0.04492 -0.38109
   0.63597  0.04676 -0.40774
   0.61993  0.04855 -0.43601
   0.60391  0.05030 -0.46333
   0.58791  0.05199 -0.49186
   0.57191  0.05362 -0.51891
   0.55592  0.05519 -0.54595
   0.53990  0.05671 -0.57408
   0.52391  0.05817 -0.60530
   0.50796  0.05957 -0.63769
   0.49202  0.06089 -0.66756
   0.47608  0.06214 -0.70022
   0.46017  0.06331 -0.73308
   0.44425  0.06441 -0.76452
   0.42833  0.06542 -0.79943
   0.41245  0.06635 -0.83839
   0.39661  0.06719 -0.87692
   0.38079  0.06793 -0.91637
   0.36501  0.06857 -0.95699
   0.34924  0.06909 -0.99675
   0.33347  0.06949 -1.03866
   0.31774  0.06980 -1.08743
   0.30209  0.06998 -1.14112
   0.28652  0.07001 -1.19355
   0.27099  0.06989 -1.24231
   0.25547  0.06962 -1.29753
   0.24002  0.06920 -1.35880
   0.22467  0.06861 -1.42897
   0.20946  0.06784 -1.50229
   0.19437  0.06686 -1.57376
   0.17938  0.06566 -1.64977
   0.16453  0.06424 -1.73558
   0.14986  0.06259 -1.83012
   0.13547  0.06070 -1.94675
   0.12141  0.05852 -2.05505
   0.10769  0.05606 -2.17076
   0.09446  0.05334 -2.31423
   0.08190  0.05037 -2.47793
   0.07019  0.04718 -2.64983
   0.05949  0.04382 -2.81716
   0.04991  0.04038 -2.98403
   0.04155  0.03700 -3.19265
   0.03440  0.03373 -3.41598
   0.02835  0.03059 -3.61461
   0.02324  0.02759 -3.77797
   0.01892  0.02475 -3.93775
   0.01527  0.02208 -4.11062
   0.01217  0.01956 -4.30021
   0.00954  0.01717 -4.52248
   0.00731  0.01488 -4.75119
   0.00545  0.01267 -4.89842
   0.00391  0.01053 -4.94596
   0.00264  0.00847 -4.97467
   0.00162  0.00646 -5.06111
   0.00084  0.00450 -5.06905
   0.00031  0.00264 -5.10891
   0.00004  0.00086 -4.99796
   0.00004 -0.00086 -4.31046
   0.00031 -0.00264 -3.22159
   0.00084 -0.00450 -2.25286
   0.00162 -0.00646 -1.48681
   0.00264 -0.00847 -0.85580
   0.00391 -0.01053 -0.37545
   0.00545 -0.01267  0.01281
   0.00731 -0.01488  0.32810
   0.00954 -0.01717  0.57331
   0.01217 -0.01956  0.74886
   0.01527 -0.02208  0.86956
   0.01892 -0.02475  0.94677
   0.02324 -0.02759  0.98841
   0.02835 -0.03059  0.99992
   0.03440 -0.03373  0.98610
   0.04155 -0.03700  0.95223
   0.04991 -0.04038  0.90394
   0.05949 -0.04382  0.84488
   0.07019 -0.04718  0.78118
   0.08190 -0.05037  0.71838
   0.09446 -0.05334  0.65862
   0.10769 -0.05606  0.60307
   0.12141 -0.05852  0.55053
   0.13547 -0.06070  0.50345
   0.14986 -0.06259  0.46427
   0.16453 -0.06424  0.42730
   0.17938 -0.06566  0.39397
   0.19437 -0.06686  0.36360
   0.20946 -0.06784  0.33645
   0.22467 -0.06861  0.31395
   0.24002 -0.06920  0.29444
   0.25547 -0.06962  0.27577
   0.27099 -0.06989  0.25825
   0.28652 -0.07001  0.24132
   0.30209 -0.06998  0.22819
   0.31774 -0.06980  0.21775
   0.33347 -0.06949  0.20797
   0.34924 -0.06909  0.19717
   0.36501 -0.06857  0.18748
   0.38079 -0.06793  0.17944
   0.39661 -0.06719  0.17313
   0.41245 -0.06635  0.16724
   0.42833 -0.06542  0.16302
   0.44425 -0.06441  0.15818
   0.46017 -0.06331  0.15297
   0.47608 -0.06214  0.14946
   0.49202 -0.06089  0.14653
   0.50796 -0.05957  0.14375
   0.52391 -0.05817  0.14232
   0.53990 -0.05671  0.14196
   0.55592 -0.05519  0.14008
   0.57191 -0.05362  0.13880
   0.58791 -0.05199  0.13812
   0.60391 -0.05030  0.13832
   0.61993 -0.04855  0.13950
   0.63597 -0.04676  0.14083
   0.65204 -0.04492  0.14246
   0.66812 -0.04304  0.14339
   0.68419 -0.04113  0.14503
   0.70027 -0.03919  0.14688
   0.71635 -0.03721  0.14899
   0.73247 -0.03519  0.15300
   0.74862 -0.03314  0.15661
   0.76477 -0.03108  0.15860
   0.78092 -0.02900  0.16294
   0.79709 -0.02691  0.16604
   0.81326 -0.02480  0.17088
   0.82942 -0.02269  0.17651
   0.84556 -0.02059  0.18121
   0.86167 -0.01853  0.18549
   0.87775 -0.01649  0.18767
   0.89383 -0.01449  0.18867
   0.90982 -0.01250  0.18966
   0.92560 -0.01053  0.18978
   0.94101 -0.00857  0.19415
   0.95573 -0.00663  0.19209
   0.96944 -0.00461  0.21274
   0.98204 -0.00250  0.28655
   0.99325 -0.00069  0.41378
   1.00000  0.00000  0.42507
