                                                
 Alfa =  10.00000 Re =  4000000.000 Xflap,Yflap =     0.000000    0.000000
#    x        y        Cp  
   1.00000  0.00000  0.33354
   0.99516  0.00047  0.20731
   0.98710  0.00124  0.12897
   0.97784  0.00209  0.07933
   0.96706  0.00305  0.04842
   0.95451  0.00413  0.01679
   0.94074  0.00525 -0.01392
   0.92734  0.00629 -0.03709
   0.91387  0.00730 -0.05408
   0.89997  0.00830 -0.06869
   0.88604  0.00929 -0.09309
   0.87236  0.01023 -0.10000
   0.85878  0.01115 -0.11921
   0.84517  0.01206 -0.13039
   0.83145  0.01296 -0.14804
   0.81757  0.01386 -0.16038
   0.80352  0.01477 -0.17667
   0.78938  0.01568 -0.19344
   0.77531  0.01658 -0.20681
   0.76127  0.01746 -0.22473
   0.74723  0.01832 -0.23947
   0.73315  0.01916 -0.25914
   0.71902  0.01997 -0.27718
   0.70484  0.02074 -0.28867
   0.69070  0.02148 -0.30222
   0.67657  0.02217 -0.31742
   0.66245  0.02282 -0.32165
   0.64832  0.02345 -0.33815
   0.63418  0.02407 -0.34513
   0.62002  0.02466 -0.35517
   0.60584  0.02526 -0.37166
   0.59165  0.02585 -0.38091
   0.57746  0.02644 -0.40037
   0.56327  0.02703 -0.41632
   0.54909  0.02761 -0.43443
   0.53489  0.02818 -0.45477
   0.52070  0.02873 -0.47475
   0.50651  0.02926 -0.49478
   0.49233  0.02977 -0.51579
   0.47816  0.03025 -0.54288
   0.46400  0.03068 -0.56519
   0.44984  0.03108 -0.58742
   0.43569  0.03142 -0.61199
   0.42154  0.03170 -0.63690
   0.40740  0.03192 -0.65859
   0.39325  0.03206 -0.68184
   0.37911  0.03213 -0.69621
   0.36497  0.03213 -0.71597
   0.35083  0.03207 -0.73172
   0.33669  0.03197 -0.75055
   0.32253  0.03182 -0.76923
   0.30837  0.03163 -0.79007
   0.29418  0.03141 -0.81428
   0.27999  0.03116 -0.84514
   0.26581  0.03088 -0.87582
   0.25164  0.03056 -0.91450
   0.23750  0.03020 -0.95357
   0.22334  0.02979 -0.99695
   0.20916  0.02933 -1.04709
   0.19500  0.02881 -1.10514
   0.18093  0.02822 -1.17503
   0.16694  0.02753 -1.24761
   0.15296  0.02670 -1.32735
   0.13891  0.02569 -1.40120
   0.12484  0.02451 -1.47835
   0.11086  0.02317 -1.56471
   0.09684  0.02164 -1.65977
   0.08321  0.02002 -1.77272
   0.06961  0.01832 -1.97508
   0.05691  0.01658 -2.28535
   0.04421  0.01450 -2.63595
   0.03460  0.01263 -2.97643
   0.02537  0.01059 -3.54885
   0.01654  0.00826 -4.48163
   0.00849  0.00561 -6.44636
   0.00496  0.00417 -9.10769
   0.00281  0.00307-12.73804
   0.00140  0.00212-18.53759
   0.00050  0.00124-28.10388
   0.00006  0.00041-41.07457
   0.00006 -0.00041-34.50510
   0.00050 -0.00124-16.49182
   0.00140 -0.00211 -7.35394
   0.00281 -0.00307 -3.05738
   0.00496 -0.00417 -0.90853
   0.00849 -0.00561  0.26450
   0.01654 -0.00826  0.87205
   0.02537 -0.01059  0.99022
   0.03460 -0.01263  0.99524
   0.04421 -0.01450  0.96385
   0.05691 -0.01658  0.90855
   0.06961 -0.01832  0.85689
   0.08321 -0.02002  0.80527
   0.09684 -0.02164  0.75416
   0.11086 -0.02317  0.70638
   0.12484 -0.02451  0.66329
   0.13891 -0.02569  0.62363
   0.15296 -0.02670  0.59065
   0.16694 -0.02753  0.56119
   0.18093 -0.02822  0.53786
   0.19500 -0.02881  0.51571
   0.20916 -0.02933  0.49483
   0.22334 -0.02979  0.47667
   0.23750 -0.03020  0.45708
   0.25164 -0.03056  0.44083
   0.26581 -0.03088  0.42353
   0.27999 -0.03116  0.40862
   0.29418 -0.03141  0.39378
   0.30837 -0.03163  0.37754
   0.32253 -0.03182  0.36385
   0.33669 -0.03197  0.34791
   0.35083 -0.03207  0.33481
   0.36497 -0.03213  0.31897
   0.37911 -0.03213  0.30623
   0.39325 -0.03206  0.29561
   0.40740 -0.03192  0.28380
   0.42154 -0.03170  0.27725
   0.43569 -0.03142  0.26828
   0.44984 -0.03108  0.26318
   0.46400 -0.03069  0.25733
   0.47816 -0.03025  0.25405
   0.49233 -0.02977  0.24808
   0.50651 -0.02926  0.24478
   0.52070 -0.02873  0.23923
   0.53489 -0.02818  0.23731
   0.54908 -0.02761  0.22969
   0.56327 -0.02703  0.23118
   0.57746 -0.02644  0.22288
   0.59165 -0.02585  0.21952
   0.60584 -0.02526  0.21479
   0.62002 -0.02466  0.20566
   0.63418 -0.02407  0.20292
   0.64832 -0.02345  0.19333
   0.66245 -0.02282  0.18663
   0.67657 -0.02217  0.18586
   0.69070 -0.02148  0.17205
   0.70484 -0.02074  0.17204
   0.71902 -0.01997  0.16886
   0.73315 -0.01916  0.16697
   0.74723 -0.01832  0.16708
   0.76127 -0.01746  0.15987
   0.77531 -0.01658  0.16391
   0.78938 -0.01568  0.15906
   0.80352 -0.01477  0.16309
   0.81757 -0.01386  0.15480
   0.83145 -0.01296  0.15433
   0.84517 -0.01206  0.15394
   0.85878 -0.01115  0.14731
   0.87236 -0.01023  0.14858
   0.88604 -0.00929  0.14938
   0.89997 -0.00830  0.14075
   0.91387 -0.00730  0.14374
   0.92734 -0.00629  0.13953
   0.94074 -0.00525  0.14272
   0.95451 -0.00413  0.14565
   0.96706 -0.00305  0.15575
   0.97784 -0.00209  0.17498
   0.98709 -0.00124  0.18478
   0.99516 -0.00047  0.23888
   1.00000  0.00000  0.33354
