                                                
 Alfa =  10.00000 Re =  4000000.000 Xflap,Yflap =     0.000000    0.000000
#    x        y        Cp  
   1.00000  0.00000  0.46396
   0.99382  0.00093  0.28039
   0.98365  0.00243  0.19229
   0.97222  0.00404  0.13654
   0.95938  0.00578  0.09027
   0.94513  0.00762  0.05404
   0.92979  0.00949  0.02659
   0.91392  0.01137  0.00557
   0.89793  0.01324 -0.01377
   0.88197  0.01512 -0.03541
   0.86601  0.01702 -0.05726
   0.85000  0.01894 -0.08037
   0.83395  0.02088 -0.10261
   0.81785  0.02283 -0.12531
   0.80171  0.02479 -0.14934
   0.78554  0.02676 -0.17326
   0.76937  0.02873 -0.19876
   0.75323  0.03069 -0.22341
   0.73712  0.03263 -0.24914
   0.72106  0.03454 -0.27475
   0.70502  0.03642 -0.30065
   0.68902  0.03826 -0.32652
   0.67303  0.04007 -0.35149
   0.65704  0.04183 -0.37673
   0.64106  0.04356 -0.40269
   0.62507  0.04524 -0.42889
   0.60909  0.04689 -0.45586
   0.59311  0.04848 -0.48371
   0.57716  0.05003 -0.51361
   0.56124  0.05152 -0.54336
   0.54535  0.05294 -0.57436
   0.52950  0.05429 -0.60570
   0.51368  0.05557 -0.63722
   0.49791  0.05675 -0.66828
   0.48217  0.05785 -0.69952
   0.46647  0.05885 -0.73043
   0.45079  0.05975 -0.76141
   0.43512  0.06056 -0.79224
   0.41947  0.06127 -0.82358
   0.40381  0.06187 -0.85498
   0.38813  0.06237 -0.88585
   0.37243  0.06276 -0.91696
   0.35670  0.06304 -0.94944
   0.34094  0.06322 -0.98254
   0.32517  0.06329 -1.01776
   0.30942  0.06327 -1.05617
   0.29371  0.06314 -1.10007
   0.27809  0.06290 -1.15013
   0.26258  0.06254 -1.20357
   0.24720  0.06204 -1.26063
   0.23195  0.06138 -1.31789
   0.21683  0.06055 -1.37838
   0.20180  0.05954 -1.43881
   0.18685  0.05832 -1.49779
   0.17195  0.05689 -1.55928
   0.15710  0.05526 -1.62529
   0.14235  0.05342 -1.70176
   0.12775  0.05138 -1.79267
   0.11342  0.04913 -1.89826
   0.09946  0.04670 -2.03245
   0.08601  0.04408 -2.21842
   0.07333  0.04124 -2.42296
   0.06171  0.03820 -2.62511
   0.05134  0.03505 -2.80793
   0.04225  0.03187 -2.95448
   0.03444  0.02883 -3.12568
   0.02789  0.02607 -3.37205
   0.02242  0.02363 -3.87210
   0.01788  0.02135 -4.52915
   0.01413  0.01911 -4.98910
   0.01103  0.01691 -5.26529
   0.00849  0.01480 -5.48636
   0.00642  0.01279 -5.69382
   0.00472  0.01089 -5.92595
   0.00333  0.00908 -6.11943
   0.00221  0.00734 -6.27893
   0.00134  0.00565 -6.39328
   0.00069  0.00401 -6.37072
   0.00025  0.00239 -6.18046
   0.00003  0.00079 -5.77510
   0.00003 -0.00079 -5.00368
   0.00025 -0.00239 -4.00865
   0.00069 -0.00401 -3.03002
   0.00134 -0.00565 -2.14221
   0.00221 -0.00734 -1.37923
   0.00333 -0.00908 -0.76092
   0.00472 -0.01089 -0.25620
   0.00642 -0.01279  0.13564
   0.00849 -0.01480  0.44043
   0.01103 -0.01691  0.66828
   0.01413 -0.01911  0.83026
   0.01788 -0.02135  0.93492
   0.02242 -0.02363  0.98699
   0.02789 -0.02607  0.99998
   0.03444 -0.02883  0.98730
   0.04225 -0.03187  0.95383
   0.05134 -0.03505  0.90393
   0.06171 -0.03820  0.84491
   0.07333 -0.04124  0.78375
   0.08601 -0.04408  0.72566
   0.09946 -0.04670  0.67312
   0.11342 -0.04913  0.62286
   0.12775 -0.05138  0.57527
   0.14235 -0.05342  0.53178
   0.15710 -0.05526  0.49115
   0.17195 -0.05689  0.45382
   0.18685 -0.05832  0.41957
   0.20180 -0.05954  0.38913
   0.21683 -0.06055  0.36293
   0.23195 -0.06138  0.33996
   0.24720 -0.06204  0.31951
   0.26258 -0.06254  0.30162
   0.27809 -0.06290  0.28566
   0.29371 -0.06314  0.27099
   0.30942 -0.06327  0.25599
   0.32517 -0.06329  0.24183
   0.34094 -0.06322  0.22693
   0.35670 -0.06304  0.21427
   0.37243 -0.06276  0.20227
   0.38813 -0.06237  0.19094
   0.40381 -0.06187  0.18083
   0.41947 -0.06127  0.17268
   0.43512 -0.06056  0.16517
   0.45079 -0.05975  0.15885
   0.46647 -0.05885  0.15327
   0.48217 -0.05785  0.14916
   0.49791 -0.05675  0.14543
   0.51368 -0.05557  0.14335
   0.52950 -0.05429  0.14183
   0.54535 -0.05294  0.14118
   0.56124 -0.05152  0.14081
   0.57716 -0.05003  0.14139
   0.59311 -0.04848  0.14157
   0.60909 -0.04689  0.14242
   0.62507 -0.04524  0.14257
   0.64106 -0.04356  0.14339
   0.65704 -0.04183  0.14387
   0.67303 -0.04007  0.14531
   0.68902 -0.03826  0.14671
   0.70502 -0.03642  0.14870
   0.72106 -0.03454  0.15180
   0.73712 -0.03263  0.15478
   0.75323 -0.03069  0.15783
   0.76937 -0.02873  0.16200
   0.78554 -0.02676  0.16494
   0.80171 -0.02479  0.16881
   0.81785 -0.02283  0.17192
   0.83395 -0.02088  0.17398
   0.85000 -0.01894  0.17798
   0.86601 -0.01702  0.17988
   0.88197 -0.01512  0.18214
   0.89793 -0.01324  0.18452
   0.91392 -0.01137  0.18308
   0.92979 -0.00949  0.18432
   0.94513 -0.00762  0.18802
   0.95938 -0.00578  0.20113
   0.97222 -0.00404  0.22227
   0.98364 -0.00243  0.25418
   0.99382 -0.00093  0.31400
   1.00000  0.00000  0.46396
