                                                
 Alfa =  10.00000 Re =  4000000.000 Xflap,Yflap =     0.000000    0.000000
#    x        y        Cp  
   1.00000  0.00000  0.59374
   0.99348  0.00157  0.38623
   0.98270  0.00415  0.28667
   0.97052  0.00704  0.21694
   0.95678  0.01027  0.15712
   0.94157  0.01380  0.10239
   0.92539  0.01752  0.05192
   0.90885  0.02124  0.00647
   0.89231  0.02488 -0.03205
   0.87577  0.02844 -0.06437
   0.85917  0.03196 -0.09332
   0.84246  0.03546 -0.12093
   0.82564  0.03899 -0.14794
   0.80873  0.04255 -0.17690
   0.79178  0.04616 -0.21189
   0.77487  0.04980 -0.25253
   0.75804  0.05344 -0.29759
   0.74133  0.05702 -0.34298
   0.72470  0.06054 -0.39021
   0.70814  0.06396 -0.43566
   0.69156  0.06727 -0.47703
   0.67492  0.07047 -0.51333
   0.65813  0.07360 -0.54819
   0.64121  0.07665 -0.58251
   0.62414  0.07966 -0.61962
   0.60698  0.08261 -0.65803
   0.58983  0.08552 -0.70628
   0.57278  0.08834 -0.76112
   0.55591  0.09105 -0.81967
   0.53924  0.09361 -0.87966
   0.52278  0.09599 -0.93999
   0.50649  0.09818 -0.99916
   0.49033  0.10016 -1.05251
   0.47423  0.10194 -1.10155
   0.45814  0.10352 -1.14750
   0.44203  0.10492 -1.19338
   0.42586  0.10614 -1.23979
   0.40963  0.10717 -1.28673
   0.39331  0.10803 -1.33686
   0.37693  0.10870 -1.39297
   0.36051  0.10917 -1.45122
   0.34409  0.10942 -1.51068
   0.32778  0.10944 -1.57214
   0.31165  0.10922 -1.63404
   0.29584  0.10875 -1.69830
   0.28043  0.10805 -1.76520
   0.26547  0.10710 -1.83070
   0.25091  0.10589 -1.89244
   0.23665  0.10441 -1.94850
   0.22256  0.10265 -1.99901
   0.20846  0.10054 -2.03592
   0.19409  0.09801 -2.04563
   0.17913  0.09501 -2.02310
   0.16353  0.09158 -2.00541
   0.14781  0.08794 -2.04364
   0.13300  0.08437 -2.18857
   0.11954  0.08084 -2.34616
   0.10714  0.07716 -2.47892
   0.09528  0.07312 -2.50799
   0.08350  0.06862 -2.42950
   0.07212  0.06408 -2.51346
   0.06208  0.05993 -2.84660
   0.05357  0.05600 -3.14423
   0.04629  0.05207 -3.26713
   0.03993  0.04810 -3.24923
   0.03429  0.04414 -3.19573
   0.02927  0.04023 -3.12467
   0.02481  0.03641 -3.03944
   0.02081  0.03269 -2.92643
   0.01723  0.02909 -2.81880
   0.01403  0.02571 -2.75413
   0.01121  0.02261 -2.81660
   0.00878  0.01980 -2.98329
   0.00672  0.01725 -3.16202
   0.00501  0.01490 -3.34095
   0.00359  0.01271 -3.49995
   0.00242  0.01065 -3.64340
   0.00150  0.00867 -3.72715
   0.00079  0.00678 -3.75470
   0.00029  0.00494 -3.67883
   0.00000  0.00313 -3.47882
  -0.00008  0.00135 -3.14602
   0.00005 -0.00041 -2.64495
   0.00041 -0.00218 -2.02579
   0.00098 -0.00396 -1.42133
   0.00176 -0.00574 -0.89200
   0.00276 -0.00754 -0.42694
   0.00399 -0.00934 -0.04897
   0.00545 -0.01113  0.26389
   0.00717 -0.01292  0.50863
   0.00918 -0.01467  0.69973
   0.01150 -0.01634  0.83933
   0.01416 -0.01786  0.93433
   0.01719 -0.01918  0.98501
   0.02066 -0.02032  0.99992
   0.02461 -0.02133  0.99307
   0.02911 -0.02231  0.97418
   0.03424 -0.02328  0.94676
   0.04010 -0.02420  0.91330
   0.04676 -0.02503  0.87648
   0.05436 -0.02571  0.84164
   0.06311 -0.02623  0.81166
   0.07333 -0.02670  0.78588
   0.08523 -0.02734  0.75080
   0.09868 -0.02813  0.70729
   0.11338 -0.02886  0.66870
   0.12902 -0.02946  0.63530
   0.14530 -0.02993  0.60634
   0.16199 -0.03031  0.57982
   0.17899 -0.03061  0.55582
   0.19624 -0.03085  0.53362
   0.21363 -0.03105  0.51226
   0.23106 -0.03120  0.49184
   0.24846 -0.03128  0.47280
   0.26578 -0.03130  0.45557
   0.28300 -0.03124  0.44018
   0.30013 -0.03110  0.42706
   0.31720 -0.03086  0.41784
   0.33427 -0.03056  0.41092
   0.35135 -0.03022  0.40515
   0.36847 -0.02987  0.40016
   0.38565 -0.02954  0.39556
   0.40287 -0.02926  0.38979
   0.42013 -0.02905  0.38222
   0.43742 -0.02891  0.37360
   0.45472 -0.02884  0.36398
   0.47201 -0.02884  0.35338
   0.48930 -0.02892  0.34164
   0.50658 -0.02906  0.32823
   0.52384 -0.02927  0.31255
   0.54107 -0.02950  0.29560
   0.55828 -0.02974  0.27837
   0.57548 -0.02997  0.26090
   0.59266 -0.03015  0.24384
   0.60984 -0.03025  0.22862
   0.62703 -0.03027  0.21501
   0.64422 -0.03021  0.20246
   0.66140 -0.03006  0.19065
   0.67857 -0.02982  0.17997
   0.69570 -0.02950  0.16890
   0.71277 -0.02908  0.15847
   0.72974 -0.02856  0.14852
   0.74659 -0.02794  0.13880
   0.76334 -0.02720  0.13100
   0.78001 -0.02633  0.12420
   0.79661 -0.02532  0.11969
   0.81320 -0.02417  0.11801
   0.82982 -0.02286  0.11913
   0.84648 -0.02140  0.12220
   0.86317 -0.01980  0.12696
   0.87985 -0.01806  0.13379
   0.89643 -0.01621  0.14148
   0.91280 -0.01427  0.14779
   0.92876 -0.01221  0.15785
   0.94400 -0.01006  0.17483
   0.95818 -0.00785  0.20311
   0.97113 -0.00563  0.24457
   0.98285 -0.00345  0.30111
   0.99347 -0.00136  0.39127
   1.00000  0.00000  0.59374
