                                                
 Alfa =  10.00000 Re =  4000000.000 Xflap,Yflap =     0.000000    0.000000
#    x        y        Cp  
   1.00000  0.00000  0.68751
   0.99296  0.00239  0.47404
   0.98145  0.00635  0.36495
   0.96872  0.01081  0.28250
   0.95472  0.01580  0.20605
   0.93967  0.02127  0.12367
   0.92401  0.02699  0.03284
   0.90815  0.03268 -0.05886
   0.89225  0.03815 -0.13889
   0.87626  0.04335 -0.20241
   0.86008  0.04832 -0.25770
   0.84364  0.05311 -0.30615
   0.82686  0.05774 -0.34906
   0.80968  0.06225 -0.38813
   0.79205  0.06666 -0.42289
   0.77391  0.07100 -0.45538
   0.75528  0.07529 -0.48571
   0.73620  0.07954 -0.51701
   0.71683  0.08377 -0.55105
   0.69742  0.08794 -0.59176
   0.67826  0.09203 -0.64993
   0.65957  0.09594 -0.71263
   0.64140  0.09961 -0.77735
   0.62367  0.10300 -0.83923
   0.60622  0.10612 -0.89580
   0.58884  0.10894 -0.93419
   0.57129  0.11153 -0.95726
   0.55335  0.11396 -0.97337
   0.53492  0.11629 -0.98958
   0.51595  0.11857 -1.00850
   0.49658  0.12087 -1.04093
   0.47707  0.12318 -1.10276
   0.45774  0.12542 -1.17868
   0.43879  0.12752 -1.26294
   0.42031  0.12942 -1.35199
   0.40230  0.13107 -1.44092
   0.38470  0.13246 -1.52661
   0.36741  0.13357 -1.60848
   0.35038  0.13441 -1.68904
   0.33351  0.13497 -1.76949
   0.31676  0.13525 -1.85032
   0.30006  0.13524 -1.93008
   0.28335  0.13491 -2.01097
   0.26659  0.13427 -2.09326
   0.24984  0.13329 -2.17687
   0.23322  0.13197 -2.26609
   0.21692  0.13034 -2.36177
   0.20116  0.12842 -2.46853
   0.18615  0.12626 -2.61144
   0.17199  0.12385 -2.76780
   0.15866  0.12114 -2.91226
   0.14601  0.11810 -3.03331
   0.13392  0.11467 -3.11169
   0.12230  0.11087 -3.16628
   0.11116  0.10672 -3.19808
   0.10056  0.10227 -3.21562
   0.09056  0.09758 -3.21781
   0.08123  0.09273 -3.20661
   0.07255  0.08775 -3.17317
   0.06449  0.08266 -3.10982
   0.05702  0.07753 -3.04028
   0.05018  0.07246 -2.96873
   0.04400  0.06754 -2.93526
   0.03850  0.06285 -2.90963
   0.03364  0.05838 -2.88014
   0.02935  0.05411 -2.83468
   0.02554  0.05001 -2.76058
   0.02216  0.04604 -2.63255
   0.01911  0.04218 -2.46125
   0.01632  0.03843 -2.30441
   0.01376  0.03482 -2.18315
   0.01138  0.03139 -2.13547
   0.00920  0.02816 -2.18225
   0.00726  0.02514 -2.24224
   0.00556  0.02231 -2.31560
   0.00410  0.01964 -2.37689
   0.00285  0.01711 -2.42553
   0.00182  0.01469 -2.45723
   0.00099  0.01238 -2.46384
   0.00035  0.01014 -2.42007
  -0.00010  0.00797 -2.34476
  -0.00035  0.00584 -2.19635
  -0.00042  0.00376 -1.98720
  -0.00028  0.00171 -1.70564
   0.00007 -0.00032 -1.35792
   0.00064 -0.00235 -0.95172
   0.00143 -0.00437 -0.56897
   0.00244 -0.00638 -0.22333
   0.00368 -0.00838  0.07491
   0.00513 -0.01036  0.32395
   0.00683 -0.01231  0.52872
   0.00877 -0.01421  0.69205
   0.01098 -0.01602  0.81734
   0.01347 -0.01770  0.90793
   0.01625 -0.01920  0.96551
   0.01934 -0.02053  0.99330
   0.02276 -0.02175  0.99998
   0.02655 -0.02290  0.99413
   0.03072 -0.02407  0.98051
   0.03534 -0.02525  0.96135
   0.04048 -0.02647  0.93813
   0.04622 -0.02773  0.91163
   0.05265 -0.02906  0.88186
   0.05983 -0.03047  0.84727
   0.06784 -0.03192  0.80857
   0.07676 -0.03336  0.76747
   0.08676 -0.03471  0.72857
   0.09802 -0.03597  0.69090
   0.11054 -0.03717  0.64901
   0.12396 -0.03822  0.60562
   0.13785 -0.03898  0.56432
   0.15198 -0.03938  0.53069
   0.16652 -0.03935  0.50947
   0.18181 -0.03892  0.49767
   0.19811 -0.03813  0.49177
   0.21545 -0.03706  0.48791
   0.23354 -0.03577  0.48677
   0.25203 -0.03435  0.48786
   0.27059 -0.03291  0.49029
   0.28901 -0.03153  0.49291
   0.30724 -0.03031  0.49309
   0.32533 -0.02928  0.48974
   0.34336 -0.02843  0.48510
   0.36140 -0.02777  0.47853
   0.37951 -0.02730  0.47084
   0.39777 -0.02702  0.46106
   0.41624 -0.02692  0.44844
   0.43498 -0.02701  0.43321
   0.45402 -0.02725  0.41635
   0.47337 -0.02761  0.39772
   0.49299 -0.02805  0.37793
   0.51277 -0.02855  0.35752
   0.53259 -0.02907  0.33664
   0.55234 -0.02956  0.31575
   0.57192 -0.03000  0.29550
   0.59128 -0.03036  0.27561
   0.61041 -0.03060  0.25724
   0.62930 -0.03072  0.24046
   0.64798 -0.03070  0.22598
   0.66651 -0.03052  0.21231
   0.68495 -0.03017  0.20196
   0.70339 -0.02964  0.19420
   0.72196 -0.02892  0.19213
   0.74076 -0.02803  0.19243
   0.75983 -0.02699  0.19383
   0.77918 -0.02583  0.19576
   0.79874 -0.02460  0.19624
   0.81837 -0.02332  0.19182
   0.83786 -0.02199  0.18490
   0.85700 -0.02057  0.17899
   0.87559 -0.01905  0.17505
   0.89346 -0.01742  0.17374
   0.91053 -0.01566  0.17356
   0.92668 -0.01375  0.17859
   0.94187 -0.01166  0.19462
   0.95605 -0.00938  0.22626
   0.96923 -0.00694  0.27672
   0.98147 -0.00439  0.34875
   0.99285 -0.00177  0.45937
   1.00000  0.00000  0.68751
