                                                
 Alfa =  10.00000 Re =  4000000.000 Xflap,Yflap =     0.000000    0.000000
#    x        y        Cp  
   1.00000  0.00000  0.46182
   0.99467  0.00214  0.07397
   0.98509  0.00485  0.09882
   0.97245  0.00798  0.08720
   0.95862  0.01138  0.03233
   0.94468  0.01466  0.01585
   0.93014  0.01803  0.00212
   0.91517  0.02154 -0.02219
   0.90020  0.02511 -0.04829
   0.88535  0.02870 -0.07834
   0.87054  0.03231 -0.10864
   0.85568  0.03593 -0.13800
   0.84078  0.03952 -0.15988
   0.82588  0.04309 -0.17615
   0.81103  0.04667 -0.19297
   0.79624  0.05029 -0.21232
   0.78150  0.05397 -0.23616
   0.76679  0.05771 -0.26261
   0.75209  0.06153 -0.29241
   0.73736  0.06543 -0.32867
   0.72257  0.06940 -0.36863
   0.70772  0.07343 -0.41035
   0.69282  0.07748 -0.45202
   0.67795  0.08151 -0.48863
   0.66317  0.08553 -0.52261
   0.64851  0.08956 -0.56087
   0.63396  0.09364 -0.60399
   0.61945  0.09780 -0.66395
   0.60489  0.10205 -0.73931
   0.59026  0.10638 -0.82499
   0.57556  0.11073 -0.92423
   0.56091  0.11505 -1.03909
   0.54642  0.11923 -1.16916
   0.53220  0.12319 -1.30843
   0.51824  0.12685 -1.44764
   0.50450  0.13017 -1.58246
   0.49088  0.13312 -1.69688
   0.47728  0.13571 -1.79223
   0.46364  0.13797 -1.87727
   0.44991  0.13989 -1.95251
   0.43608  0.14149 -2.01763
   0.42215  0.14274 -2.07041
   0.40815  0.14367 -2.11326
   0.39408  0.14428 -2.14910
   0.37994  0.14458 -2.18013
   0.36572  0.14459 -2.20824
   0.35139  0.14432 -2.23615
   0.33696  0.14376 -2.26198
   0.32247  0.14294 -2.29327
   0.30802  0.14188 -2.33534
   0.29372  0.14058 -2.39981
   0.27968  0.13902 -2.46948
   0.26592  0.13718 -2.53679
   0.25237  0.13500 -2.58479
   0.23892  0.13244 -2.59645
   0.22544  0.12949 -2.58256
   0.21186  0.12614 -2.55957
   0.19820  0.12245 -2.53749
   0.18460  0.11845 -2.53562
   0.17120  0.11419 -2.54477
   0.15804  0.10968 -2.55210
   0.14506  0.10486 -2.55624
   0.13213  0.09967 -2.54990
   0.11920  0.09407 -2.53740
   0.10645  0.08813 -2.52774
   0.09428  0.08205 -2.53422
   0.08289  0.07596 -2.54509
   0.07199  0.06968 -2.55453
   0.06083  0.06271 -2.53960
   0.04860  0.05441 -2.50968
   0.03743  0.04620 -2.55875
   0.02949  0.03994 -2.75978
   0.02358  0.03483 -2.93473
   0.01862  0.03000 -3.06359
   0.01391  0.02468 -2.98299
   0.00922  0.01854 -2.76751
   0.00583  0.01369 -2.77018
   0.00360  0.01038 -3.18252
   0.00203  0.00790 -3.97051
   0.00096  0.00587 -4.79410
   0.00027  0.00409 -5.60595
  -0.00010  0.00247 -6.17800
  -0.00015  0.00094 -6.19806
   0.00016 -0.00055 -5.08771
   0.00084 -0.00204 -3.36603
   0.00191 -0.00357 -1.95171
   0.00342 -0.00516 -0.90422
   0.00543 -0.00678 -0.17876
   0.00808 -0.00838  0.35533
   0.01161 -0.00991  0.71684
   0.01626 -0.01135  0.90826
   0.02216 -0.01286  0.98183
   0.02955 -0.01450  0.99995
   0.03858 -0.01608  0.98318
   0.04931 -0.01739  0.94813
   0.06190 -0.01847  0.90999
   0.07601 -0.01959  0.87006
   0.09070 -0.02080  0.82748
   0.10530 -0.02191  0.78770
   0.11988 -0.02283  0.75476
   0.13475 -0.02363  0.72658
   0.14999 -0.02437  0.70073
   0.16544 -0.02509  0.67543
   0.18087 -0.02578  0.65195
   0.19634 -0.02647  0.62903
   0.21171 -0.02714  0.60623
   0.22696 -0.02777  0.58434
   0.24211 -0.02833  0.56426
   0.25722 -0.02881  0.54711
   0.27237 -0.02920  0.53350
   0.28759 -0.02954  0.52151
   0.30289 -0.02987  0.50953
   0.31826 -0.03022  0.49593
   0.33363 -0.03059  0.48081
   0.34898 -0.03096  0.46484
   0.36430 -0.03130  0.44936
   0.37959 -0.03160  0.43536
   0.39490 -0.03185  0.42311
   0.41024 -0.03206  0.41084
   0.42561 -0.03223  0.39935
   0.44100 -0.03236  0.38743
   0.45637 -0.03246  0.37456
   0.47169 -0.03252  0.36194
   0.48696 -0.03251  0.34972
   0.50216 -0.03243  0.33800
   0.51730 -0.03228  0.32813
   0.53238 -0.03203  0.31894
   0.54743 -0.03169  0.31166
   0.56248 -0.03125  0.30551
   0.57756 -0.03071  0.30368
   0.59273 -0.03008  0.30386
   0.60798 -0.02941  0.30386
   0.62329 -0.02872  0.30284
   0.63860 -0.02805  0.29624
   0.65384 -0.02740  0.28607
   0.66896 -0.02672  0.27429
   0.68397 -0.02597  0.26397
   0.69890 -0.02511  0.25696
   0.71385 -0.02412  0.25353
   0.72882 -0.02300  0.25236
   0.74381 -0.02175  0.25313
   0.75873 -0.02039  0.25302
   0.77349 -0.01890  0.25370
   0.78805 -0.01727  0.25920
   0.80247 -0.01545  0.26957
   0.81689 -0.01340  0.29315
   0.83145 -0.01118  0.32381
   0.84622 -0.00885  0.35472
   0.86113 -0.00653  0.38510
   0.87602 -0.00433  0.41197
   0.89069 -0.00232  0.43645
   0.90495 -0.00060  0.45899
   0.91877  0.00079  0.47735
   0.93233  0.00180  0.49130
   0.94603  0.00241  0.49192
   0.95988  0.00268  0.49378
   0.97292  0.00266  0.51845
   0.98435  0.00215  0.53049
   0.99421  0.00106  0.51014
   1.00000  0.00000  0.46182
