                                                
 Alfa =  10.00000 Re =  4000000.000 Xflap,Yflap =     0.000000    0.000000
#    x        y        Cp  
   1.00000  0.01969  0.61077
   0.99005  0.02646  0.42044
   0.97587  0.03510  0.24081
   0.96225  0.04274  0.12989
   0.94925  0.04966  0.03102
   0.93702  0.05589 -0.04098
   0.92564  0.06154 -0.16900
   0.91500  0.06634 -0.14834
   0.90467  0.07106 -0.19193
   0.89393  0.07610 -0.39471
   0.88172  0.08110 -0.37275
   0.86794  0.08652 -0.43430
   0.85296  0.09214 -0.50984
   0.83649  0.09789 -0.55673
   0.81829  0.10383 -0.60610
   0.79826  0.10993 -0.64921
   0.77626  0.11622 -0.69212
   0.75223  0.12270 -0.73821
   0.72650  0.12930 -0.79757
   0.69954  0.13588 -0.86531
   0.67207  0.14225 -0.94819
   0.64459  0.14824 -1.03243
   0.61748  0.15375 -1.12465
   0.59102  0.15870 -1.21942
   0.56525  0.16306 -1.31708
   0.54010  0.16679 -1.40642
   0.51522  0.16992 -1.47788
   0.49035  0.17250 -1.53851
   0.46536  0.17458 -1.58710
   0.44036  0.17624 -1.64684
   0.41578  0.17749 -1.72195
   0.39205  0.17831 -1.80765
   0.36949  0.17869 -1.89471
   0.34818  0.17864 -1.96226
   0.32818  0.17823 -2.02570
   0.30959  0.17754 -2.08999
   0.29259  0.17667 -2.15417
   0.27725  0.17568 -2.22011
   0.26357  0.17463 -2.29941
   0.25133  0.17354 -2.34996
   0.24035  0.17246 -2.41483
   0.23056  0.17144 -2.56151
   0.22183  0.17037 -2.65930
   0.21393  0.16918 -2.52423
   0.20665  0.16805 -2.36116
   0.19983  0.16721 -2.40131
   0.19338  0.16669 -2.89422
   0.18726  0.16620 -3.55208
   0.18141  0.16543 -4.12618
   0.17575  0.16417 -4.04054
   0.17014  0.16247 -3.55856
   0.16444  0.16053 -3.06751
   0.15856  0.15859 -2.80333
   0.15247  0.15680 -2.94412
   0.14622  0.15506 -3.22124
   0.13986  0.15321 -3.50775
   0.13340  0.15108 -3.59099
   0.12684  0.14868 -3.59384
   0.12016  0.14602 -3.57533
   0.11343  0.14315 -3.60927
   0.10671  0.14009 -3.65567
   0.10006  0.13683 -3.68395
   0.09350  0.13335 -3.66322
   0.08704  0.12966 -3.64278
   0.08073  0.12580 -3.63379
   0.07458  0.12177 -3.59585
   0.06863  0.11758 -3.54864
   0.06289  0.11326 -3.50471
   0.05739  0.10882 -3.45120
   0.05212  0.10428 -3.39087
   0.04712  0.09964 -3.31309
   0.04238  0.09492 -3.22756
   0.03790  0.09012 -3.12670
   0.03370  0.08527 -3.01918
   0.02975  0.08036 -2.90262
   0.02608  0.07542 -2.77571
   0.02267  0.07046 -2.64216
   0.01951  0.06547 -2.50112
   0.01662  0.06048 -2.35575
   0.01397  0.05549 -2.20203
   0.01158  0.05051 -2.04858
   0.00943  0.04554 -1.88605
   0.00751  0.04061 -1.72011
   0.00583  0.03570 -1.55941
   0.00437  0.03083 -1.39593
   0.00313  0.02601 -1.23345
   0.00210  0.02124 -1.06970
   0.00128  0.01653 -0.91135
   0.00067  0.01188 -0.75579
   0.00026  0.00730 -0.60282
   0.00004  0.00280 -0.45502
   0.00001 -0.00163 -0.31132
   0.00018 -0.00605 -0.16482
   0.00056 -0.01048 -0.02485
   0.00115 -0.01491  0.11484
   0.00196 -0.01934  0.24861
   0.00301 -0.02374  0.37752
   0.00428 -0.02811  0.49593
   0.00579 -0.03245  0.60402
   0.00753 -0.03675  0.69948
   0.00951 -0.04100  0.78200
   0.01174 -0.04519  0.85132
   0.01422 -0.04933  0.90703
   0.01695 -0.05341  0.94906
   0.01993 -0.05742  0.97807
   0.02316 -0.06134  0.99464
   0.02665 -0.06520  1.00000
   0.03040 -0.06897  0.99511
   0.03442 -0.07266  0.98126
   0.03871 -0.07626  0.95960
   0.04328 -0.07977  0.93144
   0.04815 -0.08319  0.89797
   0.05331 -0.08651  0.86047
   0.05879 -0.08973  0.81971
   0.06459 -0.09286  0.77626
   0.07072 -0.09588  0.73140
   0.07721 -0.09878  0.68582
   0.08407 -0.10157  0.64108
   0.09132 -0.10422  0.59621
   0.09897 -0.10675  0.54997
   0.10704 -0.10911  0.50766
   0.11559 -0.11129  0.47007
   0.12461 -0.11330  0.43282
   0.13409 -0.11510  0.39741
   0.14409 -0.11663  0.37716
   0.15473 -0.11797  0.37526
   0.16593 -0.11930  0.33778
   0.17737 -0.12046  0.26932
   0.18929 -0.12099  0.29180
   0.20249 -0.12119  0.33734
   0.21743 -0.12158  0.30715
   0.23454 -0.12185  0.29946
   0.25458 -0.12200  0.29108
   0.27758 -0.12204  0.27471
   0.30338 -0.12195  0.25280
   0.33116 -0.12162  0.22946
   0.36024 -0.12095  0.20800
   0.39035 -0.11989  0.19134
   0.42131 -0.11844  0.17835
   0.45285 -0.11666  0.16360
   0.48417 -0.11459  0.14526
   0.51500 -0.11217  0.13108
   0.54545 -0.10933  0.12237
   0.57596 -0.10600  0.12112
   0.60698 -0.10217  0.12574
   0.63881 -0.09782  0.13380
   0.67170 -0.09295  0.14744
   0.70558 -0.08769  0.15940
   0.73953 -0.08228  0.16582
   0.77212 -0.07694  0.16433
   0.80242 -0.07173  0.16148
   0.83054 -0.06647  0.16726
   0.85698 -0.06105  0.18209
   0.88207 -0.05542  0.20732
   0.90591 -0.04960  0.24060
   0.92851 -0.04364  0.28232
   0.94981 -0.03760  0.33681
   0.96969 -0.03155  0.39828
   0.98817 -0.02534  0.51318
   1.00000 -0.02080  0.61077
