                                                
 Alfa =  10.00000 Re =  4000000.000 Xflap,Yflap =     0.000000    0.000000
#    x        y        Cp  
   1.00000  0.00000  0.39782
   0.99540  0.00317 -0.06596
   0.98714  0.00765 -0.11155
   0.97726  0.01238 -0.21990
   0.96628  0.01712 -0.26725
   0.95391  0.02199 -0.29234
   0.93991  0.02719 -0.31876
   0.92484  0.03255 -0.35829
   0.90940  0.03785 -0.39067
   0.89373  0.04306 -0.42504
   0.87777  0.04822 -0.45899
   0.86144  0.05337 -0.48579
   0.84491  0.05851 -0.52361
   0.82849  0.06353 -0.56747
   0.81192  0.06847 -0.59316
   0.79512  0.07342 -0.63412
   0.77856  0.07824 -0.68379
   0.76202  0.08293 -0.71213
   0.74521  0.08763 -0.74674
   0.72854  0.09226 -0.80496
   0.71209  0.09673 -0.84406
   0.69544  0.10114 -0.87170
   0.67874  0.10557 -0.92831
   0.66237  0.10985 -0.99601
   0.64607  0.11395 -1.02796
   0.62948  0.11805 -1.05848
   0.61286  0.12218 -1.12919
   0.59643  0.12621 -1.20899
   0.57987  0.13013 -1.25514
   0.56299  0.13406 -1.31414
   0.54626  0.13794 -1.41332
   0.52987  0.14164 -1.51102
   0.51330  0.14520 -1.57759
   0.49640  0.14877 -1.67098
   0.47989  0.15220 -1.82258
   0.46400  0.15534 -1.97073
   0.44811  0.15823 -2.08883
   0.43214  0.16094 -2.24002
   0.41696  0.16332 -2.46863
   0.40274  0.16521 -2.66952
   0.38875  0.16659 -2.77052
   0.37436  0.16759 -2.83420
   0.35979  0.16827 -2.95798
   0.34567  0.16857 -3.09949
   0.33184  0.16840 -3.17104
   0.31773  0.16779 -3.17924
   0.30325  0.16679 -3.21844
   0.28900  0.16547 -3.31718
   0.27514  0.16376 -3.37476
   0.26119  0.16160 -3.35621
   0.24693  0.15901 -3.36229
   0.23296  0.15613 -3.44570
   0.21951  0.15293 -3.48894
   0.20609  0.14925 -3.43892
   0.19241  0.14509 -3.40469
   0.17895  0.14063 -3.44138
   0.16592  0.13587 -3.43493
   0.15284  0.13062 -3.36124
   0.13975  0.12498 -3.36196
   0.12733  0.11923 -3.41977
   0.11534  0.11312 -3.35295
   0.10322  0.10644 -3.25464
   0.09144  0.09957 -3.30513
   0.08048  0.09265 -3.30952
   0.06985  0.08535 -3.21122
   0.05967  0.07787 -3.23212
   0.05046  0.07055 -3.26149
   0.04197  0.06314 -3.15490
   0.03422  0.05588 -3.17643
   0.02764  0.04921 -3.27576
   0.02213  0.04297 -3.19059
   0.01743  0.03711 -3.08023
   0.01346  0.03181 -3.08634
   0.01019  0.02715 -3.15491
   0.00754  0.02306 -3.32173
   0.00541  0.01944 -3.50914
   0.00372  0.01617 -3.66048
   0.00240  0.01316 -3.77186
   0.00138  0.01037 -3.84955
   0.00063  0.00775 -3.96280
   0.00014  0.00530 -4.09458
  -0.00010  0.00301 -4.17743
  -0.00008  0.00087 -4.13254
   0.00019 -0.00115 -4.10480
   0.00079 -0.00306 -3.83986
   0.00177 -0.00480 -3.16018
   0.00310 -0.00621 -2.53202
   0.00473 -0.00705 -1.30751
   0.00666 -0.00721  0.11066
   0.00888 -0.00695  0.66673
   0.01136 -0.00663  0.83710
   0.01410 -0.00643  0.90667
   0.01717 -0.00631  0.95005
   0.02073 -0.00617  0.97987
   0.02490 -0.00597  0.99595
   0.02987 -0.00564  0.99988
   0.03585 -0.00516  0.99342
   0.04311 -0.00446  0.97811
   0.05187 -0.00345  0.95584
   0.06241 -0.00197  0.93207
   0.07505 -0.00014  0.90604
   0.08921  0.00194  0.87954
   0.10418  0.00418  0.85974
   0.11988  0.00637  0.83636
   0.13604  0.00861  0.81903
   0.15215  0.01075  0.80440
   0.16867  0.01277  0.78573
   0.18542  0.01480  0.77387
   0.20197  0.01670  0.76272
   0.21877  0.01848  0.74789
   0.23572  0.02026  0.73912
   0.25233  0.02192  0.73222
   0.26909  0.02342  0.71987
   0.28624  0.02489  0.70999
   0.30318  0.02630  0.70529
   0.31990  0.02755  0.69617
   0.33691  0.02871  0.68478
   0.35401  0.02987  0.67994
   0.37076  0.03093  0.67556
   0.38746  0.03183  0.66558
   0.40444  0.03269  0.65535
   0.42140  0.03358  0.65291
   0.43809  0.03436  0.64902
   0.45479  0.03502  0.63788
   0.47168  0.03567  0.62942
   0.48861  0.03637  0.62829
   0.50544  0.03701  0.62469
   0.52228  0.03756  0.61511
   0.53918  0.03814  0.60976
   0.55604  0.03878  0.61121
   0.57273  0.03933  0.60647
   0.58914  0.03983  0.59616
   0.60545  0.04046  0.59515
   0.62202  0.04126  0.60329
   0.63899  0.04207  0.60866
   0.65615  0.04285  0.60993
   0.67297  0.04364  0.62163
   0.68917  0.04433  0.63279
   0.70522  0.04476  0.63736
   0.72159  0.04498  0.63795
   0.73779  0.04505  0.64459
   0.75348  0.04486  0.65003
   0.76917  0.04437  0.64693
   0.78508  0.04364  0.64738
   0.80071  0.04269  0.65072
   0.81614  0.04144  0.64701
   0.83174  0.03990  0.64294
   0.84722  0.03814  0.64350
   0.86236  0.03611  0.63999
   0.87742  0.03377  0.63412
   0.89239  0.03115  0.62835
   0.90714  0.02824  0.62185
   0.92165  0.02506  0.61174
   0.93591  0.02160  0.60426
   0.94965  0.01790  0.59076
   0.96245  0.01410  0.57332
   0.97437  0.01021  0.55105
   0.98565  0.00621  0.52538
   0.99502  0.00260  0.55071
   1.00000  0.00000  0.39782
