                                                
 Alfa =  10.00000 Re =  4000000.000 Xflap,Yflap =     0.000000    0.000000
#    x        y        Cp  
   1.00000  0.00000  0.29031
   0.99460  0.00018  0.27617
   0.98426  0.00080  0.21666
   0.97169  0.00179  0.16576
   0.95789  0.00303  0.12377
   0.94350  0.00439  0.09094
   0.92892  0.00579  0.06554
   0.91433  0.00722  0.04480
   0.89977  0.00866  0.02577
   0.88524  0.01014  0.01056
   0.87074  0.01166 -0.00926
   0.85624  0.01322 -0.02771
   0.84172  0.01482 -0.04609
   0.82719  0.01646 -0.06527
   0.81264  0.01814 -0.08644
   0.79808  0.01985 -0.10468
   0.78351  0.02158 -0.12638
   0.76893  0.02333 -0.14695
   0.75434  0.02511 -0.16826
   0.73973  0.02690 -0.18933
   0.72511  0.02871 -0.21370
   0.71048  0.03053 -0.23642
   0.69583  0.03235 -0.26036
   0.68120  0.03417 -0.28486
   0.66657  0.03598 -0.31163
   0.65195  0.03779 -0.33715
   0.63735  0.03957 -0.36343
   0.62278  0.04134 -0.39161
   0.60822  0.04307 -0.42020
   0.59370  0.04478 -0.44861
   0.57919  0.04644 -0.47881
   0.56470  0.04806 -0.50723
   0.55023  0.04964 -0.53875
   0.53577  0.05116 -0.56866
   0.52132  0.05262 -0.59878
   0.50688  0.05402 -0.63107
   0.49245  0.05536 -0.66255
   0.47804  0.05664 -0.69499
   0.46363  0.05784 -0.72745
   0.44924  0.05897 -0.76205
   0.43486  0.06002 -0.79523
   0.42049  0.06099 -0.83073
   0.40613  0.06187 -0.86780
   0.39179  0.06266 -0.90314
   0.37747  0.06335 -0.94253
   0.36317  0.06395 -0.98064
   0.34889  0.06444 -1.02169
   0.33464  0.06482 -1.06223
   0.32041  0.06508 -1.10494
   0.30621  0.06522 -1.14837
   0.29205  0.06523 -1.19336
   0.27792  0.06510 -1.23928
   0.26382  0.06483 -1.28514
   0.24975  0.06441 -1.33345
   0.23572  0.06383 -1.38300
   0.22173  0.06310 -1.43543
   0.20779  0.06220 -1.49108
   0.19392  0.06112 -1.54843
   0.18011  0.05987 -1.61130
   0.16639  0.05841 -1.67666
   0.15275  0.05676 -1.75017
   0.13922  0.05489 -1.82857
   0.12583  0.05279 -1.91644
   0.11264  0.05046 -2.01669
   0.09968  0.04787 -2.12528
   0.08694  0.04499 -2.24994
   0.07451  0.04181 -2.39000
   0.06259  0.03835 -2.55999
   0.05136  0.03464 -2.75384
   0.04075  0.03062 -2.98334
   0.03119  0.02644 -3.25823
   0.02347  0.02254 -3.62822
   0.01744  0.01896 -3.95844
   0.01258  0.01557 -4.18859
   0.00876  0.01251 -4.44086
   0.00591  0.00998 -5.05741
   0.00383  0.00787 -6.15311
   0.00234  0.00596 -6.97780
   0.00130  0.00415 -7.34786
   0.00061  0.00237 -7.37776
   0.00025  0.00065 -7.41912
   0.00021 -0.00094 -7.36814
   0.00056 -0.00240 -6.37147
   0.00133 -0.00371 -3.77398
   0.00258 -0.00496 -1.63308
   0.00437 -0.00622 -0.31792
   0.00686 -0.00760  0.36546
   0.01021 -0.00923  0.71468
   0.01458 -0.01100  0.90696
   0.01977 -0.01273  0.98489
   0.02616 -0.01449  0.99911
   0.03481 -0.01644  0.97140
   0.04619 -0.01854  0.91516
   0.05839 -0.02035  0.85500
   0.07097 -0.02186  0.79951
   0.08429 -0.02319  0.74838
   0.09812 -0.02432  0.70240
   0.11207 -0.02527  0.66230
   0.12607 -0.02605  0.62712
   0.14021 -0.02671  0.59625
   0.15447 -0.02724  0.56819
   0.16881 -0.02768  0.54339
   0.18322 -0.02803  0.52103
   0.19766 -0.02830  0.50021
   0.21213 -0.02850  0.48204
   0.22664 -0.02864  0.46441
   0.24117 -0.02872  0.44872
   0.25574 -0.02875  0.43421
   0.27032 -0.02873  0.42042
   0.28493 -0.02868  0.40795
   0.29955 -0.02858  0.39584
   0.31419 -0.02846  0.38474
   0.32884 -0.02830  0.37387
   0.34349 -0.02811  0.36352
   0.35815 -0.02790  0.35445
   0.37281 -0.02766  0.34424
   0.38748 -0.02740  0.33640
   0.40217 -0.02712  0.32763
   0.41686 -0.02681  0.32034
   0.43157 -0.02649  0.31195
   0.44627 -0.02616  0.30462
   0.46098 -0.02580  0.29674
   0.47568 -0.02544  0.29035
   0.49038 -0.02505  0.28291
   0.50509 -0.02465  0.27697
   0.51980 -0.02424  0.27026
   0.53452 -0.02381  0.26365
   0.54924 -0.02337  0.25766
   0.56395 -0.02292  0.25138
   0.57866 -0.02246  0.24591
   0.59338 -0.02198  0.23930
   0.60809 -0.02149  0.23388
   0.62281 -0.02099  0.22857
   0.63754 -0.02048  0.22356
   0.65226 -0.01996  0.21694
   0.66698 -0.01943  0.21279
   0.68169 -0.01889  0.20557
   0.69640 -0.01833  0.20076
   0.71110 -0.01776  0.19633
   0.72580 -0.01717  0.18951
   0.74050 -0.01657  0.18550
   0.75520 -0.01596  0.18070
   0.76990 -0.01533  0.17459
   0.78460 -0.01469  0.16904
   0.79928 -0.01403  0.16469
   0.81395 -0.01335  0.15800
   0.82860 -0.01265  0.15258
   0.84324 -0.01193  0.14776
   0.85785 -0.01117  0.14137
   0.87245 -0.01039  0.13611
   0.88702 -0.00956  0.13063
   0.90150 -0.00869  0.12246
   0.91582 -0.00776  0.11554
   0.92994 -0.00672  0.11315
   0.94386 -0.00555  0.11769
   0.95771 -0.00422  0.13707
   0.97147 -0.00275  0.17210
   0.98418 -0.00137  0.22540
   0.99459 -0.00039  0.28053
   1.00000  0.00000  0.29031
