                                                
 Alfa =  10.00000 Re =  4000000.000 Xflap,Yflap =     0.000000    0.000000
#    x        y        Cp  
   1.00000  0.00289  0.38788
   0.99379  0.00491  0.34337
   0.98335  0.00892  0.26590
   0.97122  0.01414  0.14475
   0.95771  0.02014  0.01859
   0.94371  0.02628 -0.10114
   0.92985  0.03212 -0.21824
   0.91607  0.03754 -0.30430
   0.90205  0.04264 -0.36426
   0.88771  0.04751 -0.40821
   0.87304  0.05219 -0.44229
   0.85805  0.05675 -0.47433
   0.84282  0.06121 -0.50645
   0.82744  0.06558 -0.54320
   0.81200  0.06985 -0.58319
   0.79654  0.07399 -0.62483
   0.78103  0.07802 -0.66172
   0.76546  0.08194 -0.70100
   0.74986  0.08575 -0.74168
   0.73424  0.08944 -0.78070
   0.71858  0.09303 -0.82243
   0.70290  0.09650 -0.86519
   0.68725  0.09985 -0.90995
   0.67157  0.10307 -0.94966
   0.65584  0.10617 -0.99113
   0.64012  0.10915 -1.03731
   0.62441  0.11200 -1.08207
   0.60868  0.11470 -1.12494
   0.59292  0.11727 -1.16666
   0.57713  0.11972 -1.20939
   0.56130  0.12204 -1.25300
   0.54544  0.12423 -1.29804
   0.52955  0.12631 -1.34803
   0.51368  0.12826 -1.40605
   0.49787  0.13007 -1.46686
   0.48208  0.13173 -1.52716
   0.46634  0.13322 -1.59523
   0.45067  0.13453 -1.66377
   0.43504  0.13565 -1.72808
   0.41941  0.13657 -1.79786
   0.40385  0.13729 -1.87552
   0.38841  0.13778 -1.95905
   0.37311  0.13802 -2.04364
   0.35796  0.13798 -2.12547
   0.34294  0.13763 -2.19699
   0.32801  0.13695 -2.25077
   0.31309  0.13593 -2.29280
   0.29820  0.13457 -2.32428
   0.28329  0.13288 -2.34287
   0.26834  0.13086 -2.35210
   0.25333  0.12854 -2.36162
   0.23833  0.12594 -2.37729
   0.22331  0.12305 -2.38751
   0.20827  0.11991 -2.41072
   0.19332  0.11652 -2.44939
   0.17850  0.11291 -2.50005
   0.16386  0.10905 -2.56492
   0.14947  0.10494 -2.63486
   0.13530  0.10055 -2.70456
   0.12139  0.09586 -2.78912
   0.10785  0.09090 -2.89247
   0.09475  0.08565 -3.00446
   0.08217  0.08010 -3.11786
   0.07018  0.07424 -3.24569
   0.05892  0.06810 -3.36471
   0.04849  0.06174 -3.48755
   0.03907  0.05525 -3.62196
   0.03083  0.04878 -3.71090
   0.02380  0.04246 -3.76874
   0.01806  0.03652 -3.79942
   0.01348  0.03107 -3.81597
   0.00995  0.02621 -3.77293
   0.00723  0.02187 -3.63751
   0.00513  0.01811 -3.86677
   0.00362  0.01473 -3.36169
   0.00238  0.01176 -3.26133
   0.00133  0.00916 -4.31717
   0.00073  0.00676 -4.00377
   0.00043  0.00452 -3.11879
   0.00021  0.00246 -2.80829
   0.00002  0.00061 -3.59672
   0.00006 -0.00114 -2.91634
   0.00019 -0.00298 -2.38441
   0.00033 -0.00491 -4.12307
   0.00106 -0.00681 -2.69746
   0.00234 -0.00869 -1.08442
   0.00383 -0.01068 -0.50606
   0.00549 -0.01288 -0.37533
   0.00766 -0.01510  0.10560
   0.01035 -0.01745  0.40918
   0.01366 -0.01993  0.64261
   0.01778 -0.02254  0.81262
   0.02288 -0.02530  0.92190
   0.02924 -0.02817  0.98197
   0.03714 -0.03114  0.99999
   0.04682 -0.03416  0.98779
   0.05836 -0.03726  0.95688
   0.07136 -0.04033  0.91645
   0.08542 -0.04325  0.87340
   0.10023 -0.04604  0.83093
   0.11548 -0.04868  0.79027
   0.13104 -0.05118  0.75228
   0.14683 -0.05358  0.71617
   0.16274 -0.05589  0.68165
   0.17875 -0.05811  0.64906
   0.19491 -0.06026  0.61874
   0.21119 -0.06240  0.58887
   0.22742 -0.06455  0.55647
   0.24361 -0.06674  0.51820
   0.25973 -0.06889  0.47576
   0.27557 -0.07094  0.42812
   0.29096 -0.07277  0.37597
   0.30591 -0.07427  0.32582
   0.32054 -0.07537  0.28279
   0.33507 -0.07604  0.24843
   0.34954 -0.07630  0.21979
   0.36397 -0.07613  0.19943
   0.37846 -0.07552  0.18906
   0.39304 -0.07451  0.18340
   0.40772 -0.07310  0.18480
   0.42252 -0.07133  0.18903
   0.43737 -0.06923  0.19559
   0.45224 -0.06681  0.20522
   0.46713 -0.06407  0.21903
   0.48206 -0.06103  0.23735
   0.49709 -0.05769  0.26060
   0.51227 -0.05408  0.28563
   0.52759 -0.05024  0.31294
   0.54312 -0.04619  0.34286
   0.55885 -0.04202  0.37157
   0.57461 -0.03785  0.39740
   0.59029 -0.03376  0.41916
   0.60592 -0.02978  0.43683
   0.62155 -0.02591  0.45320
   0.63714 -0.02216  0.46829
   0.65268 -0.01855  0.48244
   0.66817 -0.01511  0.49521
   0.68367 -0.01183  0.50621
   0.69915 -0.00872  0.51674
   0.71460 -0.00580  0.52686
   0.73003 -0.00307  0.53504
   0.74546 -0.00055  0.54359
   0.76086  0.00177  0.55086
   0.77626  0.00386  0.55723
   0.79163  0.00572  0.56405
   0.80693  0.00734  0.57056
   0.82215  0.00870  0.57626
   0.83728  0.00976  0.58107
   0.85230  0.01052  0.58468
   0.86722  0.01094  0.58704
   0.88204  0.01103  0.58691
   0.89675  0.01075  0.58584
   0.91132  0.01009  0.58172
   0.92577  0.00903  0.57374
   0.94006  0.00758  0.56424
   0.95414  0.00573  0.54733
   0.96783  0.00354  0.52701
   0.98063  0.00114  0.50345
   0.99196 -0.00132  0.47078
   0.99842 -0.00289  0.38788
