                                                
 Alfa =  10.00000 Re =  4000000.000 Xflap,Yflap =     0.000000    0.000000
#    x        y        Cp  
   1.00000  0.00180  0.48627
   0.99436  0.00253  0.31463
   0.98458  0.00382  0.25102
   0.97283  0.00539  0.20152
   0.95920  0.00724  0.16515
   0.94472  0.00928  0.13524
   0.93022  0.01145  0.10128
   0.91553  0.01379  0.05626
   0.90040  0.01623  0.01316
   0.88495  0.01871 -0.02110
   0.86944  0.02118 -0.05378
   0.85396  0.02364 -0.08669
   0.83854  0.02608 -0.12205
   0.82315  0.02847 -0.15337
   0.80778  0.03083 -0.18459
   0.79243  0.03314 -0.21527
   0.77711  0.03539 -0.24617
   0.76181  0.03759 -0.27587
   0.74654  0.03972 -0.30515
   0.73129  0.04178 -0.33431
   0.71605  0.04377 -0.36287
   0.70081  0.04569 -0.38991
   0.68558  0.04754 -0.41686
   0.67035  0.04930 -0.44382
   0.65513  0.05099 -0.47035
   0.63991  0.05260 -0.49650
   0.62470  0.05412 -0.52197
   0.60948  0.05556 -0.54757
   0.59427  0.05692 -0.57093
   0.57906  0.05818 -0.59640
   0.56384  0.05936 -0.61988
   0.54862  0.06045 -0.64363
   0.53339  0.06146 -0.66637
   0.51816  0.06237 -0.69043
   0.50293  0.06320 -0.71207
   0.48768  0.06394 -0.73585
   0.47243  0.06459 -0.75811
   0.45716  0.06515 -0.78160
   0.44189  0.06563 -0.80501
   0.42661  0.06603 -0.83002
   0.41134  0.06634 -0.85537
   0.39608  0.06657 -0.88200
   0.38084  0.06670 -0.90969
   0.36561  0.06674 -0.93807
   0.35037  0.06670 -0.96633
   0.33514  0.06656 -0.99778
   0.31993  0.06632 -1.03159
   0.30476  0.06599 -1.06826
   0.28964  0.06556 -1.10643
   0.27458  0.06501 -1.14666
   0.25957  0.06435 -1.18874
   0.24460  0.06356 -1.23287
   0.22967  0.06264 -1.27904
   0.21478  0.06159 -1.33131
   0.19998  0.06039 -1.38822
   0.18534  0.05906 -1.45379
   0.17087  0.05755 -1.52132
   0.15647  0.05585 -1.58507
   0.14209  0.05395 -1.65540
   0.12791  0.05188 -1.75515
   0.11411  0.04963 -1.86687
   0.10062  0.04713 -1.97167
   0.08741  0.04439 -2.08909
   0.07467  0.04144 -2.24927
   0.06272  0.03833 -2.43269
   0.05183  0.03513 -2.63450
   0.04214  0.03193 -2.86882
   0.03374  0.02881 -3.17688
   0.02676  0.02588 -3.50674
   0.02116  0.02322 -3.91821
   0.01668  0.02079 -4.36041
   0.01304  0.01850 -4.75640
   0.01001  0.01630 -5.13821
   0.00748  0.01412 -5.49977
   0.00538  0.01199 -5.76797
   0.00370  0.00991 -5.88657
   0.00237  0.00791 -5.99086
   0.00137  0.00601 -6.05829
   0.00065  0.00421 -6.03886
   0.00020  0.00247 -5.82305
   0.00001  0.00078 -5.36928
   0.00006 -0.00090 -4.55497
   0.00038 -0.00258 -3.55873
   0.00095 -0.00427 -2.63056
   0.00181 -0.00594 -1.75960
   0.00300 -0.00754 -0.97264
   0.00457 -0.00901 -0.20467
   0.00658 -0.01034  0.36443
   0.00907 -0.01156  0.70769
   0.01208 -0.01273  0.88177
   0.01562 -0.01393  0.96314
   0.01986 -0.01515  0.99641
   0.02497 -0.01641  0.99680
   0.03125 -0.01770  0.97441
   0.03902 -0.01903  0.93608
   0.04853 -0.02037  0.88814
   0.05978 -0.02166  0.83658
   0.07246 -0.02285  0.78641
   0.08623 -0.02393  0.74035
   0.10069 -0.02489  0.69839
   0.11552 -0.02574  0.66160
   0.13064 -0.02650  0.62911
   0.14599 -0.02719  0.59976
   0.16141 -0.02783  0.57213
   0.17684 -0.02841  0.54721
   0.19233 -0.02894  0.52530
   0.20792 -0.02943  0.50455
   0.22354 -0.02990  0.48435
   0.23914 -0.03034  0.46550
   0.25475 -0.03075  0.44816
   0.27038 -0.03112  0.43140
   0.28602 -0.03148  0.41542
   0.30165 -0.03181  0.40008
   0.31728 -0.03210  0.38534
   0.33292 -0.03238  0.37175
   0.34856 -0.03262  0.35802
   0.36419 -0.03285  0.34494
   0.37982 -0.03304  0.33215
   0.39544 -0.03320  0.31996
   0.41107 -0.03334  0.30861
   0.42670 -0.03345  0.29717
   0.44233 -0.03353  0.28617
   0.45796 -0.03358  0.27485
   0.47358 -0.03361  0.26503
   0.48921 -0.03360  0.25428
   0.50483 -0.03357  0.24426
   0.52044 -0.03351  0.23398
   0.53605 -0.03342  0.22414
   0.55164 -0.03329  0.21490
   0.56724 -0.03313  0.20547
   0.58283 -0.03294  0.19567
   0.59842 -0.03271  0.18678
   0.61399 -0.03245  0.17689
   0.62954 -0.03215  0.16832
   0.64507 -0.03181  0.15860
   0.66058 -0.03142  0.14985
   0.67608 -0.03099  0.14094
   0.69156 -0.03051  0.13252
   0.70702 -0.02998  0.12319
   0.72244 -0.02939  0.11541
   0.73783 -0.02873  0.10629
   0.75319 -0.02802  0.09954
   0.76852 -0.02723  0.09129
   0.78380 -0.02637  0.08399
   0.79903 -0.02542  0.07819
   0.81422 -0.02439  0.07166
   0.82935 -0.02327  0.06671
   0.84440 -0.02204  0.06290
   0.85935 -0.02070  0.06122
   0.87426 -0.01924  0.06161
   0.88922 -0.01764  0.06572
   0.90416 -0.01593  0.06946
   0.91875 -0.01414  0.06947
   0.93282 -0.01222  0.07480
   0.94666 -0.01009  0.09960
   0.96046 -0.00774  0.13831
   0.97350 -0.00537  0.18411
   0.98486 -0.00321  0.23673
   0.99444 -0.00132  0.30634
   1.00000 -0.00020  0.48627
