                                                
 Alfa =  10.00000 Re =  4000000.000 Xflap,Yflap =     0.000000    0.000000
#    x        y        Cp  
   1.00000  0.00000  0.45602
   0.99268  0.00094  0.35820
   0.98086  0.00293  0.23509
   0.96796  0.00527  0.12365
   0.95408  0.00757  0.05586
   0.93928  0.00974  0.01748
   0.92354  0.01180 -0.00287
   0.90699  0.01385 -0.02193
   0.88988  0.01590 -0.04193
   0.87242  0.01795 -0.06202
   0.85474  0.02000 -0.08226
   0.83691  0.02205 -0.10213
   0.81899  0.02410 -0.12228
   0.80101  0.02614 -0.14194
   0.78300  0.02818 -0.16193
   0.76496  0.03022 -0.18214
   0.74691  0.03225 -0.20268
   0.72885  0.03428 -0.22324
   0.71079  0.03630 -0.24485
   0.69273  0.03833 -0.26640
   0.67468  0.04034 -0.28910
   0.65663  0.04235 -0.31184
   0.63859  0.04435 -0.33560
   0.62056  0.04634 -0.36000
   0.60254  0.04831 -0.38555
   0.58452  0.05028 -0.41171
   0.56652  0.05223 -0.43922
   0.54852  0.05417 -0.46800
   0.53055  0.05609 -0.49852
   0.51260  0.05799 -0.53057
   0.49467  0.05986 -0.56415
   0.47677  0.06170 -0.59978
   0.45889  0.06351 -0.63716
   0.44104  0.06528 -0.67770
   0.42323  0.06701 -0.72045
   0.40546  0.06870 -0.76676
   0.38774  0.07033 -0.81620
   0.37007  0.07190 -0.87113
   0.35249  0.07339 -0.92997
   0.33501  0.07481 -0.99450
   0.31763  0.07613 -1.06566
   0.30040  0.07733 -1.14403
   0.28334  0.07842 -1.23197
   0.26651  0.07935 -1.33106
   0.24997  0.08010 -1.44234
   0.23383  0.08065 -1.57232
   0.21815  0.08093 -1.70875
   0.20292  0.08089 -1.84664
   0.18813  0.08050 -1.98288
   0.17374  0.07974 -2.11276
   0.15973  0.07858 -2.23114
   0.14608  0.07704 -2.34081
   0.13286  0.07512 -2.45260
   0.12014  0.07284 -2.56112
   0.10802  0.07024 -2.66281
   0.09654  0.06734 -2.75792
   0.08578  0.06419 -2.84300
   0.07581  0.06087 -2.93079
   0.06667  0.05743 -3.01287
   0.05840  0.05395 -3.08582
   0.05098  0.05047 -3.15228
   0.04435  0.04704 -3.20908
   0.03844  0.04368 -3.26195
   0.03319  0.04042 -3.32015
   0.02852  0.03727 -3.37390
   0.02440  0.03423 -3.41067
   0.02076  0.03131 -3.44405
   0.01754  0.02852 -3.47488
   0.01470  0.02583 -3.49771
   0.01218  0.02324 -3.52106
   0.00992  0.02073 -3.56161
   0.00790  0.01828 -3.64225
   0.00612  0.01587 -3.68428
   0.00458  0.01352 -3.71590
   0.00328  0.01123 -3.69205
   0.00219  0.00901 -3.68861
   0.00133  0.00689 -3.68395
   0.00068  0.00485 -3.64327
   0.00025  0.00288 -3.50170
   0.00003  0.00095 -3.26603
   0.00003 -0.00095 -2.81563
   0.00025 -0.00288 -2.21584
   0.00068 -0.00485 -1.64022
   0.00133 -0.00689 -1.10129
   0.00219 -0.00901 -0.64341
   0.00328 -0.01123 -0.26090
   0.00458 -0.01352  0.04364
   0.00612 -0.01587  0.29962
   0.00790 -0.01828  0.50264
   0.00992 -0.02073  0.66185
   0.01218 -0.02324  0.77994
   0.01470 -0.02583  0.86734
   0.01754 -0.02852  0.93025
   0.02076 -0.03131  0.97207
   0.02440 -0.03423  0.99451
   0.02852 -0.03727  0.99974
   0.03319 -0.04042  0.98942
   0.03844 -0.04368  0.96554
   0.04435 -0.04704  0.92974
   0.05098 -0.05047  0.88368
   0.05840 -0.05395  0.82947
   0.06667 -0.05743  0.76890
   0.07581 -0.06087  0.70438
   0.08578 -0.06419  0.63815
   0.09654 -0.06734  0.57168
   0.10802 -0.07024  0.50776
   0.12014 -0.07284  0.44814
   0.13286 -0.07512  0.39419
   0.14608 -0.07704  0.34598
   0.15972 -0.07858  0.30339
   0.17374 -0.07974  0.26863
   0.18813 -0.08050  0.24300
   0.20292 -0.08089  0.22535
   0.21815 -0.08093  0.21463
   0.23383 -0.08065  0.20930
   0.24997 -0.08010  0.20761
   0.26651 -0.07935  0.20539
   0.28334 -0.07842  0.20294
   0.30040 -0.07733  0.20085
   0.31763 -0.07613  0.19870
   0.33501 -0.07481  0.19691
   0.35249 -0.07339  0.19514
   0.37007 -0.07190  0.19346
   0.38773 -0.07033  0.19229
   0.40546 -0.06870  0.19077
   0.42323 -0.06701  0.18941
   0.44104 -0.06528  0.18818
   0.45889 -0.06351  0.18684
   0.47677 -0.06170  0.18579
   0.49467 -0.05986  0.18469
   0.51260 -0.05799  0.18364
   0.53055 -0.05609  0.18292
   0.54852 -0.05417  0.18203
   0.56652 -0.05223  0.18128
   0.58452 -0.05028  0.18011
   0.60254 -0.04831  0.17930
   0.62056 -0.04634  0.17853
   0.63859 -0.04435  0.17767
   0.65663 -0.04235  0.17684
   0.67468 -0.04034  0.17609
   0.69273 -0.03833  0.17544
   0.71079 -0.03630  0.17463
   0.72885 -0.03428  0.17403
   0.74691 -0.03225  0.17329
   0.76496 -0.03022  0.17245
   0.78300 -0.02818  0.17171
   0.80101 -0.02614  0.17093
   0.81899 -0.02410  0.17000
   0.83691 -0.02205  0.16963
   0.85474 -0.02000  0.16867
   0.87242 -0.01795  0.16809
   0.88988 -0.01590  0.16750
   0.90699 -0.01385  0.16602
   0.92354 -0.01180  0.16362
   0.93928 -0.00974  0.16229
   0.95408 -0.00757  0.17574
   0.96796 -0.00527  0.21577
   0.98086 -0.00293  0.29572
   0.99268 -0.00094  0.39135
   1.00000  0.00000  0.45602
