                                                
 Alfa =  10.00000 Re =  4000000.000 Xflap,Yflap =     0.000000    0.000000
#    x        y        Cp  
   1.00000  0.00000  0.52859
   0.99567  0.00100  0.09575
   0.98889  0.00181  0.14374
   0.98080  0.00261  0.15749
   0.97073  0.00373  0.09470
   0.95847  0.00502  0.07623
   0.94446  0.00651  0.04491
   0.92953  0.00810  0.01837
   0.91418  0.00976 -0.01327
   0.89865  0.01142 -0.03935
   0.88304  0.01308 -0.06433
   0.86743  0.01472 -0.09028
   0.85186  0.01634 -0.11506
   0.83632  0.01792 -0.13752
   0.82075  0.01947 -0.15811
   0.80520  0.02099 -0.17965
   0.78967  0.02247 -0.19922
   0.77412  0.02391 -0.21873
   0.75856  0.02531 -0.23710
   0.74299  0.02668 -0.25543
   0.72742  0.02802 -0.27319
   0.71184  0.02932 -0.29174
   0.69627  0.03060 -0.31033
   0.68070  0.03183 -0.32791
   0.66512  0.03303 -0.34526
   0.64953  0.03419 -0.36275
   0.63393  0.03533 -0.38007
   0.61831  0.03643 -0.39856
   0.60270  0.03751 -0.41725
   0.58709  0.03856 -0.43765
   0.57148  0.03957 -0.45706
   0.55589  0.04056 -0.47880
   0.54031  0.04150 -0.50061
   0.52475  0.04241 -0.52274
   0.50921  0.04326 -0.54461
   0.49367  0.04407 -0.56689
   0.47812  0.04484 -0.58734
   0.46255  0.04555 -0.60999
   0.44697  0.04623 -0.63318
   0.43140  0.04687 -0.65848
   0.41582  0.04747 -0.68483
   0.40024  0.04803 -0.71243
   0.38469  0.04854 -0.74559
   0.36922  0.04900 -0.77937
   0.35376  0.04939 -0.81048
   0.33829  0.04971 -0.84442
   0.32283  0.04997 -0.87985
   0.30738  0.05016 -0.91922
   0.29197  0.05029 -0.96186
   0.27658  0.05033 -1.00710
   0.26124  0.05029 -1.05661
   0.24595  0.05017 -1.11064
   0.23071  0.04994 -1.16852
   0.21553  0.04960 -1.23292
   0.20045  0.04914 -1.30450
   0.18547  0.04854 -1.38379
   0.17063  0.04779 -1.47096
   0.15594  0.04686 -1.56888
   0.14145  0.04574 -1.67533
   0.12718  0.04439 -1.79369
   0.11317  0.04279 -1.92090
   0.09945  0.04092 -2.05803
   0.08607  0.03876 -2.20918
   0.07318  0.03633 -2.38884
   0.06106  0.03367 -2.60140
   0.04998  0.03086 -2.85226
   0.04031  0.02802 -3.16162
   0.03218  0.02527 -3.51060
   0.02551  0.02268 -3.89969
   0.02011  0.02026 -4.34039
   0.01571  0.01800 -4.81071
   0.01212  0.01586 -5.31069
   0.00917  0.01381 -5.79973
   0.00675  0.01185 -6.27050
   0.00477  0.00993 -6.70063
   0.00314  0.00804 -7.23322
   0.00185  0.00617 -7.70739
   0.00092  0.00432 -7.82486
   0.00033  0.00254 -7.59096
   0.00004  0.00084 -7.08326
   0.00004 -0.00084 -6.02665
   0.00033 -0.00254 -4.61930
   0.00092 -0.00432 -3.27403
   0.00185 -0.00617 -2.06008
   0.00314 -0.00804 -1.06206
   0.00477 -0.00993 -0.34187
   0.00675 -0.01185  0.15150
   0.00917 -0.01381  0.49924
   0.01212 -0.01586  0.73820
   0.01571 -0.01800  0.88651
   0.02011 -0.02026  0.96822
   0.02551 -0.02268  0.99871
   0.03218 -0.02527  0.99145
   0.04031 -0.02802  0.95695
   0.04998 -0.03086  0.90478
   0.06106 -0.03367  0.84348
   0.07318 -0.03633  0.78038
   0.08607 -0.03876  0.71999
   0.09945 -0.04092  0.66381
   0.11317 -0.04279  0.61379
   0.12718 -0.04439  0.57046
   0.14145 -0.04574  0.53237
   0.15595 -0.04686  0.49970
   0.17063 -0.04779  0.47050
   0.18547 -0.04854  0.44512
   0.20045 -0.04914  0.42235
   0.21553 -0.04960  0.40181
   0.23071 -0.04994  0.38317
   0.24595 -0.05017  0.36580
   0.26124 -0.05029  0.35013
   0.27658 -0.05033  0.33619
   0.29197 -0.05029  0.32236
   0.30738 -0.05016  0.31037
   0.32283 -0.04997  0.29874
   0.33829 -0.04971  0.28744
   0.35376 -0.04939  0.27706
   0.36922 -0.04900  0.26731
   0.38470 -0.04854  0.25912
   0.40024 -0.04803  0.25240
   0.41582 -0.04747  0.24484
   0.43140 -0.04687  0.23697
   0.44697 -0.04623  0.22928
   0.46255 -0.04555  0.22252
   0.47812 -0.04484  0.21550
   0.49367 -0.04407  0.20885
   0.50921 -0.04326  0.20215
   0.52475 -0.04241  0.19781
   0.54031 -0.04150  0.19308
   0.55589 -0.04056  0.18911
   0.57148 -0.03957  0.18548
   0.58709 -0.03856  0.18146
   0.60270 -0.03751  0.17788
   0.61831 -0.03643  0.17405
   0.63393 -0.03533  0.17048
   0.64953 -0.03419  0.16651
   0.66512 -0.03303  0.16304
   0.68070 -0.03183  0.15961
   0.69627 -0.03060  0.15725
   0.71184 -0.02932  0.15528
   0.72742 -0.02802  0.15296
   0.74299 -0.02668  0.15127
   0.75856 -0.02531  0.14982
   0.77412 -0.02391  0.14926
   0.78967 -0.02247  0.14814
   0.80520 -0.02099  0.14821
   0.82075 -0.01947  0.14974
   0.83632 -0.01792  0.15084
   0.85187 -0.01634  0.15282
   0.86743 -0.01472  0.15722
   0.88304 -0.01308  0.16219
   0.89865 -0.01142  0.16531
   0.91418 -0.00976  0.17140
   0.92953 -0.00810  0.17964
   0.94446 -0.00651  0.18400
   0.95847 -0.00502  0.19314
   0.97073 -0.00373  0.19050
   0.98080 -0.00261  0.22998
   0.98889 -0.00181  0.19934
   0.99567 -0.00100  0.13209
   1.00000  0.00000  0.52859
