                                                
 Alfa =  10.00000 Re =  4000000.000 Xflap,Yflap =     0.000000    0.000000
#    x        y        Cp  
   1.00000  0.00225  0.42078
   0.99433  0.00401  0.23044
   0.98502  0.00684  0.13636
   0.97457  0.00990  0.06049
   0.96279  0.01323 -0.00288
   0.94953  0.01682 -0.05816
   0.93490  0.02059 -0.09979
   0.91934  0.02445 -0.13294
   0.90336  0.02833 -0.16398
   0.88732  0.03222 -0.20214
   0.87133  0.03610 -0.24664
   0.85546  0.03991 -0.29370
   0.83971  0.04363 -0.33948
   0.82408  0.04724 -0.38615
   0.80854  0.05072 -0.43090
   0.79303  0.05406 -0.46945
   0.77749  0.05725 -0.50228
   0.76187  0.06034 -0.53194
   0.74613  0.06333 -0.55885
   0.73025  0.06624 -0.58581
   0.71424  0.06908 -0.61266
   0.69811  0.07187 -0.64064
   0.68192  0.07460 -0.67296
   0.66571  0.07726 -0.70643
   0.64951  0.07984 -0.74339
   0.63335  0.08234 -0.77926
   0.61724  0.08474 -0.81731
   0.60118  0.08705 -0.85453
   0.58515  0.08925 -0.89435
   0.56914  0.09136 -0.93360
   0.55315  0.09335 -0.97342
   0.53716  0.09525 -1.01526
   0.52118  0.09703 -1.05762
   0.50521  0.09869 -1.10197
   0.48926  0.10024 -1.14841
   0.47334  0.10166 -1.19766
   0.45746  0.10294 -1.24825
   0.44165  0.10407 -1.29902
   0.42590  0.10503 -1.35080
   0.41023  0.10583 -1.40268
   0.39465  0.10644 -1.45299
   0.37917  0.10687 -1.50167
   0.36379  0.10711 -1.54934
   0.34849  0.10716 -1.59667
   0.33325  0.10701 -1.64365
   0.31802  0.10667 -1.68985
   0.30276  0.10613 -1.73658
   0.28739  0.10537 -1.78064
   0.27186  0.10440 -1.82593
   0.25615  0.10319 -1.87411
   0.24030  0.10176 -1.92681
   0.22444  0.10012 -1.98752
   0.20877  0.09828 -2.05938
   0.19350  0.09630 -2.16154
   0.17885  0.09418 -2.29715
   0.16487  0.09185 -2.43404
   0.15145  0.08924 -2.55966
   0.13844  0.08627 -2.64528
   0.12566  0.08291 -2.70524
   0.11303  0.07915 -2.75295
   0.10053  0.07498 -2.79017
   0.08824  0.07042 -2.81782
   0.07629  0.06559 -2.86270
   0.06493  0.06061 -2.98256
   0.05451  0.05562 -3.13234
   0.04538  0.05080 -3.29081
   0.03766  0.04629 -3.46208
   0.03120  0.04208 -3.61555
   0.02573  0.03811 -3.73926
   0.02104  0.03429 -3.77993
   0.01693  0.03056 -3.73423
   0.01337  0.02702 -3.68030
   0.01032  0.02375 -3.77013
   0.00777  0.02083 -3.95942
   0.00568  0.01820 -4.17222
   0.00397  0.01581 -4.40779
   0.00258  0.01361 -4.63897
   0.00147  0.01156 -4.87800
   0.00061  0.00963 -5.08548
  -0.00002  0.00781 -5.22806
  -0.00044  0.00606 -5.27569
  -0.00063  0.00439 -5.16614
  -0.00061  0.00278 -4.81565
  -0.00037  0.00122 -4.22157
   0.00012 -0.00031 -3.36228
   0.00087 -0.00181 -2.35089
   0.00187 -0.00327 -1.47254
   0.00313 -0.00471 -0.75593
   0.00465 -0.00612 -0.20425
   0.00645 -0.00749  0.21239
   0.00856 -0.00878  0.51889
   0.01100 -0.00996  0.73550
   0.01380 -0.01095  0.88204
   0.01700 -0.01166  0.96593
   0.02075 -0.01207  0.99752
   0.02527 -0.01224  0.99701
   0.03084 -0.01233  0.97984
   0.03768 -0.01234  0.95077
   0.04577 -0.01217  0.91372
   0.05494 -0.01171  0.87596
   0.06564 -0.01084  0.84285
   0.07867 -0.00958  0.81254
   0.09383 -0.00809  0.78066
   0.10972 -0.00651  0.75298
   0.12592 -0.00488  0.72996
   0.14233 -0.00323  0.71105
   0.15875 -0.00159  0.69628
   0.17495 -0.00003  0.68467
   0.19082  0.00140  0.67504
   0.20646  0.00265  0.66430
   0.22203  0.00372  0.65178
   0.23768  0.00466  0.63874
   0.25354  0.00550  0.62517
   0.26967  0.00626  0.61154
   0.28609  0.00698  0.59840
   0.30275  0.00769  0.58645
   0.31954  0.00840  0.57763
   0.33631  0.00910  0.56977
   0.35299  0.00977  0.56343
   0.36952  0.01037  0.55750
   0.38590  0.01091  0.55167
   0.40215  0.01136  0.54570
   0.41833  0.01171  0.53855
   0.43450  0.01198  0.53110
   0.45070  0.01217  0.52303
   0.46697  0.01229  0.51518
   0.48331  0.01234  0.50689
   0.49974  0.01232  0.49836
   0.51623  0.01225  0.49020
   0.53276  0.01212  0.48177
   0.54931  0.01195  0.47373
   0.56589  0.01173  0.46516
   0.58247  0.01147  0.45685
   0.59907  0.01117  0.44868
   0.61569  0.01083  0.44045
   0.63235  0.01047  0.43206
   0.64904  0.01008  0.42391
   0.66576  0.00966  0.41618
   0.68252  0.00923  0.40789
   0.69928  0.00879  0.40083
   0.71604  0.00833  0.39443
   0.73277  0.00787  0.38817
   0.74946  0.00738  0.38291
   0.76610  0.00686  0.37588
   0.78269  0.00631  0.37091
   0.79922  0.00573  0.36414
   0.81571  0.00509  0.35627
   0.83217  0.00442  0.34879
   0.84861  0.00370  0.34018
   0.86504  0.00294  0.33095
   0.88147  0.00215  0.32049
   0.89793  0.00133  0.30986
   0.91439  0.00048  0.29459
   0.93068 -0.00033  0.28062
   0.94625 -0.00101  0.26923
   0.96048 -0.00152  0.26868
   0.97311 -0.00186  0.27479
   0.98422 -0.00208  0.29165
   0.99405 -0.00220  0.32583
   1.00000 -0.00225  0.42078
