                                                
 Alfa =  10.00000 Re =  4000000.000 Xflap,Yflap =     0.000000    0.000000
#    x        y        Cp  
   1.00000  0.00000  0.35247
   0.99335  0.00084  0.27481
   0.98252  0.00228  0.23767
   0.97053  0.00399  0.20859
   0.95725  0.00602  0.18182
   0.94265  0.00842  0.15254
   0.92694  0.01118  0.11911
   0.91043  0.01424  0.08252
   0.89341  0.01753  0.04613
   0.87601  0.02100  0.00949
   0.85828  0.02462 -0.02845
   0.84028  0.02838 -0.06754
   0.82207  0.03224 -0.10802
   0.80372  0.03617 -0.15047
   0.78529  0.04014 -0.19487
   0.76684  0.04412 -0.24036
   0.74844  0.04808 -0.28759
   0.73012  0.05198 -0.33484
   0.71189  0.05581 -0.38327
   0.69378  0.05955 -0.43172
   0.67576  0.06319 -0.48037
   0.65782  0.06672 -0.53046
   0.63997  0.07013 -0.58103
   0.62221  0.07342 -0.63267
   0.60453  0.07658 -0.68499
   0.58694  0.07959 -0.73884
   0.56941  0.08244 -0.79334
   0.55198  0.08514 -0.84929
   0.53468  0.08766 -0.90713
   0.51753  0.08998 -0.96637
   0.50051  0.09211 -1.02513
   0.48354  0.09403 -1.08241
   0.46658  0.09574 -1.13975
   0.44974  0.09725 -1.20210
   0.43323  0.09852 -1.27618
   0.41713  0.09951 -1.34887
   0.40137  0.10017 -1.41087
   0.38568  0.10049 -1.44249
   0.36977  0.10049 -1.45763
   0.35353  0.10021 -1.46861
   0.33701  0.09969 -1.49054
   0.32043  0.09894 -1.52055
   0.30391  0.09795 -1.55172
   0.28750  0.09673 -1.58191
   0.27114  0.09527 -1.61214
   0.25481  0.09357 -1.64185
   0.23851  0.09162 -1.67376
   0.22226  0.08944 -1.70879
   0.20613  0.08703 -1.74581
   0.19019  0.08439 -1.79015
   0.17454  0.08155 -1.84138
   0.15922  0.07851 -1.89634
   0.14430  0.07527 -1.95765
   0.12981  0.07185 -2.02715
   0.11589  0.06826 -2.10148
   0.10275  0.06458 -2.18267
   0.09059  0.06089 -2.27715
   0.07953  0.05725 -2.37994
   0.06962  0.05374 -2.49110
   0.06082  0.05038 -2.60963
   0.05304  0.04717 -2.72905
   0.04615  0.04411 -2.85538
   0.04002  0.04119 -2.99192
   0.03457  0.03840 -3.13003
   0.02974  0.03575 -3.27170
   0.02546  0.03323 -3.41928
   0.02165  0.03084 -3.61567
   0.01826  0.02855 -3.85480
   0.01526  0.02634 -4.08013
   0.01258  0.02419 -4.29916
   0.01021  0.02207 -4.49223
   0.00809  0.01998 -4.68258
   0.00622  0.01791 -4.89807
   0.00459  0.01586 -5.30115
   0.00321  0.01378 -5.41841
   0.00210  0.01166 -5.23463
   0.00124  0.00953 -4.93242
   0.00060  0.00741 -4.57983
   0.00017  0.00531 -4.19944
  -0.00005  0.00323 -3.76535
  -0.00008  0.00117 -3.31057
   0.00010 -0.00088 -2.78208
   0.00049 -0.00292 -2.20639
   0.00109 -0.00496 -1.65532
   0.00190 -0.00701 -1.14677
   0.00294 -0.00907 -0.69634
   0.00422 -0.01114 -0.29959
   0.00575 -0.01319  0.03830
   0.00754 -0.01519  0.32954
   0.00960 -0.01715  0.55349
   0.01192 -0.01909  0.71618
   0.01453 -0.02102  0.83143
   0.01746 -0.02297  0.90970
   0.02073 -0.02493  0.96016
   0.02441 -0.02694  0.98845
   0.02853 -0.02902  0.99944
   0.03317 -0.03119  0.99709
   0.03840 -0.03346  0.98383
   0.04430 -0.03583  0.96174
   0.05096 -0.03829  0.93258
   0.05847 -0.04087  0.89738
   0.06698 -0.04356  0.85743
   0.07662 -0.04637  0.81382
   0.08747 -0.04927  0.76703
   0.09955 -0.05224  0.71880
   0.11275 -0.05521  0.66975
   0.12690 -0.05812  0.62147
   0.14177 -0.06090  0.57534
   0.15714 -0.06352  0.53154
   0.17291 -0.06596  0.48957
   0.18901 -0.06822  0.45026
   0.20538 -0.07028  0.41246
   0.22195 -0.07215  0.37698
   0.23863 -0.07382  0.34297
   0.25538 -0.07527  0.31110
   0.27215 -0.07651  0.28063
   0.28891 -0.07754  0.25189
   0.30569 -0.07836  0.22577
   0.32255 -0.07895  0.20146
   0.33946 -0.07934  0.17813
   0.35628 -0.07953  0.15430
   0.37279 -0.07950  0.12811
   0.38893 -0.07921  0.10554
   0.40488 -0.07862  0.09176
   0.42095 -0.07769  0.09124
   0.43740 -0.07647  0.09570
   0.45429 -0.07498  0.10108
   0.47148 -0.07329  0.10336
   0.48876 -0.07142  0.10594
   0.50607 -0.06937  0.11014
   0.52347 -0.06714  0.11671
   0.54103 -0.06474  0.12441
   0.55875 -0.06219  0.13305
   0.57662 -0.05949  0.14153
   0.59460 -0.05667  0.15133
   0.61267 -0.05373  0.16090
   0.63084 -0.05070  0.17173
   0.64911 -0.04758  0.18238
   0.66749 -0.04437  0.19417
   0.68597 -0.04109  0.20656
   0.70454 -0.03777  0.21924
   0.72314 -0.03442  0.23279
   0.74172 -0.03107  0.24599
   0.76023 -0.02776  0.26006
   0.77861 -0.02451  0.27360
   0.79681 -0.02135  0.28714
   0.81476 -0.01831  0.30070
   0.83243 -0.01543  0.31386
   0.84985 -0.01271  0.32574
   0.86706 -0.01018  0.33627
   0.88406 -0.00784  0.34603
   0.90067 -0.00570  0.35725
   0.91666 -0.00381  0.37230
   0.93179 -0.00226  0.38603
   0.94597 -0.00110  0.39420
   0.95916 -0.00033  0.39428
   0.97140  0.00009  0.38780
   0.98277  0.00024  0.37703
   0.99334  0.00016  0.36496
   1.00000  0.00000  0.35247
