                                                
 Alfa =  10.00000 Re =  4000000.000 Xflap,Yflap =     0.000000    0.000000
#    x        y        Cp  
   1.00000  0.00000  0.33416
   0.99387  0.00039  0.28282
   0.98282  0.00135  0.22315
   0.96987  0.00266  0.17365
   0.95575  0.00419  0.13415
   0.94110  0.00583  0.10286
   0.92624  0.00754  0.07718
   0.91136  0.00927  0.05593
   0.89650  0.01106  0.03247
   0.88157  0.01290  0.00981
   0.86664  0.01476 -0.00937
   0.85174  0.01666 -0.03148
   0.83679  0.01859 -0.05320
   0.82183  0.02055 -0.07333
   0.80688  0.02253 -0.09397
   0.79192  0.02454 -0.11571
   0.77695  0.02656 -0.13702
   0.76197  0.02860 -0.15889
   0.74698  0.03066 -0.18111
   0.73197  0.03273 -0.20455
   0.71696  0.03481 -0.22743
   0.70195  0.03689 -0.25067
   0.68693  0.03897 -0.27603
   0.67191  0.04105 -0.30040
   0.65689  0.04313 -0.32532
   0.64187  0.04521 -0.35284
   0.62689  0.04727 -0.38141
   0.61193  0.04932 -0.40978
   0.59697  0.05134 -0.43904
   0.58202  0.05334 -0.46934
   0.56708  0.05531 -0.50026
   0.55216  0.05726 -0.53385
   0.53726  0.05916 -0.56816
   0.52239  0.06102 -0.60415
   0.50753  0.06283 -0.63997
   0.49269  0.06459 -0.67746
   0.47787  0.06628 -0.71669
   0.46306  0.06791 -0.75697
   0.44827  0.06947 -0.79915
   0.43350  0.07096 -0.84331
   0.41877  0.07235 -0.88967
   0.40407  0.07365 -0.93626
   0.38939  0.07485 -0.98602
   0.37475  0.07593 -1.03548
   0.36013  0.07690 -1.08823
   0.34555  0.07774 -1.14149
   0.33100  0.07844 -1.19762
   0.31649  0.07899 -1.25546
   0.30204  0.07939 -1.31495
   0.28764  0.07961 -1.37653
   0.27329  0.07966 -1.43845
   0.25898  0.07952 -1.50253
   0.24474  0.07918 -1.57010
   0.23060  0.07862 -1.64046
   0.21654  0.07783 -1.70846
   0.20256  0.07681 -1.77855
   0.18868  0.07553 -1.85234
   0.17492  0.07398 -1.92515
   0.16128  0.07215 -2.00016
   0.14778  0.07002 -2.07507
   0.13445  0.06759 -2.15349
   0.12131  0.06484 -2.23623
   0.10841  0.06176 -2.31680
   0.09575  0.05832 -2.39844
   0.08341  0.05453 -2.48879
   0.07147  0.05039 -2.58638
   0.06005  0.04592 -2.68566
   0.04930  0.04116 -2.79492
   0.03949  0.03626 -2.92289
   0.03089  0.03138 -3.05460
   0.02369  0.02675 -3.18976
   0.01793  0.02257 -3.33106
   0.01340  0.01889 -3.49613
   0.00985  0.01567 -3.68864
   0.00711  0.01289 -3.94847
   0.00496  0.01045 -4.25650
   0.00326  0.00823 -4.64613
   0.00194  0.00616 -5.12296
   0.00097  0.00423 -5.46841
   0.00034  0.00244 -5.82440
   0.00003  0.00079 -5.92620
   0.00005 -0.00082 -5.17583
   0.00040 -0.00246 -3.89072
   0.00113 -0.00416 -2.58019
   0.00227 -0.00587 -1.31236
   0.00384 -0.00757 -0.38286
   0.00579 -0.00927  0.17991
   0.00822 -0.01102  0.55166
   0.01123 -0.01286  0.78280
   0.01499 -0.01482  0.91888
   0.01968 -0.01689  0.98510
   0.02561 -0.01908  0.99938
   0.03307 -0.02137  0.97598
   0.04222 -0.02366  0.92886
   0.05297 -0.02585  0.87127
   0.06502 -0.02785  0.81277
   0.07799 -0.02961  0.75867
   0.09159 -0.03114  0.71105
   0.10560 -0.03247  0.66841
   0.11986 -0.03362  0.63110
   0.13432 -0.03462  0.59892
   0.14895 -0.03551  0.56920
   0.16366 -0.03629  0.54267
   0.17845 -0.03699  0.51881
   0.19331 -0.03761  0.49654
   0.20821 -0.03816  0.47589
   0.22315 -0.03867  0.45664
   0.23811 -0.03912  0.43847
   0.25310 -0.03952  0.42138
   0.26809 -0.03988  0.40455
   0.28308 -0.04020  0.38833
   0.29807 -0.04048  0.37387
   0.31309 -0.04071  0.35966
   0.32811 -0.04091  0.34563
   0.34312 -0.04107  0.33178
   0.35812 -0.04119  0.31847
   0.37312 -0.04126  0.30622
   0.38812 -0.04130  0.29390
   0.40311 -0.04129  0.28155
   0.41809 -0.04123  0.27062
   0.43306 -0.04113  0.25961
   0.44804 -0.04098  0.24885
   0.46300 -0.04078  0.23905
   0.47796 -0.04053  0.22874
   0.49291 -0.04022  0.21970
   0.50785 -0.03987  0.21097
   0.52278 -0.03946  0.20194
   0.53769 -0.03898  0.19414
   0.55261 -0.03845  0.18716
   0.56754 -0.03786  0.18098
   0.58246 -0.03721  0.17418
   0.59737 -0.03651  0.16831
   0.61226 -0.03575  0.16322
   0.62716 -0.03492  0.15802
   0.64204 -0.03403  0.15406
   0.65692 -0.03308  0.15039
   0.67181 -0.03207  0.14863
   0.68670 -0.03100  0.14599
   0.70160 -0.02987  0.14437
   0.71648 -0.02868  0.14315
   0.73138 -0.02743  0.14384
   0.74629 -0.02613  0.14385
   0.76118 -0.02479  0.14391
   0.77607 -0.02338  0.14511
   0.79099 -0.02193  0.14903
   0.80593 -0.02043  0.15200
   0.82087 -0.01890  0.15441
   0.83583 -0.01732  0.16002
   0.85083 -0.01571  0.16508
   0.86582 -0.01408  0.16910
   0.88083 -0.01243  0.17638
   0.89585 -0.01076  0.18340
   0.91087 -0.00910  0.19167
   0.92590 -0.00744  0.19898
   0.94087 -0.00579  0.20952
   0.95563 -0.00418  0.22217
   0.96984 -0.00265  0.24551
   0.98281 -0.00135  0.27406
   0.99387 -0.00039  0.31287
   1.00000  0.00000  0.33416
