                                                
 Alfa =  10.00000 Re =  4000000.000 Xflap,Yflap =     0.000000    0.000000
#    x        y        Cp  
   1.00000  0.00080  0.45898
   0.99284  0.00247  0.26470
   0.98107  0.00521  0.19143
   0.96785  0.00828  0.13221
   0.95299  0.01174  0.08116
   0.93652  0.01558  0.03354
   0.91878  0.01971 -0.01284
   0.90030  0.02403 -0.05870
   0.88152  0.02843 -0.10795
   0.86268  0.03283 -0.15789
   0.84392  0.03716 -0.20767
   0.82532  0.04138 -0.25651
   0.80682  0.04545 -0.30190
   0.78834  0.04937 -0.34047
   0.76973  0.05317 -0.37296
   0.75087  0.05689 -0.40203
   0.73169  0.06058 -0.43065
   0.71218  0.06425 -0.45977
   0.69240  0.06794 -0.49351
   0.67248  0.07162 -0.53428
   0.65254  0.07528 -0.57801
   0.63272  0.07886 -0.62609
   0.61310  0.08234 -0.67591
   0.59374  0.08570 -0.72927
   0.57467  0.08892 -0.78607
   0.55589  0.09198 -0.84480
   0.53736  0.09486 -0.90370
   0.51905  0.09754 -0.96305
   0.50086  0.10003 -1.02019
   0.48271  0.10231 -1.07092
   0.46451  0.10441 -1.11816
   0.44620  0.10633 -1.16560
   0.42776  0.10809 -1.21459
   0.40921  0.10971 -1.26878
   0.39062  0.11119 -1.33253
   0.37208  0.11251 -1.41101
   0.35372  0.11365 -1.49706
   0.33564  0.11455 -1.58781
   0.31795  0.11519 -1.68311
   0.30077  0.11557 -1.78087
   0.28417  0.11566 -1.88409
   0.26818  0.11546 -1.99010
   0.25277  0.11496 -2.09196
   0.23786  0.11413 -2.18955
   0.22335  0.11298 -2.27836
   0.20910  0.11147 -2.35569
   0.19497  0.10957 -2.40892
   0.18079  0.10724 -2.41750
   0.16650  0.10453 -2.42087
   0.15224  0.10155 -2.44119
   0.13836  0.09844 -2.53945
   0.12528  0.09528 -2.69462
   0.11325  0.09206 -2.85607
   0.10231  0.08878 -3.00994
   0.09239  0.08542 -3.15048
   0.08339  0.08200 -3.27170
   0.07516  0.07846 -3.34752
   0.06753  0.07475 -3.31255
   0.06035  0.07090 -3.21898
   0.05361  0.06704 -3.14463
   0.04738  0.06330 -3.15650
   0.04173  0.05979 -3.32313
   0.03670  0.05649 -3.51675
   0.03226  0.05331 -3.68984
   0.02833  0.05021 -3.81632
   0.02484  0.04714 -3.86787
   0.02172  0.04405 -3.77173
   0.01891  0.04092 -3.55828
   0.01633  0.03778 -3.33352
   0.01396  0.03466 -3.11923
   0.01175  0.03158 -2.95963
   0.00971  0.02860 -2.90792
   0.00785  0.02572 -2.90380
   0.00620  0.02297 -2.90514
   0.00475  0.02033 -2.90655
   0.00349  0.01778 -2.89617
   0.00243  0.01533 -2.86376
   0.00156  0.01295 -2.80984
   0.00086  0.01063 -2.71386
   0.00035  0.00837 -2.57928
   0.00000  0.00615 -2.40084
  -0.00016  0.00396 -2.17035
  -0.00015  0.00179 -1.88802
   0.00005 -0.00037 -1.55884
   0.00044 -0.00252 -1.18968
   0.00101 -0.00466 -0.83374
   0.00177 -0.00679 -0.50183
   0.00270 -0.00891 -0.20261
   0.00382 -0.01099  0.06105
   0.00513 -0.01304  0.29131
   0.00663 -0.01503  0.48944
   0.00834 -0.01694  0.65419
   0.01027 -0.01874  0.78755
   0.01243 -0.02041  0.88748
   0.01483 -0.02188  0.95617
   0.01750 -0.02316  0.99108
   0.02043 -0.02426  0.99998
   0.02364 -0.02523  0.99279
   0.02709 -0.02612  0.97665
   0.03080 -0.02698  0.95414
   0.03478 -0.02778  0.92652
   0.03903 -0.02851  0.89525
   0.04359 -0.02914  0.86188
   0.04849 -0.02964  0.82716
   0.05378 -0.02997  0.79472
   0.05955 -0.03009  0.76730
   0.06593 -0.03001  0.74476
   0.07308 -0.02970  0.72710
   0.08119 -0.02919  0.71222
   0.09045 -0.02850  0.69946
   0.10103 -0.02765  0.68758
   0.11310 -0.02672  0.67063
   0.12668 -0.02574  0.65097
   0.14160 -0.02468  0.63110
   0.15750 -0.02351  0.61482
   0.17411 -0.02224  0.60477
   0.19124 -0.02099  0.59649
   0.20880 -0.01986  0.58607
   0.22682 -0.01889  0.57145
   0.24534 -0.01807  0.55530
   0.26438 -0.01735  0.53784
   0.28391 -0.01669  0.52042
   0.30382 -0.01604  0.50442
   0.32393 -0.01538  0.49170
   0.34409 -0.01472  0.48066
   0.36418 -0.01409  0.47070
   0.38416 -0.01349  0.46142
   0.40408 -0.01296  0.45152
   0.42401 -0.01248  0.44064
   0.44405 -0.01206  0.42896
   0.46423 -0.01168  0.41730
   0.48456 -0.01131  0.40539
   0.50498 -0.01096  0.39353
   0.52538 -0.01060  0.38244
   0.54567 -0.01022  0.37134
   0.56580 -0.00980  0.36170
   0.58573 -0.00932  0.35332
   0.60548 -0.00878  0.34806
   0.62508 -0.00817  0.34602
   0.64457 -0.00753  0.34530
   0.66401 -0.00689  0.34570
   0.68345 -0.00628  0.34495
   0.70292 -0.00575  0.34313
   0.72247 -0.00532  0.33757
   0.74216 -0.00497  0.33086
   0.76198 -0.00469  0.32244
   0.78191 -0.00448  0.31356
   0.80191 -0.00431  0.30401
   0.82189 -0.00416  0.29387
   0.84174 -0.00403  0.28357
   0.86137 -0.00387  0.27467
   0.88069 -0.00367  0.26702
   0.89959 -0.00342  0.26121
   0.91800 -0.00309  0.26002
   0.93566 -0.00271  0.26152
   0.95217 -0.00229  0.26690
   0.96718 -0.00187  0.27674
   0.98063 -0.00146  0.29371
   0.99266 -0.00106  0.32578
   1.00000 -0.00080  0.45898
