                                                
 Alfa =  10.00000 Re =  4000000.000 Xflap,Yflap =     0.000000    0.000000
#    x        y        Cp  
   1.00000  0.00018  0.39840
   0.99447  0.00085  0.21171
   0.98528  0.00196  0.15979
   0.97477  0.00323  0.11456
   0.96269  0.00469  0.08049
   0.94894  0.00635  0.04639
   0.93403  0.00816  0.01499
   0.91914  0.00996 -0.01259
   0.90412  0.01177 -0.03936
   0.88905  0.01359 -0.06257
   0.87406  0.01540 -0.08621
   0.85902  0.01722 -0.10834
   0.84392  0.01905 -0.13292
   0.82883  0.02089 -0.15998
   0.81379  0.02272 -0.18719
   0.79880  0.02450 -0.21334
   0.78383  0.02624 -0.23472
   0.76883  0.02794 -0.25669
   0.75378  0.02962 -0.27652
   0.73871  0.03126 -0.29911
   0.72364  0.03288 -0.32051
   0.70858  0.03447 -0.34461
   0.69355  0.03601 -0.36726
   0.67852  0.03752 -0.38926
   0.66350  0.03898 -0.41389
   0.64848  0.04041 -0.43656
   0.63349  0.04178 -0.46218
   0.61854  0.04310 -0.48780
   0.60362  0.04435 -0.51275
   0.58873  0.04553 -0.53552
   0.57384  0.04664 -0.55850
   0.55894  0.04768 -0.57899
   0.54404  0.04864 -0.60044
   0.52913  0.04953 -0.61991
   0.51422  0.05036 -0.63880
   0.49927  0.05112 -0.65719
   0.48425  0.05183 -0.67453
   0.46913  0.05249 -0.69344
   0.45395  0.05311 -0.71456
   0.43879  0.05372 -0.74548
   0.42377  0.05429 -0.78285
   0.40889  0.05478 -0.81946
   0.39412  0.05518 -0.85309
   0.37936  0.05547 -0.87985
   0.36455  0.05567 -0.90557
   0.34966  0.05578 -0.93285
   0.33476  0.05581 -0.96566
   0.31989  0.05576 -1.00038
   0.30509  0.05562 -1.03697
   0.29032  0.05537 -1.07254
   0.27557  0.05503 -1.10878
   0.26080  0.05457 -1.14662
   0.24604  0.05402 -1.18922
   0.23131  0.05336 -1.23691
   0.21666  0.05259 -1.28947
   0.20209  0.05170 -1.34424
   0.18757  0.05067 -1.40282
   0.17308  0.04949 -1.46577
   0.15865  0.04817 -1.53578
   0.14430  0.04669 -1.61626
   0.13011  0.04506 -1.71279
   0.11610  0.04324 -1.81974
   0.10230  0.04122 -1.94057
   0.08871  0.03898 -2.07908
   0.07543  0.03652 -2.25225
   0.06282  0.03391 -2.48807
   0.05123  0.03118 -2.77878
   0.04084  0.02836 -3.16287
   0.03195  0.02553 -3.58553
   0.02473  0.02281 -4.03706
   0.01900  0.02029 -4.58012
   0.01448  0.01796 -5.11400
   0.01092  0.01581 -5.70199
   0.00811  0.01381 -6.38448
   0.00586  0.01190 -6.98317
   0.00402  0.00998 -7.34027
   0.00256  0.00808 -7.60864
   0.00146  0.00627 -7.86820
   0.00068  0.00454 -8.00967
   0.00018  0.00288 -7.95369
  -0.00003  0.00126 -7.50681
   0.00004 -0.00033 -6.44035
   0.00042 -0.00192 -4.87407
   0.00109 -0.00351 -3.38696
   0.00208 -0.00509 -2.14351
   0.00340 -0.00664 -1.15587
   0.00510 -0.00808 -0.34643
   0.00721 -0.00932  0.30686
   0.00973 -0.01046  0.65526
   0.01277 -0.01151  0.85235
   0.01650 -0.01243  0.95857
   0.02128 -0.01320  0.99760
   0.02781 -0.01394  0.99358
   0.03707 -0.01484  0.96176
   0.04881 -0.01586  0.91484
   0.06148 -0.01690  0.86598
   0.07515 -0.01794  0.81688
   0.08967 -0.01894  0.77152
   0.10447 -0.01986  0.73094
   0.11934 -0.02071  0.69461
   0.13429 -0.02151  0.66202
   0.14932 -0.02226  0.63198
   0.16439 -0.02296  0.60461
   0.17947 -0.02363  0.57910
   0.19455 -0.02426  0.55565
   0.20965 -0.02484  0.53439
   0.22482 -0.02540  0.51445
   0.24005 -0.02594  0.49555
   0.25531 -0.02647  0.47663
   0.27053 -0.02699  0.45713
   0.28566 -0.02748  0.43833
   0.30072 -0.02793  0.42017
   0.31576 -0.02833  0.40445
   0.33083 -0.02869  0.38972
   0.34594 -0.02900  0.37578
   0.36107 -0.02929  0.36096
   0.37618 -0.02953  0.34662
   0.39123 -0.02973  0.33214
   0.40624 -0.02988  0.31957
   0.42125 -0.02996  0.30753
   0.43626 -0.02999  0.29622
   0.45129 -0.02997  0.28612
   0.46633 -0.02990  0.27568
   0.48138 -0.02977  0.26606
   0.49641 -0.02959  0.25619
   0.51142 -0.02935  0.24782
   0.52642 -0.02906  0.23889
   0.54139 -0.02871  0.23115
   0.55637 -0.02829  0.22432
   0.57138 -0.02782  0.21931
   0.58643 -0.02729  0.21409
   0.60150 -0.02671  0.20844
   0.61655 -0.02609  0.20276
   0.63156 -0.02541  0.19627
   0.64653 -0.02468  0.19130
   0.66145 -0.02389  0.18923
   0.67637 -0.02303  0.18577
   0.69130 -0.02210  0.18679
   0.70627 -0.02110  0.18710
   0.72131 -0.02006  0.19052
   0.73642 -0.01898  0.19359
   0.75159 -0.01788  0.19642
   0.76680 -0.01680  0.19625
   0.78202 -0.01571  0.19493
   0.79724 -0.01463  0.19541
   0.81248 -0.01355  0.19357
   0.82774 -0.01246  0.19393
   0.84298 -0.01137  0.19415
   0.85821 -0.01028  0.19362
   0.87336 -0.00920  0.19309
   0.88846 -0.00813  0.19370
   0.90362 -0.00705  0.19418
   0.91870 -0.00598  0.19498
   0.93364 -0.00491  0.19791
   0.94863 -0.00385  0.20132
   0.96248 -0.00286  0.20733
   0.97464 -0.00199  0.21689
   0.98520 -0.00124  0.23210
   0.99444 -0.00058  0.25564
   1.00000 -0.00018  0.39840
