                                                
 Alfa =  10.00000 Re =  4000000.000 Xflap,Yflap =     0.000000    0.000000
#    x        y        Cp  
   1.00000  0.00160  0.54598
   0.99292  0.00368  0.35733
   0.98133  0.00710  0.27308
   0.96841  0.01094  0.20434
   0.95402  0.01525  0.14270
   0.93827  0.02000  0.08061
   0.92154  0.02507  0.01756
   0.90427  0.03027 -0.04500
   0.88676  0.03546 -0.10259
   0.86909  0.04061 -0.15637
   0.85129  0.04569 -0.20758
   0.83339  0.05069 -0.25780
   0.81541  0.05562 -0.30747
   0.79737  0.06047 -0.35672
   0.77926  0.06522 -0.40609
   0.76111  0.06989 -0.45630
   0.74292  0.07445 -0.50757
   0.72475  0.07889 -0.55940
   0.70662  0.08321 -0.61303
   0.68861  0.08738 -0.66983
   0.67077  0.09138 -0.73002
   0.65312  0.09519 -0.79037
   0.63567  0.09878 -0.85169
   0.61837  0.10215 -0.91142
   0.60116  0.10529 -0.96799
   0.58395  0.10820 -1.01832
   0.56666  0.11090 -1.06355
   0.54925  0.11341 -1.10700
   0.53168  0.11573 -1.15079
   0.51399  0.11787 -1.19436
   0.49623  0.11984 -1.24228
   0.47851  0.12163 -1.29793
   0.46092  0.12322 -1.35718
   0.44351  0.12460 -1.41876
   0.42628  0.12574 -1.48073
   0.40918  0.12666 -1.54345
   0.39216  0.12732 -1.60602
   0.37512  0.12774 -1.66604
   0.35798  0.12789 -1.72769
   0.34079  0.12777 -1.78973
   0.32364  0.12738 -1.85467
   0.30670  0.12671 -1.92321
   0.29019  0.12579 -2.00228
   0.27433  0.12462 -2.09276
   0.25918  0.12320 -2.18221
   0.24467  0.12150 -2.26431
   0.23065  0.11950 -2.33797
   0.21696  0.11717 -2.39598
   0.20338  0.11443 -2.43222
   0.18962  0.11118 -2.41105
   0.17536  0.10735 -2.33970
   0.16054  0.10302 -2.27311
   0.14567  0.09847 -2.27197
   0.13172  0.09408 -2.40694
   0.11922  0.08985 -2.55346
   0.10800  0.08563 -2.66309
   0.09774  0.08127 -2.67641
   0.08811  0.07666 -2.50580
   0.07892  0.07200 -2.33546
   0.07023  0.06761 -2.33682
   0.06222  0.06362 -2.53806
   0.05502  0.05989 -2.76137
   0.04858  0.05629 -2.93768
   0.04280  0.05273 -2.99974
   0.03759  0.04923 -3.02212
   0.03288  0.04582 -3.02726
   0.02861  0.04252 -3.03914
   0.02475  0.03936 -3.06566
   0.02126  0.03633 -3.14670
   0.01809  0.03341 -3.23758
   0.01524  0.03056 -3.31066
   0.01266  0.02778 -3.35097
   0.01035  0.02507 -3.39910
   0.00830  0.02244 -3.44564
   0.00652  0.01991 -3.49331
   0.00497  0.01748 -3.52400
   0.00366  0.01513 -3.54300
   0.00256  0.01285 -3.52888
   0.00166  0.01064 -3.48844
   0.00095  0.00849 -3.40391
   0.00043  0.00638 -3.26876
   0.00009  0.00431 -3.06673
  -0.00006  0.00226 -2.79782
  -0.00002  0.00022 -2.44821
   0.00022 -0.00180 -2.00844
   0.00066 -0.00383 -1.54232
   0.00129 -0.00587 -1.10657
   0.00211 -0.00791 -0.70658
   0.00313 -0.00995 -0.35049
   0.00435 -0.01201 -0.04402
   0.00578 -0.01406  0.21966
   0.00743 -0.01611  0.43613
   0.00933 -0.01813  0.61568
   0.01148 -0.02010  0.75646
   0.01388 -0.02197  0.86322
   0.01656 -0.02372  0.93732
   0.01950 -0.02532  0.98011
   0.02274 -0.02679  0.99823
   0.02628 -0.02813  0.99808
   0.03015 -0.02936  0.98574
   0.03441 -0.03050  0.96533
   0.03914 -0.03156  0.94037
   0.04443 -0.03255  0.91291
   0.05038 -0.03350  0.88439
   0.05702 -0.03449  0.85115
   0.06438 -0.03546  0.81351
   0.07247 -0.03633  0.77373
   0.08139 -0.03700  0.73857
   0.09143 -0.03741  0.71200
   0.10296 -0.03760  0.68956
   0.11619 -0.03764  0.66705
   0.13097 -0.03756  0.64644
   0.14688 -0.03742  0.62815
   0.16359 -0.03733  0.60642
   0.18108 -0.03730  0.58216
   0.19932 -0.03729  0.55781
   0.21819 -0.03725  0.53603
   0.23750 -0.03715  0.51621
   0.25703 -0.03702  0.49812
   0.27663 -0.03685  0.48134
   0.29617 -0.03666  0.46543
   0.31562 -0.03645  0.45014
   0.33497 -0.03622  0.43532
   0.35423 -0.03595  0.42100
   0.37344 -0.03565  0.40774
   0.39261 -0.03529  0.39577
   0.41178 -0.03488  0.38578
   0.43098 -0.03440  0.37755
   0.45024 -0.03390  0.37020
   0.46956 -0.03337  0.36315
   0.48892 -0.03284  0.35600
   0.50828 -0.03234  0.34742
   0.52759 -0.03187  0.33677
   0.54682 -0.03140  0.32574
   0.56597 -0.03092  0.31474
   0.58506 -0.03040  0.30419
   0.60416 -0.02984  0.29497
   0.62333 -0.02920  0.28837
   0.64265 -0.02850  0.28251
   0.66212 -0.02777  0.27694
   0.68166 -0.02700  0.27122
   0.70115 -0.02623  0.26362
   0.72040 -0.02547  0.25204
   0.73926 -0.02468  0.24003
   0.75771 -0.02383  0.22824
   0.77578 -0.02287  0.21881
   0.79359 -0.02176  0.21269
   0.81130 -0.02046  0.21323
   0.82909 -0.01895  0.22023
   0.84710 -0.01726  0.23052
   0.86533 -0.01540  0.24427
   0.88370 -0.01343  0.26001
   0.90201 -0.01139  0.27888
   0.91991 -0.00937  0.30043
   0.93703 -0.00748  0.32238
   0.95298 -0.00580  0.34293
   0.96756 -0.00438  0.36176
   0.98075 -0.00319  0.38656
   0.99267 -0.00218  0.42408
   1.00000 -0.00160  0.54598
