                                                
 Alfa =  10.00000 Re =  4000000.000 Xflap,Yflap =     0.000000    0.000000
#    x        y        Cp  
   1.00000  0.00000  0.54719
   0.99555  0.00118 -0.03197
   0.98847  0.00185  0.10221
   0.98020  0.00240  0.14345
   0.97013  0.00325  0.09452
   0.95800  0.00422  0.08410
   0.94402  0.00536  0.06046
   0.92886  0.00661  0.04467
   0.91315  0.00794  0.02894
   0.89719  0.00934  0.01095
   0.88112  0.01081 -0.00682
   0.86499  0.01232 -0.02471
   0.84884  0.01389 -0.04291
   0.83268  0.01550 -0.06038
   0.81653  0.01717 -0.08091
   0.80031  0.01888 -0.10221
   0.78406  0.02063 -0.12278
   0.76780  0.02240 -0.14237
   0.75156  0.02421 -0.16422
   0.73530  0.02604 -0.18631
   0.71903  0.02790 -0.20966
   0.70272  0.02979 -0.23511
   0.68641  0.03170 -0.26060
   0.67008  0.03362 -0.28895
   0.65372  0.03554 -0.31760
   0.63735  0.03746 -0.34558
   0.62100  0.03937 -0.37760
   0.60472  0.04126 -0.41078
   0.58851  0.04312 -0.44562
   0.57235  0.04493 -0.48059
   0.55624  0.04669 -0.51749
   0.54020  0.04838 -0.55525
   0.52423  0.05000 -0.59439
   0.50834  0.05152 -0.63276
   0.49250  0.05294 -0.67128
   0.47670  0.05425 -0.70791
   0.46093  0.05545 -0.74547
   0.44519  0.05653 -0.78155
   0.42948  0.05749 -0.81861
   0.41380  0.05832 -0.85578
   0.39816  0.05900 -0.89021
   0.38254  0.05956 -0.92442
   0.36691  0.05996 -0.95813
   0.35129  0.06023 -0.99034
   0.33568  0.06036 -1.02383
   0.32007  0.06034 -1.05541
   0.30446  0.06017 -1.08786
   0.28882  0.05987 -1.12000
   0.27317  0.05942 -1.15488
   0.25755  0.05885 -1.19470
   0.24197  0.05813 -1.23620
   0.22642  0.05727 -1.27912
   0.21090  0.05626 -1.32811
   0.19545  0.05511 -1.38304
   0.18010  0.05379 -1.44341
   0.16484  0.05232 -1.50923
   0.14969  0.05067 -1.58432
   0.13472  0.04885 -1.67515
   0.12003  0.04684 -1.78047
   0.10567  0.04464 -1.89615
   0.09178  0.04226 -2.04038
   0.07862  0.03972 -2.20943
   0.06643  0.03707 -2.41138
   0.05548  0.03438 -2.64577
   0.04596  0.03173 -2.92252
   0.03788  0.02918 -3.22547
   0.03111  0.02675 -3.56766
   0.02545  0.02444 -3.91541
   0.02072  0.02223 -4.28379
   0.01672  0.02010 -4.65256
   0.01333  0.01804 -5.02996
   0.01045  0.01603 -5.39860
   0.00800  0.01407 -5.77698
   0.00593  0.01214 -6.13855
   0.00420  0.01022 -6.45804
   0.00276  0.00831 -6.75545
   0.00163  0.00639 -6.91980
   0.00081  0.00449 -6.78367
   0.00029  0.00265 -6.39986
   0.00003  0.00088 -5.84470
   0.00003 -0.00088 -4.99073
   0.00029 -0.00265 -3.94094
   0.00081 -0.00449 -2.90182
   0.00163 -0.00639 -1.94719
   0.00276 -0.00831 -1.09074
   0.00420 -0.01022 -0.43711
   0.00593 -0.01214  0.04184
   0.00800 -0.01407  0.39218
   0.01045 -0.01603  0.64170
   0.01333 -0.01804  0.81027
   0.01672 -0.02010  0.91687
   0.02072 -0.02223  0.97627
   0.02545 -0.02444  0.99895
   0.03111 -0.02675  0.99391
   0.03788 -0.02918  0.96794
   0.04596 -0.03173  0.92700
   0.05548 -0.03438  0.87653
   0.06643 -0.03707  0.82055
   0.07862 -0.03972  0.76353
   0.09179 -0.04226  0.70818
   0.10567 -0.04464  0.65641
   0.12003 -0.04684  0.60796
   0.13472 -0.04885  0.56446
   0.14969 -0.05067  0.52455
   0.16484 -0.05232  0.48761
   0.18010 -0.05379  0.45326
   0.19545 -0.05511  0.42164
   0.21090 -0.05626  0.39287
   0.22642 -0.05727  0.36598
   0.24198 -0.05813  0.34051
   0.25755 -0.05885  0.31666
   0.27317 -0.05942  0.29562
   0.28882 -0.05987  0.27418
   0.30446 -0.06017  0.25472
   0.32007 -0.06034  0.23611
   0.33568 -0.06036  0.22047
   0.35129 -0.06023  0.20560
   0.36691 -0.05996  0.19280
   0.38254 -0.05956  0.18132
   0.39816 -0.05900  0.17224
   0.41380 -0.05832  0.16367
   0.42948 -0.05749  0.15870
   0.44519 -0.05653  0.15381
   0.46094 -0.05545  0.15055
   0.47670 -0.05425  0.14855
   0.49250 -0.05294  0.14784
   0.50834 -0.05152  0.14848
   0.52423 -0.05000  0.15117
   0.54020 -0.04838  0.15391
   0.55624 -0.04669  0.15832
   0.57235 -0.04493  0.16199
   0.58851 -0.04312  0.16588
   0.60472 -0.04126  0.17010
   0.62100 -0.03937  0.17563
   0.63736 -0.03746  0.17933
   0.65373 -0.03554  0.18213
   0.67008 -0.03362  0.18599
   0.68641 -0.03170  0.18971
   0.70273 -0.02979  0.19326
   0.71903 -0.02790  0.19559
   0.73530 -0.02604  0.19855
   0.75156 -0.02420  0.20052
   0.76780 -0.02240  0.20190
   0.78406 -0.02063  0.20281
   0.80031 -0.01888  0.20460
   0.81653 -0.01717  0.20635
   0.83269 -0.01550  0.20840
   0.84884 -0.01389  0.20776
   0.86500 -0.01232  0.20793
   0.88112 -0.01081  0.20763
   0.89719 -0.00934  0.20663
   0.91315 -0.00794  0.20585
   0.92886 -0.00661  0.20212
   0.94402 -0.00536  0.19821
   0.95800 -0.00422  0.20098
   0.97013 -0.00325  0.19155
   0.98020 -0.00240  0.21896
   0.98847 -0.00185  0.16419
   0.99555 -0.00118  0.01070
   1.00000  0.00000  0.54719
