                                                
 Alfa =  10.00000 Re =  4000000.000 Xflap,Yflap =     0.000000    0.000000
#    x        y        Cp  
   1.00000  0.00000  0.38526
   0.99430  0.00231  0.20727
   0.98389  0.00670 -0.00413
   0.97245  0.01113 -0.15673
   0.96037  0.01520 -0.21779
   0.94744  0.01911 -0.25340
   0.93406  0.02288 -0.28643
   0.92050  0.02651 -0.31775
   0.90680  0.03002 -0.34873
   0.89299  0.03343 -0.37914
   0.87912  0.03674 -0.41094
   0.86520  0.03996 -0.43754
   0.85125  0.04310 -0.46859
   0.83726  0.04615 -0.49791
   0.82324  0.04913 -0.52724
   0.80920  0.05204 -0.55622
   0.79513  0.05487 -0.58616
   0.78106  0.05762 -0.61769
   0.76697  0.06030 -0.64795
   0.75288  0.06290 -0.68005
   0.73878  0.06542 -0.71049
   0.72467  0.06786 -0.74234
   0.71056  0.07021 -0.77413
   0.69643  0.07247 -0.80741
   0.68230  0.07464 -0.83782
   0.66818  0.07672 -0.87151
   0.65404  0.07870 -0.90116
   0.63990  0.08058 -0.93376
   0.62576  0.08236 -0.96448
   0.61161  0.08403 -0.99353
   0.59744  0.08560 -1.02345
   0.58325  0.08706 -1.05149
   0.56906  0.08843 -1.08107
   0.55485  0.08969 -1.11068
   0.54064  0.09085 -1.14064
   0.52642  0.09191 -1.17058
   0.51221  0.09286 -1.20141
   0.49799  0.09370 -1.23317
   0.48378  0.09443 -1.26448
   0.46957  0.09504 -1.29541
   0.45536  0.09554 -1.32719
   0.44116  0.09593 -1.35876
   0.42695  0.09619 -1.39037
   0.41275  0.09634 -1.42371
   0.39855  0.09636 -1.45668
   0.38436  0.09625 -1.49033
   0.37018  0.09603 -1.52730
   0.35602  0.09567 -1.56262
   0.34188  0.09517 -1.59916
   0.32776  0.09453 -1.63746
   0.31366  0.09375 -1.67441
   0.29958  0.09282 -1.71268
   0.28552  0.09174 -1.75246
   0.27150  0.09051 -1.79341
   0.25750  0.08911 -1.83557
   0.24353  0.08755 -1.87894
   0.22960  0.08583 -1.92482
   0.21570  0.08393 -1.97348
   0.20186  0.08185 -2.02767
   0.18809  0.07959 -2.08476
   0.17439  0.07713 -2.14645
   0.16077  0.07447 -2.21197
   0.14723  0.07159 -2.28224
   0.13379  0.06849 -2.36531
   0.12049  0.06515 -2.45967
   0.10736  0.06156 -2.56438
   0.09443  0.05769 -2.68396
   0.08174  0.05353 -2.82067
   0.06931  0.04905 -2.99006
   0.05729  0.04425 -3.19281
   0.04592  0.03915 -3.44529
   0.03534  0.03379 -3.76244
   0.02579  0.02820 -4.16585
   0.01809  0.02292 -4.64680
   0.01243  0.01829 -5.14243
   0.00826  0.01419 -5.51886
   0.00521  0.01061 -5.84387
   0.00307  0.00768 -6.40590
   0.00159  0.00529 -7.75945
   0.00065  0.00329 -9.11983
   0.00015  0.00152 -9.90221
   0.00000 -0.00008-10.96645
   0.00025 -0.00156 -9.24757
   0.00091 -0.00304 -6.47968
   0.00204 -0.00458 -4.10978
   0.00387 -0.00619 -2.06592
   0.00678 -0.00775 -0.37594
   0.01111 -0.00917  0.51456
   0.01666 -0.01072  0.81351
   0.02389 -0.01251  0.95135
   0.03361 -0.01436  0.99914
   0.04562 -0.01599  0.98599
   0.05866 -0.01737  0.94933
   0.07214 -0.01850  0.90663
   0.08589 -0.01939  0.86511
   0.09986 -0.02007  0.82670
   0.11397 -0.02060  0.79158
   0.12816 -0.02099  0.75955
   0.14240 -0.02127  0.73064
   0.15667 -0.02144  0.70429
   0.17098 -0.02152  0.68027
   0.18531 -0.02151  0.65860
   0.19966 -0.02144  0.63822
   0.21404 -0.02129  0.62000
   0.22843 -0.02108  0.60267
   0.24283 -0.02081  0.58707
   0.25724 -0.02048  0.57209
   0.27165 -0.02010  0.55859
   0.28606 -0.01967  0.54538
   0.30047 -0.01919  0.53355
   0.31488 -0.01866  0.52258
   0.32930 -0.01808  0.51223
   0.34372 -0.01745  0.50303
   0.35814 -0.01678  0.49407
   0.37257 -0.01606  0.48563
   0.38699 -0.01531  0.47774
   0.40140 -0.01450  0.47074
   0.41579 -0.01364  0.46423
   0.43018 -0.01274  0.45848
   0.44456 -0.01178  0.45330
   0.45893 -0.01078  0.44924
   0.47330 -0.00971  0.44623
   0.48767 -0.00860  0.44415
   0.50204 -0.00743  0.44300
   0.51642 -0.00622  0.44309
   0.53083 -0.00497  0.44420
   0.54526 -0.00368  0.44665
   0.55971 -0.00238  0.44855
   0.57418 -0.00108  0.45127
   0.58865  0.00020  0.45379
   0.60311  0.00147  0.45577
   0.61755  0.00270  0.45790
   0.63197  0.00391  0.46087
   0.64637  0.00507  0.46231
   0.66076  0.00619  0.46486
   0.67514  0.00726  0.46717
   0.68950  0.00828  0.46949
   0.70385  0.00923  0.47125
   0.71819  0.01012  0.47406
   0.73252  0.01094  0.47591
   0.74683  0.01168  0.47804
   0.76114  0.01234  0.48014
   0.77543  0.01291  0.48171
   0.78970  0.01339  0.48406
   0.80396  0.01376  0.48560
   0.81818  0.01403  0.48755
   0.83238  0.01418  0.48966
   0.84655  0.01420  0.49113
   0.86069  0.01409  0.49263
   0.87478  0.01382  0.49330
   0.88883  0.01340  0.49505
   0.90279  0.01279  0.49707
   0.91664  0.01198  0.49655
   0.93032  0.01093  0.49667
   0.94384  0.00961  0.49177
   0.95719  0.00798  0.48344
   0.97027  0.00603  0.46773
   0.98275  0.00380  0.44861
   0.99395  0.00143  0.42204
   1.00000  0.00000  0.38526
