                                                
 Alfa =  10.00000 Re =  4000000.000 Xflap,Yflap =     0.000000    0.000000
#    x        y        Cp  
   1.00000  0.00145  0.27164
   0.99444  0.00232  0.15594
   0.98517  0.00377  0.10590
   0.97456  0.00544  0.06686
   0.96234  0.00739  0.02831
   0.94845  0.00963 -0.01011
   0.93349  0.01207 -0.05169
   0.91854  0.01449 -0.09098
   0.90349  0.01687 -0.12639
   0.88875  0.01913 -0.15550
   0.87423  0.02127 -0.17711
   0.85976  0.02334 -0.19578
   0.84523  0.02537 -0.21246
   0.83054  0.02740 -0.22856
   0.81567  0.02944 -0.24599
   0.80062  0.03151 -0.26401
   0.78543  0.03362 -0.28799
   0.77020  0.03575 -0.31491
   0.75496  0.03788 -0.34445
   0.73977  0.03998 -0.37320
   0.72465  0.04204 -0.40470
   0.70960  0.04404 -0.43319
   0.69461  0.04597 -0.46268
   0.67964  0.04783 -0.48652
   0.66469  0.04963 -0.51147
   0.64972  0.05136 -0.53530
   0.63472  0.05304 -0.55784
   0.61969  0.05466 -0.58165
   0.60463  0.05622 -0.60490
   0.58955  0.05772 -0.62834
   0.57444  0.05918 -0.65309
   0.55933  0.06057 -0.67760
   0.54422  0.06191 -0.70382
   0.52912  0.06319 -0.72879
   0.51402  0.06442 -0.75542
   0.49892  0.06558 -0.78328
   0.48381  0.06668 -0.81001
   0.46870  0.06773 -0.83971
   0.45357  0.06871 -0.86897
   0.43844  0.06964 -0.90119
   0.42330  0.07051 -0.93458
   0.40816  0.07131 -0.97051
   0.39304  0.07206 -1.01070
   0.37793  0.07274 -1.05534
   0.36287  0.07335 -1.10386
   0.34784  0.07386 -1.15403
   0.33287  0.07428 -1.20748
   0.31795  0.07457 -1.26262
   0.30310  0.07475 -1.32133
   0.28830  0.07478 -1.38282
   0.27358  0.07467 -1.44647
   0.25892  0.07439 -1.51281
   0.24434  0.07394 -1.58002
   0.22983  0.07328 -1.64999
   0.21541  0.07243 -1.71960
   0.20107  0.07135 -1.79029
   0.18682  0.07004 -1.85991
   0.17266  0.06849 -1.93093
   0.15857  0.06668 -2.00445
   0.14454  0.06462 -2.08034
   0.13053  0.06229 -2.16276
   0.11656  0.05969 -2.26163
   0.10269  0.05684 -2.39212
   0.08908  0.05376 -2.60861
   0.07618  0.05047 -2.89876
   0.06469  0.04705 -3.29584
   0.05470  0.04337 -3.63292
   0.04567  0.03913 -3.63694
   0.03701  0.03419 -3.35116
   0.02851  0.02876 -3.12365
   0.02044  0.02340 -3.36580
   0.01409  0.01887 -3.84398
   0.00988  0.01551 -4.30547
   0.00696  0.01292 -4.87588
   0.00482  0.01076 -5.45429
   0.00319  0.00886 -6.08437
   0.00196  0.00714 -6.73576
   0.00104  0.00554 -7.36953
   0.00040  0.00404 -7.89490
   0.00002  0.00260 -8.12052
  -0.00011  0.00121 -7.82723
   0.00003 -0.00016 -6.75308
   0.00045 -0.00150 -4.98723
   0.00115 -0.00286 -3.31646
   0.00215 -0.00422 -1.97062
   0.00345 -0.00562 -0.95959
   0.00512 -0.00705 -0.23244
   0.00724 -0.00854  0.28104
   0.00994 -0.01009  0.63244
   0.01340 -0.01164  0.85585
   0.01778 -0.01299  0.97388
   0.02317 -0.01389  0.99937
   0.02957 -0.01426  0.97372
   0.03740 -0.01409  0.93096
   0.04750 -0.01337  0.88923
   0.06024 -0.01237  0.84365
   0.07370 -0.01127  0.79860
   0.08679 -0.00991  0.77631
   0.10002 -0.00851  0.76466
   0.11370 -0.00740  0.74353
   0.12789 -0.00656  0.71705
   0.14257 -0.00588  0.68838
   0.15763 -0.00522  0.66294
   0.17290 -0.00451  0.64337
   0.18823 -0.00378  0.62667
   0.20354 -0.00304  0.61200
   0.21880 -0.00233  0.59824
   0.23403 -0.00164  0.58588
   0.24925 -0.00097  0.57425
   0.26445 -0.00034  0.56361
   0.27964  0.00025  0.55323
   0.29484  0.00080  0.54361
   0.31003  0.00131  0.53404
   0.32522  0.00178  0.52450
   0.34042  0.00220  0.51507
   0.35563  0.00258  0.50584
   0.37085  0.00292  0.49681
   0.38608  0.00323  0.48775
   0.40133  0.00350  0.47917
   0.41661  0.00375  0.47004
   0.43191  0.00397  0.46126
   0.44724  0.00417  0.45269
   0.46260  0.00435  0.44458
   0.47797  0.00453  0.43626
   0.49335  0.00470  0.42948
   0.50872  0.00487  0.42288
   0.52406  0.00504  0.41817
   0.53937  0.00519  0.41298
   0.55463  0.00532  0.40931
   0.56985  0.00542  0.40420
   0.58502  0.00547  0.39974
   0.60017  0.00547  0.39371
   0.61529  0.00541  0.38614
   0.63041  0.00530  0.37761
   0.64554  0.00514  0.36886
   0.66070  0.00496  0.35896
   0.67589  0.00477  0.35013
   0.69114  0.00457  0.34103
   0.70645  0.00438  0.33308
   0.72181  0.00421  0.32615
   0.73713  0.00405  0.32055
   0.75240  0.00390  0.31514
   0.76764  0.00375  0.30988
   0.78289  0.00362  0.30598
   0.79822  0.00348  0.30166
   0.81352  0.00333  0.29899
   0.82862  0.00317  0.29672
   0.84352  0.00299  0.29349
   0.85826  0.00276  0.29041
   0.87291  0.00247  0.28598
   0.88759  0.00212  0.28015
   0.90245  0.00167  0.27122
   0.91765  0.00112  0.25430
   0.93291  0.00054  0.23756
   0.94802 -0.00003  0.22145
   0.96199 -0.00050  0.21244
   0.97430 -0.00086  0.20996
   0.98501 -0.00113  0.20807
   0.99437 -0.00134  0.22089
   1.00000 -0.00145  0.27164
