                                                
 Alfa =  10.00000 Re =  4000000.000 Xflap,Yflap =     0.000000    0.000000
#    x        y        Cp  
   1.00000  0.00009  0.60108
   0.99553  0.00326  0.00525
   0.98800  0.00773 -0.16296
   0.97888  0.01219 -0.19365
   0.96812  0.01693 -0.24752
   0.95619  0.02175 -0.24243
   0.94330  0.02688 -0.29574
   0.93036  0.03199 -0.40977
   0.91701  0.03683 -0.43991
   0.90262  0.04174 -0.45561
   0.88774  0.04664 -0.49534
   0.87288  0.05135 -0.52437
   0.85775  0.05597 -0.54465
   0.84224  0.06058 -0.56696
   0.82652  0.06517 -0.59151
   0.81071  0.06972 -0.62122
   0.79485  0.07425 -0.65582
   0.77897  0.07874 -0.69400
   0.76310  0.08318 -0.73382
   0.74725  0.08755 -0.77761
   0.73143  0.09186 -0.82179
   0.71562  0.09610 -0.86851
   0.69984  0.10026 -0.91581
   0.68406  0.10434 -0.96588
   0.66828  0.10834 -1.01448
   0.65248  0.11225 -1.06635
   0.63668  0.11609 -1.12032
   0.62087  0.11983 -1.17891
   0.60509  0.12348 -1.23891
   0.58933  0.12703 -1.30497
   0.57359  0.13047 -1.37159
   0.55789  0.13378 -1.44594
   0.54224  0.13696 -1.52190
   0.52666  0.13999 -1.60397
   0.51114  0.14285 -1.68849
   0.49569  0.14553 -1.77657
   0.48032  0.14802 -1.86844
   0.46502  0.15030 -1.96201
   0.44980  0.15236 -2.05809
   0.43466  0.15418 -2.15569
   0.41960  0.15576 -2.25322
   0.40462  0.15707 -2.35097
   0.38971  0.15810 -2.44940
   0.37489  0.15885 -2.54762
   0.36016  0.15931 -2.64237
   0.34553  0.15945 -2.73554
   0.33100  0.15928 -2.82360
   0.31654  0.15877 -2.90680
   0.30216  0.15794 -2.98365
   0.28789  0.15676 -3.06075
   0.27373  0.15524 -3.12911
   0.25969  0.15337 -3.19157
   0.24576  0.15113 -3.24430
   0.23194  0.14853 -3.29113
   0.21826  0.14557 -3.33250
   0.20474  0.14223 -3.36498
   0.19135  0.13853 -3.38558
   0.17809  0.13444 -3.39946
   0.16501  0.12999 -3.41250
   0.15213  0.12517 -3.41919
   0.13947  0.12000 -3.41966
   0.12704  0.11446 -3.41307
   0.11487  0.10856 -3.40734
   0.10304  0.10235 -3.40553
   0.09160  0.09583 -3.39786
   0.08059  0.08900 -3.38235
   0.07004  0.08188 -3.35556
   0.06001  0.07450 -3.32014
   0.05053  0.06688 -3.26911
   0.04166  0.05908 -3.20968
   0.03357  0.05132 -3.16478
   0.02647  0.04385 -3.13542
   0.02045  0.03690 -3.12562
   0.01554  0.03064 -3.12307
   0.01168  0.02524 -3.13685
   0.00869  0.02065 -3.17359
   0.00634  0.01671 -3.24007
   0.00445  0.01326 -3.42216
   0.00295  0.01021 -3.68297
   0.00181  0.00752 -3.93511
   0.00097  0.00515 -4.25150
   0.00039  0.00306 -4.79413
   0.00007  0.00116 -5.23932
   0.00001 -0.00065 -5.45665
   0.00024 -0.00241 -5.47610
   0.00084 -0.00408 -5.07128
   0.00189 -0.00557 -3.42574
   0.00340 -0.00681 -1.78088
   0.00528 -0.00779 -0.66080
   0.00745 -0.00843  0.08484
   0.00995 -0.00874  0.55449
   0.01288 -0.00873  0.81058
   0.01636 -0.00850  0.92608
   0.02058 -0.00805  0.98000
   0.02579 -0.00733  0.99892
   0.03245 -0.00629  0.99664
   0.04116 -0.00492  0.98116
   0.05242 -0.00325  0.95618
   0.06604 -0.00131  0.92618
   0.08115  0.00076  0.89605
   0.09704  0.00287  0.86773
   0.11329  0.00498  0.84225
   0.12973  0.00709  0.81963
   0.14624  0.00918  0.79989
   0.16275  0.01126  0.78270
   0.17923  0.01331  0.76754
   0.19569  0.01532  0.75410
   0.21214  0.01731  0.74215
   0.22857  0.01925  0.73130
   0.24500  0.02115  0.72162
   0.26142  0.02301  0.71278
   0.27785  0.02483  0.70477
   0.29427  0.02661  0.69746
   0.31068  0.02834  0.69103
   0.32709  0.03002  0.68484
   0.34351  0.03167  0.67953
   0.35991  0.03325  0.67488
   0.37629  0.03479  0.67050
   0.39266  0.03627  0.66641
   0.40904  0.03770  0.66270
   0.42541  0.03907  0.65971
   0.44175  0.04038  0.65724
   0.45806  0.04162  0.65456
   0.47434  0.04278  0.65247
   0.49062  0.04387  0.65006
   0.50690  0.04488  0.64850
   0.52316  0.04582  0.64655
   0.53939  0.04667  0.64553
   0.55560  0.04743  0.64362
   0.57179  0.04810  0.64309
   0.58796  0.04868  0.64178
   0.60412  0.04916  0.64041
   0.62027  0.04953  0.64002
   0.63639  0.04981  0.63870
   0.65248  0.04997  0.63857
   0.66853  0.05003  0.63855
   0.68455  0.04996  0.63716
   0.70054  0.04978  0.63757
   0.71648  0.04946  0.63738
   0.73238  0.04901  0.63741
   0.74822  0.04842  0.63733
   0.76400  0.04769  0.63859
   0.77968  0.04679  0.63808
   0.79523  0.04574  0.64042
   0.81063  0.04450  0.64068
   0.82584  0.04306  0.64236
   0.84086  0.04141  0.64196
   0.85565  0.03951  0.64333
   0.87017  0.03737  0.64166
   0.88439  0.03494  0.64094
   0.89833  0.03220  0.63509
   0.91209  0.02911  0.62522
   0.92576  0.02566  0.61193
   0.93932  0.02188  0.59868
   0.95245  0.01787  0.58503
   0.96456  0.01378  0.56688
   0.97570  0.00950  0.52189
   0.98590  0.00520  0.42757
   0.99472  0.00164  0.30816
   1.00000 -0.00003  0.60108
