                                                
 Alfa =  10.00000 Re =  4000000.000 Xflap,Yflap =     0.000000    0.000000
#    x        y        Cp  
   1.00000  0.00000  0.37369
   0.99229  0.00083  0.31444
   0.97980  0.00257  0.22109
   0.96601  0.00467  0.14433
   0.95088  0.00689  0.10236
   0.93453  0.00917  0.07519
   0.91715  0.01156  0.05692
   0.89902  0.01407  0.03675
   0.88042  0.01672  0.01509
   0.86151  0.01950 -0.00833
   0.84235  0.02240 -0.03379
   0.82303  0.02539 -0.05899
   0.80360  0.02848 -0.08550
   0.78408  0.03166 -0.11346
   0.76447  0.03491 -0.14324
   0.74477  0.03824 -0.17452
   0.72498  0.04164 -0.20754
   0.70511  0.04509 -0.24157
   0.68516  0.04857 -0.27759
   0.66516  0.05209 -0.31476
   0.64514  0.05562 -0.35464
   0.62513  0.05915 -0.39658
   0.60518  0.06267 -0.44035
   0.58530  0.06614 -0.48644
   0.56552  0.06957 -0.53454
   0.54585  0.07292 -0.58484
   0.52629  0.07620 -0.63772
   0.50686  0.07939 -0.69307
   0.48757  0.08247 -0.75149
   0.46843  0.08543 -0.81333
   0.44944  0.08825 -0.87716
   0.43061  0.09092 -0.94417
   0.41195  0.09343 -1.01426
   0.39346  0.09576 -1.08843
   0.37517  0.09789 -1.16657
   0.35709  0.09981 -1.24834
   0.33925  0.10150 -1.33378
   0.32164  0.10295 -1.42266
   0.30430  0.10415 -1.51564
   0.28724  0.10507 -1.61280
   0.27050  0.10571 -1.71425
   0.25411  0.10605 -1.82059
   0.23809  0.10608 -1.93006
   0.22250  0.10580 -2.04367
   0.20736  0.10519 -2.16006
   0.19271  0.10425 -2.27804
   0.17859  0.10299 -2.39482
   0.16501  0.10140 -2.51080
   0.15201  0.09951 -2.62632
   0.13965  0.09734 -2.75211
   0.12797  0.09491 -2.87567
   0.11697  0.09221 -2.98408
   0.10665  0.08927 -3.07660
   0.09698  0.08611 -3.14575
   0.08795  0.08276 -3.18897
   0.07953  0.07925 -3.20729
   0.07170  0.07563 -3.20928
   0.06446  0.07196 -3.21092
   0.05780  0.06828 -3.20829
   0.05168  0.06462 -3.20092
   0.04608  0.06101 -3.19270
   0.04096  0.05744 -3.18049
   0.03628  0.05393 -3.16107
   0.03201  0.05051 -3.14025
   0.02814  0.04717 -3.12147
   0.02463  0.04393 -3.10466
   0.02145  0.04078 -3.07756
   0.01858  0.03771 -3.04258
   0.01599  0.03471 -2.98870
   0.01363  0.03176 -2.91072
   0.01148  0.02886 -2.82300
   0.00953  0.02602 -2.73387
   0.00777  0.02323 -2.64854
   0.00617  0.02054 -2.61359
   0.00476  0.01794 -2.60681
   0.00354  0.01544 -2.59465
   0.00251  0.01304 -2.56821
   0.00165  0.01071 -2.52134
   0.00098  0.00845 -2.44135
   0.00047  0.00624 -2.32781
   0.00014  0.00406 -2.16462
  -0.00002  0.00191 -1.94736
   0.00001 -0.00025 -1.67909
   0.00024 -0.00242 -1.33591
   0.00066 -0.00462 -0.99294
   0.00129 -0.00683 -0.65999
   0.00213 -0.00907 -0.35087
   0.00319 -0.01131 -0.06251
   0.00451 -0.01354  0.19581
   0.00608 -0.01573  0.42913
   0.00792 -0.01788  0.61699
   0.01001 -0.02001  0.75773
   0.01234 -0.02213  0.85639
   0.01489 -0.02426  0.92118
   0.01763 -0.02644  0.96201
   0.02058 -0.02866  0.98676
   0.02378 -0.03091  0.99842
   0.02725 -0.03319  0.99898
   0.03103 -0.03551  0.98979
   0.03515 -0.03785  0.97228
   0.03966 -0.04021  0.94759
   0.04459 -0.04260  0.91701
   0.04996 -0.04502  0.88091
   0.05584 -0.04746  0.84033
   0.06225 -0.04991  0.79557
   0.06924 -0.05233  0.74805
   0.07686 -0.05472  0.69833
   0.08516 -0.05704  0.64759
   0.09415 -0.05925  0.59662
   0.10388 -0.06133  0.54700
   0.11435 -0.06324  0.49893
   0.12555 -0.06493  0.45456
   0.13748 -0.06636  0.41324
   0.15011 -0.06751  0.37692
   0.16343 -0.06833  0.34675
   0.17743 -0.06881  0.32402
   0.19216 -0.06894  0.30769
   0.20764 -0.06873  0.29756
   0.22390 -0.06821  0.29235
   0.24094 -0.06741  0.28947
   0.25866 -0.06640  0.28566
   0.27694 -0.06520  0.28263
   0.29564 -0.06385  0.27919
   0.31469 -0.06237  0.27563
   0.33401 -0.06077  0.27282
   0.35356 -0.05908  0.27051
   0.37331 -0.05731  0.26848
   0.39322 -0.05548  0.26644
   0.41324 -0.05360  0.26425
   0.43335 -0.05168  0.26208
   0.45353 -0.04972  0.26043
   0.47378 -0.04774  0.25893
   0.49410 -0.04574  0.25755
   0.51447 -0.04373  0.25582
   0.53486 -0.04172  0.25441
   0.55525 -0.03970  0.25283
   0.57565 -0.03769  0.25140
   0.59603 -0.03569  0.25001
   0.61638 -0.03369  0.24895
   0.63670 -0.03171  0.24809
   0.65699 -0.02975  0.24690
   0.67726 -0.02781  0.24586
   0.69751 -0.02589  0.24453
   0.71775 -0.02399  0.24354
   0.73795 -0.02212  0.24249
   0.75813 -0.02028  0.24124
   0.77827 -0.01847  0.24019
   0.79837 -0.01669  0.23914
   0.81841 -0.01494  0.23822
   0.83833 -0.01324  0.23732
   0.85811 -0.01158  0.23605
   0.87768 -0.00998  0.23471
   0.89689 -0.00842  0.23399
   0.91553 -0.00693  0.23332
   0.93332 -0.00553  0.22997
   0.95001 -0.00415  0.23306
   0.96546 -0.00279  0.24763
   0.97955 -0.00149  0.28704
   0.99224 -0.00043  0.34809
   1.00000  0.00000  0.37369
