                                                
 Alfa =  10.00000 Re =  4000000.000 Xflap,Yflap =     0.000000    0.000000
#    x        y        Cp  
   1.00000  0.00000  0.98598
   0.99968  0.00326  0.73811
   0.99858  0.00580 -0.11053
   0.99717  0.00738 -0.81858
   0.99553  0.00846 -1.13387
   0.99370  0.00921 -1.19288
   0.99168  0.00971 -1.13067
   0.98946  0.01000 -1.01674
   0.98702  0.01011 -0.86295
   0.98434  0.01005 -0.69821
   0.98137  0.00982 -0.56950
   0.97804  0.00943 -0.41491
   0.97424  0.00886 -0.27277
   0.96977  0.00808 -0.14030
   0.96422  0.00703  0.00686
   0.95636  0.00554  0.18592
   0.94252  0.00369  0.35903
   0.93296  0.00344  0.37425
   0.92549  0.00387  0.35391
   0.91823  0.00476  0.29734
   0.90982  0.00623  0.19168
   0.89736  0.00861  0.01624
   0.88656  0.01034 -0.04346
   0.87759  0.01154 -0.07778
   0.86919  0.01253 -0.08913
   0.86087  0.01339 -0.09249
   0.85232  0.01418 -0.09577
   0.84324  0.01495 -0.09411
   0.83325  0.01574 -0.08517
   0.82175  0.01661 -0.07793
   0.80768  0.01770 -0.06611
   0.79051  0.01916 -0.06894
   0.77508  0.02066 -0.08311
   0.76075  0.02216 -0.10136
   0.74654  0.02376 -0.12602
   0.73179  0.02549 -0.15186
   0.71592  0.02742 -0.18258
   0.69854  0.02955 -0.21602
   0.68107  0.03169 -0.24627
   0.66409  0.03376 -0.27154
   0.64715  0.03582 -0.29996
   0.62991  0.03792 -0.32781
   0.61221  0.04008 -0.35827
   0.59406  0.04230 -0.39353
   0.57600  0.04451 -0.43169
   0.55803  0.04670 -0.47557
   0.54001  0.04885 -0.51738
   0.52184  0.05095 -0.56498
   0.50366  0.05298 -0.61138
   0.48559  0.05488 -0.65546
   0.46757  0.05667 -0.70129
   0.44954  0.05835 -0.74592
   0.43148  0.05991 -0.79332
   0.41337  0.06136 -0.84523
   0.39523  0.06270 -0.90111
   0.37708  0.06390 -0.96725
   0.35897  0.06492 -1.03751
   0.34092  0.06572 -1.10977
   0.32296  0.06626 -1.18119
   0.30510  0.06649 -1.24901
   0.28736  0.06639 -1.30718
   0.26970  0.06593 -1.35493
   0.25206  0.06512 -1.39214
   0.23427  0.06394 -1.40422
   0.21621  0.06246 -1.41474
   0.19797  0.06081 -1.45579
   0.17990  0.05908 -1.57097
   0.16228  0.05712 -1.70600
   0.14502  0.05476 -1.82535
   0.12788  0.05187 -1.90340
   0.11072  0.04842 -1.97548
   0.09367  0.04447 -2.06989
   0.07698  0.04007 -2.20370
   0.06036  0.03503 -2.36845
   0.04428  0.02941 -2.63904
   0.03002  0.02358 -3.03547
   0.01616  0.01657 -4.03771
   0.00772  0.01055 -5.04873
   0.00326  0.00600 -6.05695
   0.00138  0.00344 -5.65211
   0.00011  0.00158-15.35437
   0.00007 -0.00041-14.76422
   0.00153 -0.00203 -2.44632
   0.00411 -0.00396 -0.63409
   0.01036 -0.00655  0.77787
   0.02371 -0.01022  0.99990
   0.03899 -0.01300  0.95468
   0.05596 -0.01522  0.87966
   0.07398 -0.01715  0.80730
   0.09179 -0.01878  0.74451
   0.10968 -0.02017  0.68893
   0.12760 -0.02129  0.64134
   0.14549 -0.02214  0.60163
   0.16339 -0.02272  0.57326
   0.18139 -0.02312  0.55299
   0.19951 -0.02349  0.53408
   0.21769 -0.02395  0.50861
   0.23586 -0.02443  0.48081
   0.25400 -0.02485  0.45656
   0.27219 -0.02515  0.44081
   0.29047 -0.02537  0.42544
   0.30884 -0.02556  0.41277
   0.32717 -0.02575  0.39900
   0.34548 -0.02593  0.38489
   0.36378 -0.02613  0.37188
   0.38212 -0.02633  0.35700
   0.40050 -0.02656  0.34353
   0.41883 -0.02679  0.32772
   0.43707 -0.02703  0.31212
   0.45525 -0.02724  0.29448
   0.47339 -0.02741  0.28105
   0.49154 -0.02753  0.26555
   0.50978 -0.02756  0.25455
   0.52811 -0.02751  0.24577
   0.54632 -0.02740  0.23828
   0.56441 -0.02727  0.23078
   0.58253 -0.02712  0.22370
   0.60082 -0.02699  0.21325
   0.61890 -0.02687  0.19946
   0.63644 -0.02676  0.18209
   0.65353 -0.02661  0.16798
   0.67038 -0.02640  0.15271
   0.68736 -0.02608  0.13874
   0.70502 -0.02561  0.13113
   0.72217 -0.02501  0.12983
   0.73782 -0.02437  0.13227
   0.75250 -0.02374  0.13273
   0.76684 -0.02312  0.13288
   0.78159 -0.02251  0.12943
   0.79808 -0.02190  0.11814
   0.81445 -0.02139  0.09031
   0.82740 -0.02098  0.06065
   0.83828 -0.02055  0.03405
   0.84792 -0.02008  0.01495
   0.85682 -0.01952 -0.00369
   0.86532 -0.01886 -0.01574
   0.87371 -0.01804 -0.01872
   0.88236 -0.01699 -0.01379
   0.89196 -0.01553  0.00722
   0.90459 -0.01299  0.12869
   0.91485 -0.01065  0.27746
   0.92266 -0.00911  0.35692
   0.93016 -0.00805  0.39868
   0.93886 -0.00747  0.40689
   0.95271 -0.00801  0.30635
   0.96216 -0.00912  0.12967
   0.96832 -0.00991 -0.02092
   0.97313 -0.01047 -0.14664
   0.97717 -0.01085 -0.28154
   0.98068 -0.01106 -0.40681
   0.98380 -0.01113 -0.55865
   0.98659 -0.01103 -0.68168
   0.98913 -0.01079 -0.81193
   0.99143 -0.01036 -0.92389
   0.99352 -0.00974 -0.98037
   0.99541 -0.00887 -0.93181
   0.99710 -0.00767 -0.61519
   0.99855 -0.00597 -0.01721
   0.99967 -0.00331  0.75317
   1.00000  0.00000  0.98598
