                                                
 Alfa =  10.00000 Re =  4000000.000 Xflap,Yflap =     0.000000    0.000000
#    x        y        Cp  
   1.00000  0.00031  0.18705
   0.99372  0.00271 -0.13137
   0.98542  0.00539 -0.20645
   0.97824  0.00727 -0.16361
   0.97198  0.00874 -0.03416
   0.96648  0.01022  0.04660
   0.96159  0.01195  0.05133
   0.95718  0.01405 -0.16532
   0.95305  0.01626 -0.62212
   0.94892  0.01814 -1.04338
   0.94462  0.01947 -1.08959
   0.94006  0.02036 -0.95404
   0.93521  0.02094 -0.74877
   0.92998  0.02134 -0.51939
   0.92431  0.02175 -0.31473
   0.91815  0.02244 -0.21607
   0.91142  0.02365 -0.28954
   0.90394  0.02530 -0.45197
   0.89536  0.02708 -0.56242
   0.88516  0.02884 -0.54355
   0.87291  0.03079 -0.54902
   0.85878  0.03296 -0.59676
   0.84287  0.03513 -0.60946
   0.82519  0.03731 -0.62490
   0.80624  0.03940 -0.64084
   0.78635  0.04136 -0.65380
   0.76579  0.04316 -0.66464
   0.74469  0.04479 -0.67160
   0.72319  0.04628 -0.68289
   0.70144  0.04764 -0.69587
   0.67950  0.04886 -0.70762
   0.65736  0.04995 -0.72008
   0.63508  0.05093 -0.73477
   0.61272  0.05181 -0.75194
   0.59029  0.05259 -0.76946
   0.56783  0.05327 -0.78958
   0.54534  0.05385 -0.81048
   0.52284  0.05434 -0.83327
   0.50035  0.05472 -0.85740
   0.47784  0.05500 -0.88097
   0.45527  0.05518 -0.90674
   0.43268  0.05526 -0.93398
   0.41000  0.05526 -0.96216
   0.38731  0.05519 -0.99750
   0.36461  0.05504 -1.03616
   0.34196  0.05481 -1.08065
   0.31941  0.05450 -1.13301
   0.29698  0.05410 -1.18947
   0.27471  0.05360 -1.25591
   0.25264  0.05298 -1.32900
   0.23082  0.05223 -1.41312
   0.20933  0.05134 -1.50947
   0.18830  0.05030 -1.62217
   0.16786  0.04907 -1.74774
   0.14817  0.04767 -1.89007
   0.12953  0.04611 -2.05966
   0.11227  0.04439 -2.24857
   0.09659  0.04257 -2.43627
   0.08260  0.04072 -2.63266
   0.07053  0.03903 -2.94925
   0.06038  0.03747 -3.33059
   0.05179  0.03596 -3.74659
   0.04442  0.03447 -4.18427
   0.03805  0.03298 -4.67884
   0.03249  0.03148 -5.24029
   0.02759  0.02994 -5.87927
   0.02325  0.02833 -6.56128
   0.01939  0.02663 -7.20869
   0.01593  0.02481 -7.79394
   0.01285  0.02290 -8.62682
   0.01014  0.02083 -8.74050
   0.00774  0.01867-10.04669
   0.00579  0.01631 -8.87500
   0.00411  0.01386 -8.37718
   0.00267  0.01140 -8.79257
   0.00158  0.00889 -8.08859
   0.00079  0.00634 -7.30775
   0.00028  0.00379 -6.66035
   0.00003  0.00128 -5.81639
   0.00003 -0.00121 -5.03847
   0.00026 -0.00372 -4.32033
   0.00076 -0.00625 -3.50691
   0.00154 -0.00879 -2.79185
   0.00260 -0.01129 -2.10954
   0.00401 -0.01371 -1.24819
   0.00566 -0.01613 -0.74624
   0.00755 -0.01847 -0.45454
   0.00987 -0.02057  0.10764
   0.01250 -0.02255  0.41015
   0.01544 -0.02439  0.64323
   0.01870 -0.02613  0.79679
   0.02228 -0.02776  0.89515
   0.02620 -0.02932  0.95442
   0.03047 -0.03083  0.98616
   0.03506 -0.03229  0.99887
   0.03998 -0.03360  0.99815
   0.04524 -0.03467  0.98854
   0.05089 -0.03558  0.97567
   0.05695 -0.03653  0.96298
   0.06343 -0.03781  0.94628
   0.07037 -0.03948  0.91880
   0.07791 -0.04129  0.87962
   0.08642 -0.04290  0.84257
   0.09652 -0.04425  0.81603
   0.10875 -0.04562  0.78463
   0.12299 -0.04709  0.74525
   0.13904 -0.04854  0.70613
   0.15683 -0.04990  0.66769
   0.17596 -0.05112  0.63151
   0.19610 -0.05219  0.59707
   0.21691 -0.05309  0.56535
   0.23817 -0.05383  0.53542
   0.25965 -0.05441  0.50711
   0.28129 -0.05483  0.48168
   0.30301 -0.05508  0.45723
   0.32480 -0.05517  0.43532
   0.34661 -0.05510  0.41479
   0.36846 -0.05488  0.39532
   0.39022 -0.05451  0.37521
   0.41190 -0.05396  0.35828
   0.43348 -0.05326  0.34086
   0.45493 -0.05237  0.32653
   0.47614 -0.05134  0.30749
   0.49691 -0.05012  0.29274
   0.51729 -0.04869  0.27748
   0.53692 -0.04707  0.25538
   0.55590 -0.04509  0.25017
   0.57461 -0.04276  0.24841
   0.59295 -0.04005  0.25152
   0.61111 -0.03690  0.26592
   0.62940 -0.03324  0.29936
   0.64820 -0.02912  0.33444
   0.66688 -0.02473  0.37657
   0.68558 -0.02022  0.42985
   0.70466 -0.01594  0.45472
   0.72387 -0.01190  0.47836
   0.74293 -0.00821  0.49911
   0.76183 -0.00489  0.51407
   0.78051 -0.00197  0.52891
   0.79886  0.00054  0.54011
   0.81679  0.00263  0.55100
   0.83410  0.00428  0.55941
   0.85056  0.00550  0.56821
   0.86589  0.00628  0.57446
   0.87999  0.00669  0.57926
   0.89243  0.00678  0.59319
   0.90330  0.00646  0.58406
   0.91312  0.00590  0.54813
   0.92203  0.00560  0.55249
   0.92998  0.00556  0.60925
   0.93707  0.00539  0.65663
   0.94355  0.00482  0.68230
   0.94965  0.00366  0.67871
   0.95564  0.00180  0.57825
   0.96190 -0.00021  0.46227
   0.96873 -0.00187  0.45711
   0.97622 -0.00341  0.48961
   0.98445 -0.00527  0.49499
   0.99348 -0.00786  0.45502
   1.00000 -0.01011  0.18705
