                                                
 Alfa =  10.00000 Re =  4000000.000 Xflap,Yflap =     0.000000    0.000000
#    x        y        Cp  
   1.00000  0.00120  0.42482
   0.99395  0.00210  0.25966
   0.98343  0.00367  0.19291
   0.97084  0.00556  0.13699
   0.95645  0.00773  0.08745
   0.94103  0.01005  0.04033
   0.92535  0.01238 -0.00438
   0.90967  0.01461 -0.03773
   0.89394  0.01675 -0.05454
   0.87809  0.01889 -0.07409
   0.86225  0.02109 -0.11456
   0.84643  0.02322 -0.14683
   0.83041  0.02527 -0.16083
   0.81409  0.02731 -0.17660
   0.79760  0.02939 -0.20177
   0.78111  0.03146 -0.22820
   0.76471  0.03349 -0.25579
   0.74838  0.03547 -0.28073
   0.73209  0.03739 -0.30561
   0.71578  0.03924 -0.32587
   0.69941  0.04105 -0.34424
   0.68294  0.04284 -0.36419
   0.66636  0.04460 -0.38393
   0.64973  0.04637 -0.40781
   0.63324  0.04811 -0.44020
   0.61699  0.04978 -0.47281
   0.60085  0.05134 -0.49562
   0.58457  0.05284 -0.50995
   0.56813  0.05433 -0.53285
   0.55173  0.05581 -0.56729
   0.53549  0.05723 -0.60167
   0.51933  0.05855 -0.62838
   0.50311  0.05979 -0.65346
   0.48675  0.06097 -0.67670
   0.47025  0.06211 -0.70267
   0.45369  0.06321 -0.73281
   0.43723  0.06429 -0.77501
   0.42098  0.06529 -0.82291
   0.40498  0.06618 -0.86517
   0.38911  0.06695 -0.90313
   0.37325  0.06759 -0.93840
   0.35722  0.06812 -0.96804
   0.34091  0.06857 -0.99743
   0.32463  0.06898 -1.05555
   0.30881  0.06928 -1.12983
   0.29309  0.06939 -1.16342
   0.27715  0.06936 -1.20513
   0.26118  0.06922 -1.26150
   0.24541  0.06896 -1.33276
   0.22990  0.06856 -1.40988
   0.21454  0.06797 -1.47724
   0.19921  0.06718 -1.54357
   0.18391  0.06621 -1.62522
   0.16890  0.06509 -1.74432
   0.15439  0.06375 -1.86541
   0.14013  0.06211 -1.95375
   0.12602  0.06020 -2.06141
   0.11235  0.05807 -2.21499
   0.09939  0.05569 -2.38074
   0.08701  0.05302 -2.50345
   0.07534  0.05013 -2.68517
   0.06468  0.04711 -2.90327
   0.05512  0.04397 -3.11324
   0.04666  0.04075 -3.33226
   0.03929  0.03748 -3.49565
   0.03282  0.03416 -3.49829
   0.02718  0.03094 -3.58292
   0.02234  0.02793 -3.75325
   0.01823  0.02510 -3.88914
   0.01474  0.02245 -4.01603
   0.01174  0.01997 -4.16993
   0.00918  0.01765 -4.46567
   0.00698  0.01542 -4.80127
   0.00512  0.01324 -5.00278
   0.00359  0.01113 -5.14239
   0.00236  0.00909 -5.20700
   0.00141  0.00714 -5.22845
   0.00072  0.00526 -5.15667
   0.00025  0.00343 -4.94843
   0.00001  0.00164 -4.58814
   0.00001 -0.00013 -4.02928
   0.00024 -0.00191 -3.23938
   0.00071 -0.00369 -2.44989
   0.00142 -0.00548 -1.73211
   0.00238 -0.00725 -1.08219
   0.00362 -0.00899 -0.52580
   0.00517 -0.01065 -0.04433
   0.00705 -0.01217  0.36943
   0.00928 -0.01352  0.66322
   0.01184 -0.01474  0.83738
   0.01480 -0.01588  0.93494
   0.01822 -0.01695  0.98300
   0.02220 -0.01802  0.99928
   0.02681 -0.01912  0.99602
   0.03218 -0.02024  0.97990
   0.03848 -0.02142  0.95616
   0.04570 -0.02277  0.92278
   0.05364 -0.02406  0.89086
   0.06220 -0.02540  0.86028
   0.07128 -0.02694  0.80512
   0.08128 -0.02814  0.78531
   0.09265 -0.02950  0.75204
   0.10545 -0.03111  0.70450
   0.11970 -0.03270  0.67001
   0.13485 -0.03430  0.63057
   0.15029 -0.03581  0.59588
   0.16596 -0.03724  0.56862
   0.18155 -0.03868  0.53650
   0.19696 -0.04013  0.49350
   0.21236 -0.04140  0.46184
   0.22789 -0.04248  0.43563
   0.24355 -0.04342  0.41197
   0.25934 -0.04421  0.39062
   0.27526 -0.04489  0.37029
   0.29120 -0.04546  0.34869
   0.30693 -0.04589  0.32650
   0.32275 -0.04611  0.31996
   0.33904 -0.04625  0.30994
   0.35535 -0.04636  0.29229
   0.37139 -0.04637  0.27601
   0.38726 -0.04626  0.26436
   0.40314 -0.04603  0.25450
   0.41917 -0.04569  0.24793
   0.43544 -0.04523  0.24517
   0.45193 -0.04471  0.24117
   0.46852 -0.04417  0.23273
   0.48504 -0.04359  0.22345
   0.50143 -0.04296  0.21460
   0.51769 -0.04226  0.20666
   0.53388 -0.04149  0.20096
   0.55016 -0.04063  0.19948
   0.56660 -0.03970  0.19920
   0.58309 -0.03877  0.19330
   0.59940 -0.03782  0.18369
   0.61559 -0.03680  0.17875
   0.63188 -0.03568  0.18098
   0.64843 -0.03450  0.18175
   0.66510 -0.03330  0.17979
   0.68173 -0.03209  0.17568
   0.69825 -0.03087  0.17042
   0.71468 -0.02961  0.16687
   0.73104 -0.02831  0.16364
   0.74739 -0.02694  0.16288
   0.76377 -0.02551  0.16431
   0.78024 -0.02404  0.16638
   0.79678 -0.02252  0.16915
   0.81334 -0.02101  0.16971
   0.82971 -0.01951  0.16523
   0.84580 -0.01801  0.15884
   0.86168 -0.01641  0.16703
   0.87758 -0.01475  0.17943
   0.89349 -0.01315  0.17855
   0.90929 -0.01154  0.17375
   0.92503 -0.00984  0.18155
   0.94079 -0.00805  0.19842
   0.95627 -0.00625  0.21614
   0.97073 -0.00456  0.23801
   0.98336 -0.00310  0.26445
   0.99393 -0.00189  0.30324
   1.00000 -0.00120  0.42482
