                                                
 Alfa =  10.00000 Re =  4000000.000 Xflap,Yflap =     0.000000    0.000000
#    x        y        Cp  
   1.00000  0.00000  0.49569
   0.99322  0.00065  0.42591
   0.98259  0.00187  0.39799
   0.97131  0.00344  0.37754
   0.95930  0.00542  0.35708
   0.94646  0.00789  0.33067
   0.93265  0.01094  0.29120
   0.91776  0.01458  0.24385
   0.90174  0.01877  0.18666
   0.88474  0.02340  0.13388
   0.86710  0.02834  0.08014
   0.84908  0.03351  0.02383
   0.83074  0.03887 -0.03866
   0.81210  0.04438 -0.10550
   0.79327  0.04995 -0.17656
   0.77449  0.05546 -0.24922
   0.75596  0.06081 -0.32426
   0.73777  0.06595 -0.40124
   0.71992  0.07085 -0.48009
   0.70239  0.07548 -0.56047
   0.68512  0.07984 -0.64196
   0.66811  0.08390 -0.72444
   0.65144  0.08762 -0.80830
   0.63527  0.09095 -0.89586
   0.61962  0.09385 -0.97818
   0.60432  0.09631 -1.04707
   0.58901  0.09832 -1.07926
   0.57332  0.09998 -1.08493
   0.55699  0.10136 -1.08151
   0.54001  0.10251 -1.08554
   0.52266  0.10345 -1.09921
   0.50516  0.10417 -1.11405
   0.48757  0.10466 -1.12932
   0.46984  0.10494 -1.14345
   0.45196  0.10501 -1.15966
   0.43397  0.10487 -1.17958
   0.41597  0.10454 -1.20168
   0.39799  0.10400 -1.22414
   0.38004  0.10325 -1.24684
   0.36211  0.10230 -1.26968
   0.34419  0.10114 -1.29368
   0.32630  0.09977 -1.31793
   0.30845  0.09820 -1.34380
   0.29067  0.09642 -1.37269
   0.27301  0.09444 -1.40435
   0.25550  0.09226 -1.43764
   0.23815  0.08987 -1.47387
   0.22100  0.08728 -1.51143
   0.20410  0.08448 -1.55272
   0.18750  0.08148 -1.59849
   0.17130  0.07830 -1.64852
   0.15558  0.07495 -1.70198
   0.14041  0.07144 -1.76197
   0.12591  0.06781 -1.82706
   0.11222  0.06410 -1.89399
   0.09949  0.06036 -1.96225
   0.08781  0.05668 -2.02914
   0.07726  0.05312 -2.10502
   0.06787  0.04976 -2.20545
   0.05958  0.04661 -2.31672
   0.05225  0.04364 -2.42885
   0.04572  0.04082 -2.53664
   0.03988  0.03813 -2.64638
   0.03463  0.03557 -2.76177
   0.02992  0.03314 -2.89548
   0.02570  0.03084 -3.05291
   0.02191  0.02867 -3.29886
   0.01850  0.02659 -3.57250
   0.01544  0.02456 -3.85536
   0.01270  0.02256 -4.13111
   0.01024  0.02056 -4.42470
   0.00803  0.01856 -4.72553
   0.00607  0.01654 -5.22951
   0.00441  0.01445 -5.49788
   0.00306  0.01228 -5.26489
   0.00200  0.01007 -4.88718
   0.00119  0.00783 -4.43989
   0.00060  0.00559 -3.96417
   0.00021  0.00335 -3.49529
   0.00002  0.00112 -3.02240
   0.00002 -0.00112 -2.55948
   0.00021 -0.00335 -2.10701
   0.00060 -0.00559 -1.66614
   0.00119 -0.00783 -1.25066
   0.00200 -0.01007 -0.85342
   0.00306 -0.01228 -0.47481
   0.00441 -0.01445 -0.11879
   0.00607 -0.01654  0.23235
   0.00803 -0.01856  0.50442
   0.01024 -0.02056  0.68107
   0.01270 -0.02256  0.80435
   0.01545 -0.02456  0.89006
   0.01850 -0.02659  0.94592
   0.02191 -0.02867  0.97961
   0.02570 -0.03084  0.99624
   0.02992 -0.03314  0.99985
   0.03463 -0.03557  0.99313
   0.03988 -0.03813  0.97780
   0.04572 -0.04082  0.95489
   0.05225 -0.04364  0.92594
   0.05958 -0.04661  0.89190
   0.06787 -0.04976  0.85320
   0.07726 -0.05312  0.81054
   0.08781 -0.05668  0.76293
   0.09949 -0.06036  0.71248
   0.11222 -0.06410  0.66114
   0.12591 -0.06781  0.61022
   0.14041 -0.07144  0.56098
   0.15558 -0.07495  0.51336
   0.17130 -0.07830  0.46784
   0.18750 -0.08148  0.42447
   0.20410 -0.08448  0.38351
   0.22100 -0.08728  0.34382
   0.23815 -0.08987  0.30685
   0.25550 -0.09226  0.27174
   0.27301 -0.09444  0.23857
   0.29067 -0.09642  0.20698
   0.30845 -0.09820  0.17657
   0.32630 -0.09977  0.14753
   0.34419 -0.10114  0.11914
   0.36211 -0.10230  0.09255
   0.38004 -0.10325  0.06714
   0.39799 -0.10400  0.04331
   0.41597 -0.10454  0.02017
   0.43397 -0.10487 -0.00150
   0.45196 -0.10501 -0.02331
   0.46984 -0.10494 -0.04569
   0.48757 -0.10466 -0.06780
   0.50516 -0.10417 -0.08876
   0.52266 -0.10345 -0.10940
   0.54001 -0.10251 -0.12916
   0.55699 -0.10136 -0.15415
   0.57332 -0.09998 -0.18185
   0.58901 -0.09832 -0.20376
   0.60432 -0.09630 -0.20867
   0.61962 -0.09385 -0.19191
   0.63527 -0.09095 -0.16446
   0.65144 -0.08762 -0.13299
   0.66811 -0.08390 -0.10205
   0.68512 -0.07984 -0.07034
   0.70239 -0.07548 -0.03722
   0.71992 -0.07085 -0.00336
   0.73777 -0.06595  0.03121
   0.75596 -0.06081  0.06672
   0.77449 -0.05546  0.10165
   0.79327 -0.04995  0.13730
   0.81210 -0.04438  0.17285
   0.83074 -0.03887  0.20753
   0.84908 -0.03351  0.24028
   0.86710 -0.02834  0.27040
   0.88474 -0.02340  0.29920
   0.90174 -0.01877  0.32972
   0.91776 -0.01458  0.36368
   0.93265 -0.01094  0.39359
   0.94646 -0.00789  0.41606
   0.95930 -0.00542  0.42874
   0.97131 -0.00344  0.43549
   0.98259 -0.00187  0.44189
   0.99322 -0.00065  0.45319
   1.00000  0.00000  0.49569
