                                                
 Alfa =  10.00000 Re =  4000000.000 Xflap,Yflap =     0.000000    0.000000
#    x        y        Cp  
   1.00000  0.00110  0.51907
   0.99423  0.00271  0.29258
   0.98477  0.00530  0.19093
   0.97417  0.00810  0.10881
   0.96226  0.01113  0.03703
   0.94898  0.01436 -0.02402
   0.93455  0.01772 -0.08016
   0.91944  0.02107 -0.12729
   0.90416  0.02433 -0.17258
   0.88896  0.02747 -0.21906
   0.87390  0.03047 -0.26554
   0.85892  0.03332 -0.31143
   0.84395  0.03601 -0.34919
   0.82889  0.03853 -0.37822
   0.81367  0.04092 -0.40439
   0.79830  0.04321 -0.42930
   0.78287  0.04540 -0.45755
   0.76745  0.04747 -0.48492
   0.75206  0.04941 -0.51231
   0.73667  0.05122 -0.53458
   0.72123  0.05292 -0.55444
   0.70571  0.05451 -0.57377
   0.69012  0.05600 -0.59346
   0.67452  0.05739 -0.61404
   0.65891  0.05868 -0.63316
   0.64329  0.05987 -0.65170
   0.62763  0.06096 -0.66800
   0.61189  0.06197 -0.68350
   0.59610  0.06290 -0.70260
   0.58030  0.06377 -0.72323
   0.56452  0.06455 -0.74499
   0.54877  0.06524 -0.76808
   0.53307  0.06585 -0.79082
   0.51740  0.06636 -0.81244
   0.50174  0.06677 -0.83407
   0.48608  0.06707 -0.85384
   0.47038  0.06729 -0.87168
   0.45465  0.06740 -0.89103
   0.43890  0.06743 -0.91033
   0.42315  0.06738 -0.93243
   0.40740  0.06724 -0.95455
   0.39165  0.06701 -0.97828
   0.37593  0.06669 -1.00398
   0.36022  0.06627 -1.02926
   0.34454  0.06577 -1.05689
   0.32891  0.06516 -1.08394
   0.31332  0.06446 -1.11226
   0.29772  0.06365 -1.14119
   0.28202  0.06273 -1.16838
   0.26621  0.06172 -1.20141
   0.25040  0.06062 -1.24104
   0.23482  0.05947 -1.30196
   0.21965  0.05822 -1.36535
   0.20479  0.05682 -1.42307
   0.18998  0.05520 -1.42736
   0.17503  0.05349 -1.46001
   0.16020  0.05180 -1.59067
   0.14552  0.04992 -1.67596
   0.13080  0.04780 -1.74738
   0.11606  0.04549 -1.83994
   0.10155  0.04308 -1.98018
   0.08775  0.04062 -2.20770
   0.07510  0.03807 -2.46088
   0.06367  0.03537 -2.69226
   0.05313  0.03243 -2.84242
   0.04342  0.02941 -2.99759
   0.03518  0.02670 -3.44184
   0.02862  0.02433 -4.04885
   0.02334  0.02208 -4.58073
   0.01898  0.01987 -4.95749
   0.01528  0.01766 -5.16216
   0.01212  0.01551 -5.36630
   0.00942  0.01349 -5.90528
   0.00715  0.01154 -6.71556
   0.00531  0.00957 -6.36851
   0.00375  0.00767 -6.56951
   0.00243  0.00582 -7.01932
   0.00137  0.00402 -7.49674
   0.00059  0.00227 -7.82259
   0.00010  0.00057 -7.84642
  -0.00010 -0.00112 -6.98832
  -0.00002 -0.00283 -5.69590
   0.00030 -0.00458 -4.39620
   0.00088 -0.00638 -3.25832
   0.00170 -0.00821 -2.29584
   0.00278 -0.01007 -1.55151
   0.00412 -0.01186 -0.97913
   0.00585 -0.01352 -0.27700
   0.00800 -0.01506  0.29237
   0.01051 -0.01660  0.57762
   0.01346 -0.01813  0.77716
   0.01698 -0.01966  0.90216
   0.02123 -0.02124  0.96981
   0.02641 -0.02295  0.99741
   0.03277 -0.02479  0.99632
   0.04046 -0.02679  0.97457
   0.04950 -0.02894  0.93752
   0.05985 -0.03113  0.88998
   0.07149 -0.03323  0.83959
   0.08426 -0.03521  0.78875
   0.09745 -0.03696  0.73747
   0.11101 -0.03835  0.70382
   0.12540 -0.03966  0.67337
   0.14022 -0.04102  0.63068
   0.15500 -0.04224  0.59331
   0.16986 -0.04323  0.56981
   0.18498 -0.04416  0.54749
   0.20016 -0.04510  0.51165
   0.21533 -0.04589  0.48633
   0.23066 -0.04654  0.46523
   0.24623 -0.04707  0.44716
   0.26202 -0.04752  0.42875
   0.27791 -0.04790  0.41126
   0.29381 -0.04821  0.39411
   0.30968 -0.04845  0.37728
   0.32549 -0.04862  0.36100
   0.34127 -0.04872  0.34548
   0.35705 -0.04873  0.33169
   0.37285 -0.04866  0.31934
   0.38869 -0.04851  0.30779
   0.40456 -0.04830  0.29634
   0.42041 -0.04801  0.28491
   0.43622 -0.04766  0.27405
   0.45200 -0.04722  0.26424
   0.46777 -0.04670  0.25633
   0.48358 -0.04609  0.24908
   0.49943 -0.04542  0.24273
   0.51529 -0.04467  0.23604
   0.53113 -0.04386  0.22976
   0.54695 -0.04298  0.22431
   0.56278 -0.04203  0.21968
   0.57863 -0.04101  0.21555
   0.59450 -0.03991  0.21299
   0.61034 -0.03876  0.20867
   0.62610 -0.03754  0.20544
   0.64178 -0.03625  0.20326
   0.65745 -0.03487  0.20445
   0.67323 -0.03338  0.20988
   0.68918 -0.03183  0.21500
   0.70528 -0.03024  0.21976
   0.72142 -0.02864  0.22073
   0.73752 -0.02703  0.22196
   0.75354 -0.02540  0.22388
   0.76951 -0.02375  0.22901
   0.78548 -0.02208  0.23377
   0.80150 -0.02042  0.23794
   0.81757 -0.01878  0.24011
   0.83368 -0.01714  0.24190
   0.84978 -0.01551  0.24412
   0.86580 -0.01387  0.24977
   0.88168 -0.01224  0.25652
   0.89750 -0.01065  0.26363
   0.91342 -0.00908  0.26978
   0.92946 -0.00754  0.27677
   0.94516 -0.00606  0.28430
   0.95974 -0.00471  0.29779
   0.97271 -0.00353  0.31374
   0.98405 -0.00251  0.33863
   0.99401 -0.00163  0.38059
   1.00000 -0.00110  0.51907
