                                                
 Alfa =  10.00000 Re =  4000000.000 Xflap,Yflap =     0.000000    0.000000
#    x        y        Cp  
   1.00000  0.00300  0.25330
   0.99464  0.00432  0.11917
   0.98617  0.00638  0.06484
   0.97708  0.00857  0.01351
   0.96732  0.01090 -0.02650
   0.95678  0.01339 -0.06633
   0.94536  0.01604 -0.10473
   0.93299  0.01887 -0.14134
   0.91961  0.02188 -0.17692
   0.90524  0.02506 -0.21623
   0.89005  0.02835 -0.25238
   0.87473  0.03160 -0.29067
   0.85961  0.03474 -0.32404
   0.84444  0.03782 -0.35992
   0.82909  0.04086 -0.39174
   0.81357  0.04385 -0.42525
   0.79820  0.04673 -0.45683
   0.78296  0.04952 -0.48517
   0.76775  0.05222 -0.51387
   0.75249  0.05487 -0.54267
   0.73714  0.05748 -0.57283
   0.72169  0.06005 -0.60174
   0.70617  0.06260 -0.63647
   0.69062  0.06511 -0.67910
   0.67512  0.06757 -0.72574
   0.65973  0.06992 -0.77473
   0.64446  0.07216 -0.82643
   0.62933  0.07424 -0.87347
   0.61431  0.07615 -0.92278
   0.59936  0.07787 -0.96223
   0.58442  0.07939 -0.99050
   0.56945  0.08073 -1.01389
   0.55439  0.08191 -1.03176
   0.53924  0.08294 -1.04668
   0.52397  0.08384 -1.06262
   0.50859  0.08461 -1.07677
   0.49314  0.08529 -1.09364
   0.47764  0.08586 -1.11521
   0.46213  0.08633 -1.13697
   0.44663  0.08670 -1.16108
   0.43115  0.08697 -1.18654
   0.41569  0.08714 -1.21158
   0.40024  0.08720 -1.23746
   0.38477  0.08716 -1.26355
   0.36927  0.08702 -1.29043
   0.35372  0.08679 -1.31990
   0.33812  0.08648 -1.35256
   0.32249  0.08609 -1.39254
   0.30684  0.08562 -1.43894
   0.29121  0.08510 -1.50328
   0.27566  0.08448 -1.58498
   0.26024  0.08374 -1.67336
   0.24499  0.08282 -1.76744
   0.22996  0.08170 -1.86171
   0.21520  0.08033 -1.95374
   0.20072  0.07869 -2.03946
   0.18655  0.07677 -2.10879
   0.17266  0.07455 -2.16726
   0.15889  0.07202 -2.21513
   0.14497  0.06910 -2.24180
   0.13051  0.06572 -2.24612
   0.11539  0.06189 -2.26327
   0.10024  0.05786 -2.34716
   0.08621  0.05399 -2.58800
   0.07339  0.05008 -2.84001
   0.06078  0.04565 -2.99620
   0.04845  0.04075 -3.20728
   0.03811  0.03618 -3.58153
   0.02983  0.03199 -3.97472
   0.02275  0.02778 -4.33282
   0.01640  0.02326 -4.43636
   0.01144  0.01919 -4.59713
   0.00788  0.01597 -5.09396
   0.00531  0.01335 -5.65722
   0.00339  0.01110 -6.29721
   0.00195  0.00911 -6.99905
   0.00088  0.00730 -7.72799
   0.00014  0.00563 -8.40974
  -0.00030  0.00406 -8.88171
  -0.00046  0.00258 -8.82076
  -0.00034  0.00116 -8.01699
   0.00008 -0.00020 -6.31674
   0.00082 -0.00152 -4.21270
   0.00187 -0.00280 -2.52746
   0.00323 -0.00403 -1.29278
   0.00490 -0.00519 -0.43284
   0.00692 -0.00627  0.16231
   0.00933 -0.00720  0.56009
   0.01215 -0.00785  0.81746
   0.01543 -0.00800  0.96081
   0.01938 -0.00742  0.99992
   0.02457 -0.00593  0.98793
   0.03220 -0.00369  0.96320
   0.04285 -0.00106  0.93189
   0.05400  0.00112  0.89982
   0.06521  0.00294  0.86172
   0.07720  0.00502  0.82564
   0.08992  0.00767  0.81322
   0.10305  0.01040  0.80664
   0.11666  0.01282  0.78962
   0.13092  0.01501  0.76905
   0.14585  0.01712  0.74760
   0.16121  0.01929  0.73268
   0.17659  0.02147  0.72410
   0.19176  0.02354  0.71758
   0.20669  0.02542  0.71081
   0.22150  0.02709  0.70252
   0.23629  0.02859  0.69377
   0.25117  0.02993  0.68482
   0.26619  0.03114  0.67572
   0.28137  0.03223  0.66652
   0.29671  0.03320  0.65739
   0.31218  0.03408  0.64882
   0.32771  0.03487  0.64090
   0.34327  0.03555  0.63292
   0.35882  0.03613  0.62544
   0.37434  0.03661  0.61766
   0.38984  0.03700  0.60985
   0.40534  0.03729  0.60201
   0.42085  0.03749  0.59362
   0.43642  0.03761  0.58529
   0.45204  0.03766  0.57701
   0.46774  0.03765  0.56836
   0.48349  0.03760  0.56058
   0.49927  0.03751  0.55340
   0.51506  0.03739  0.54774
   0.53081  0.03723  0.54274
   0.54650  0.03703  0.53873
   0.56212  0.03677  0.53431
   0.57766  0.03643  0.53006
   0.59316  0.03602  0.52554
   0.60862  0.03550  0.52016
   0.62407  0.03489  0.51354
   0.63955  0.03418  0.50701
   0.65505  0.03338  0.49941
   0.67059  0.03250  0.49139
   0.68615  0.03153  0.48377
   0.70170  0.03048  0.47480
   0.71724  0.02936  0.46647
   0.73273  0.02819  0.45641
   0.74817  0.02695  0.44781
   0.76358  0.02565  0.43797
   0.77901  0.02431  0.42874
   0.79453  0.02290  0.41820
   0.81021  0.02144  0.40892
   0.82589  0.01994  0.39846
   0.84133  0.01841  0.38888
   0.85658  0.01686  0.37882
   0.87179  0.01527  0.36728
   0.88719  0.01362  0.35790
   0.90275  0.01189  0.34458
   0.91755  0.01021  0.33317
   0.93133  0.00860  0.32080
   0.94405  0.00708  0.30822
   0.95577  0.00565  0.29698
   0.96658  0.00431  0.28510
   0.97658  0.00304  0.27425
   0.98587  0.00185  0.26087
   0.99453  0.00072  0.25424
   1.00000  0.00000  0.25330
