                                                
 Alfa =  10.00000 Re =  4000000.000 Xflap,Yflap =     0.000000    0.000000
#    x        y        Cp  
   1.00000  0.00000  0.42402
   0.99146  0.00114  0.41766
   0.97820  0.00352  0.36130
   0.96422  0.00651  0.31577
   0.94942  0.01004  0.27318
   0.93372  0.01413  0.22789
   0.91707  0.01875  0.18002
   0.89949  0.02387  0.12855
   0.88099  0.02947  0.07294
   0.86163  0.03551  0.01261
   0.84150  0.04189 -0.05199
   0.82079  0.04853 -0.12008
   0.79973  0.05529 -0.19232
   0.77856  0.06204 -0.26618
   0.75748  0.06869 -0.34190
   0.73655  0.07515 -0.41805
   0.71583  0.08140 -0.49598
   0.69533  0.08739 -0.57393
   0.67506  0.09311 -0.65292
   0.65500  0.09853 -0.73116
   0.63512  0.10366 -0.80805
   0.61542  0.10849 -0.88691
   0.59590  0.11301 -0.96558
   0.57654  0.11720 -1.04212
   0.55730  0.12108 -1.11786
   0.53821  0.12462 -1.19412
   0.51924  0.12784 -1.26900
   0.50041  0.13072 -1.34341
   0.48170  0.13326 -1.41683
   0.46312  0.13545 -1.48789
   0.44465  0.13730 -1.55577
   0.42629  0.13880 -1.62348
   0.40807  0.13995 -1.69240
   0.39000  0.14075 -1.75793
   0.37207  0.14119 -1.81854
   0.35430  0.14128 -1.88008
   0.33671  0.14101 -1.94020
   0.31932  0.14039 -2.00025
   0.30217  0.13942 -2.05789
   0.28528  0.13809 -2.11066
   0.26865  0.13642 -2.16086
   0.25233  0.13441 -2.20797
   0.23637  0.13208 -2.25400
   0.22080  0.12945 -2.29942
   0.20569  0.12653 -2.34033
   0.19108  0.12337 -2.38283
   0.17704  0.11999 -2.42739
   0.16362  0.11642 -2.47224
   0.15087  0.11270 -2.51368
   0.13881  0.10885 -2.55285
   0.12745  0.10492 -2.59022
   0.11680  0.10093 -2.62517
   0.10685  0.09691 -2.65849
   0.09759  0.09289 -2.68508
   0.08899  0.08889 -2.70739
   0.08101  0.08494 -2.72961
   0.07362  0.08104 -2.75457
   0.06679  0.07721 -2.77826
   0.06047  0.07346 -2.80345
   0.05463  0.06979 -2.82869
   0.04923  0.06619 -2.84923
   0.04424  0.06266 -2.86723
   0.03963  0.05921 -2.88615
   0.03536  0.05582 -2.89866
   0.03142  0.05250 -2.91391
   0.02778  0.04924 -2.91999
   0.02441  0.04603 -2.92269
   0.02132  0.04287 -2.91787
   0.01846  0.03976 -2.90592
   0.01584  0.03669 -2.89265
   0.01344  0.03367 -2.87725
   0.01125  0.03068 -2.84561
   0.00926  0.02772 -2.81060
   0.00748  0.02481 -2.76597
   0.00589  0.02192 -2.70002
   0.00449  0.01906 -2.62101
   0.00328  0.01622 -2.52190
   0.00226  0.01341 -2.40429
   0.00143  0.01063 -2.25535
   0.00080  0.00789 -2.08259
   0.00035  0.00521 -1.88577
   0.00009  0.00260 -1.67431
   0.00000  0.00002 -1.44803
   0.00009 -0.00255 -1.19767
   0.00035 -0.00514 -0.94084
   0.00082 -0.00778 -0.68034
   0.00150 -0.01045 -0.41504
   0.00239 -0.01313 -0.15727
   0.00351 -0.01580  0.07577
   0.00485 -0.01844  0.28580
   0.00642 -0.02105  0.46729
   0.00820 -0.02362  0.61785
   0.01022 -0.02615  0.74084
   0.01246 -0.02863  0.83554
   0.01493 -0.03105  0.90534
   0.01763 -0.03343  0.95322
   0.02055 -0.03576  0.98270
   0.02371 -0.03803  0.99721
   0.02711 -0.04027  0.99959
   0.03076 -0.04245  0.99228
   0.03469 -0.04460  0.97740
   0.03890 -0.04671  0.95670
   0.04341 -0.04878  0.93149
   0.04825 -0.05083  0.90292
   0.05344 -0.05285  0.87183
   0.05902 -0.05484  0.83881
   0.06503 -0.05680  0.80490
   0.07151 -0.05874  0.77011
   0.07851 -0.06065  0.73494
   0.08608 -0.06253  0.69939
   0.09428 -0.06438  0.66407
   0.10319 -0.06619  0.62892
   0.11285 -0.06796  0.59431
   0.12335 -0.06966  0.56035
   0.13474 -0.07129  0.52719
   0.14707 -0.07282  0.49522
   0.16039 -0.07424  0.46428
   0.17470 -0.07553  0.43531
   0.19002 -0.07666  0.40795
   0.20629 -0.07761  0.38212
   0.22345 -0.07838  0.35758
   0.24143 -0.07894  0.33587
   0.26011 -0.07930  0.31466
   0.27937 -0.07945  0.29398
   0.29909 -0.07937  0.27635
   0.31922 -0.07908  0.26039
   0.33967 -0.07857  0.24534
   0.36036 -0.07784  0.23187
   0.38124 -0.07691  0.22017
   0.40228 -0.07576  0.21005
   0.42345 -0.07441  0.20164
   0.44473 -0.07286  0.19425
   0.46610 -0.07111  0.18828
   0.48753 -0.06917  0.18421
   0.50905 -0.06704  0.18164
   0.53062 -0.06473  0.17966
   0.55225 -0.06224  0.17982
   0.57395 -0.05956  0.18145
   0.59573 -0.05670  0.18465
   0.61760 -0.05366  0.19002
   0.63959 -0.05045  0.19718
   0.66171 -0.04708  0.20545
   0.68394 -0.04356  0.21477
   0.70629 -0.03990  0.22726
   0.72877 -0.03612  0.24088
   0.75130 -0.03227  0.25479
   0.77380 -0.02836  0.27181
   0.79609 -0.02449  0.28909
   0.81796 -0.02073  0.30656
   0.83922 -0.01714  0.32497
   0.85973 -0.01378  0.34280
   0.87942 -0.01072  0.36006
   0.89819 -0.00797  0.37808
   0.91601 -0.00558  0.39365
   0.93287 -0.00359  0.40897
   0.94879 -0.00199  0.42119
   0.96380 -0.00079  0.43564
   0.97796 -0.00004  0.44947
   0.99138  0.00021  0.46743
   1.00000  0.00000  0.42402
