                                                
 Alfa =  10.00000 Re =  4000000.000 Xflap,Yflap =     0.000000    0.000000
#    x        y        Cp  
   1.00000  0.00000  0.45249
   0.99410  0.00097  0.28031
   0.98226  0.00291  0.18773
   0.96886  0.00510  0.12404
   0.95494  0.00736  0.07418
   0.94097  0.00961  0.03124
   0.92699  0.01182 -0.00666
   0.91302  0.01399 -0.04046
   0.89905  0.01612 -0.07217
   0.88507  0.01820 -0.10028
   0.87109  0.02024 -0.12913
   0.85710  0.02224 -0.15189
   0.84309  0.02420 -0.17752
   0.82907  0.02611 -0.20157
   0.81506  0.02799 -0.22450
   0.80103  0.02983 -0.24751
   0.78700  0.03163 -0.26987
   0.77297  0.03339 -0.29425
   0.75893  0.03510 -0.31499
   0.74490  0.03678 -0.33947
   0.73087  0.03840 -0.36093
   0.71684  0.03998 -0.38419
   0.70282  0.04151 -0.40666
   0.68880  0.04298 -0.42846
   0.67477  0.04440 -0.44973
   0.66074  0.04577 -0.47253
   0.64672  0.04707 -0.49136
   0.63267  0.04832 -0.51322
   0.61863  0.04952 -0.53389
   0.60459  0.05065 -0.55469
   0.59053  0.05173 -0.57450
   0.57647  0.05276 -0.59567
   0.56240  0.05373 -0.61740
   0.54834  0.05465 -0.63950
   0.53427  0.05551 -0.66187
   0.52021  0.05632 -0.68664
   0.50616  0.05706 -0.70988
   0.49211  0.05773 -0.73541
   0.47807  0.05834 -0.76085
   0.46406  0.05888 -0.78765
   0.45004  0.05933 -0.81076
   0.43604  0.05971 -0.83805
   0.42205  0.05999 -0.86209
   0.40806  0.06019 -0.88616
   0.39406  0.06030 -0.90986
   0.38006  0.06033 -0.93248
   0.36606  0.06027 -0.95781
   0.35206  0.06012 -0.98325
   0.33806  0.05989 -1.00771
   0.32407  0.05957 -1.03567
   0.31008  0.05916 -1.06359
   0.29610  0.05867 -1.09272
   0.28214  0.05808 -1.12484
   0.26818  0.05740 -1.15792
   0.25425  0.05663 -1.19361
   0.24032  0.05575 -1.23092
   0.22642  0.05477 -1.27402
   0.21256  0.05369 -1.32055
   0.19873  0.05249 -1.36968
   0.18496  0.05116 -1.42515
   0.17124  0.04969 -1.48204
   0.15757  0.04808 -1.54344
   0.14394  0.04630 -1.61130
   0.13037  0.04437 -1.68959
   0.11688  0.04226 -1.78038
   0.10351  0.03996 -1.88835
   0.09028  0.03746 -2.02003
   0.07728  0.03473 -2.17904
   0.06456  0.03173 -2.36962
   0.05220  0.02843 -2.60908
   0.04043  0.02484 -2.92148
   0.02964  0.02102 -3.34132
   0.02061  0.01728 -3.91417
   0.01386  0.01399 -4.68047
   0.00917  0.01126 -5.58676
   0.00590  0.00899 -6.70829
   0.00358  0.00702 -8.14985
   0.00193  0.00523 -9.71929
   0.00081  0.00353-11.42140
   0.00017  0.00191-12.61638
   0.00000  0.00037-11.76294
   0.00030 -0.00118 -8.62098
   0.00110 -0.00278 -5.08829
   0.00242 -0.00438 -2.50912
   0.00433 -0.00600 -0.87389
   0.00695 -0.00773  0.06004
   0.01061 -0.00968  0.58448
   0.01585 -0.01198  0.86774
   0.02331 -0.01469  0.98445
   0.03306 -0.01762  0.99545
   0.04439 -0.02041  0.95487
   0.05657 -0.02286  0.89819
   0.06928 -0.02498  0.84088
   0.08237 -0.02680  0.78841
   0.09573 -0.02838  0.74157
   0.10932 -0.02976  0.70050
   0.12307 -0.03100  0.66324
   0.13690 -0.03211  0.62969
   0.15081 -0.03311  0.59917
   0.16476 -0.03402  0.57106
   0.17875 -0.03485  0.54510
   0.19275 -0.03559  0.52091
   0.20676 -0.03626  0.49896
   0.22081 -0.03686  0.47796
   0.23486 -0.03739  0.45898
   0.24893 -0.03786  0.44108
   0.26302 -0.03827  0.42423
   0.27711 -0.03862  0.40807
   0.29122 -0.03892  0.39318
   0.30533 -0.03917  0.37865
   0.31944 -0.03937  0.36447
   0.33355 -0.03952  0.35198
   0.34767 -0.03963  0.33878
   0.36178 -0.03968  0.32734
   0.37590 -0.03968  0.31581
   0.39002 -0.03963  0.30536
   0.40414 -0.03954  0.29506
   0.41826 -0.03940  0.28537
   0.43239 -0.03921  0.27665
   0.44650 -0.03898  0.26745
   0.46062 -0.03869  0.25986
   0.47475 -0.03836  0.25222
   0.48888 -0.03799  0.24530
   0.50301 -0.03758  0.23903
   0.51715 -0.03712  0.23267
   0.53130 -0.03663  0.22633
   0.54544 -0.03610  0.22155
   0.55959 -0.03553  0.21621
   0.57375 -0.03492  0.21095
   0.58790 -0.03429  0.20599
   0.60206 -0.03363  0.20119
   0.61621 -0.03293  0.19584
   0.63037 -0.03220  0.19196
   0.64451 -0.03145  0.18630
   0.65866 -0.03066  0.18307
   0.67279 -0.02983  0.17732
   0.68692 -0.02897  0.17512
   0.70104 -0.02807  0.17050
   0.71516 -0.02713  0.16780
   0.72926 -0.02616  0.16504
   0.74337 -0.02514  0.16231
   0.75748 -0.02408  0.16174
   0.77158 -0.02298  0.16024
   0.78569 -0.02185  0.15990
   0.79979 -0.02067  0.15890
   0.81389 -0.01946  0.15958
   0.82800 -0.01822  0.16027
   0.84210 -0.01693  0.16050
   0.85619 -0.01562  0.16327
   0.87028 -0.01426  0.16408
   0.88435 -0.01287  0.16764
   0.89841 -0.01143  0.17240
   0.91247 -0.00996  0.17756
   0.92653 -0.00843  0.18791
   0.94058 -0.00687  0.19680
   0.95464 -0.00527  0.21403
   0.96865 -0.00366  0.23336
   0.98215 -0.00209  0.26280
   0.99406 -0.00069  0.31989
   1.00000  0.00000  0.45249
