                                                
 Alfa =  10.00000 Re =  4000000.000 Xflap,Yflap =     0.000000    0.000000
#    x        y        Cp  
   1.00000  0.00250  0.38865
   0.99465  0.00399  0.17830
   0.98586  0.00633  0.07933
   0.97601  0.00882  0.00015
   0.96488  0.01144 -0.06274
   0.95237  0.01416 -0.11227
   0.93856  0.01689 -0.14187
   0.92386  0.01957 -0.15546
   0.90880  0.02218 -0.16057
   0.89374  0.02479 -0.17545
   0.87874  0.02742 -0.20021
   0.86378  0.03008 -0.23105
   0.84883  0.03274 -0.26343
   0.83389  0.03538 -0.29770
   0.81893  0.03799 -0.33192
   0.80395  0.04054 -0.36569
   0.78894  0.04302 -0.39659
   0.77390  0.04542 -0.42233
   0.75883  0.04774 -0.44921
   0.74373  0.04999 -0.47272
   0.72861  0.05217 -0.49690
   0.71347  0.05428 -0.52011
   0.69830  0.05633 -0.54332
   0.68311  0.05831 -0.56562
   0.66791  0.06023 -0.58927
   0.65269  0.06210 -0.61208
   0.63745  0.06390 -0.63395
   0.62220  0.06565 -0.65896
   0.60694  0.06735 -0.68197
   0.59166  0.06899 -0.70640
   0.57638  0.07058 -0.73132
   0.56109  0.07212 -0.75760
   0.54579  0.07361 -0.78478
   0.53049  0.07506 -0.81350
   0.51516  0.07646 -0.84362
   0.49983  0.07782 -0.87734
   0.48446  0.07913 -0.91413
   0.46908  0.08040 -0.95644
   0.45368  0.08160 -0.99894
   0.43829  0.08274 -1.04549
   0.42294  0.08379 -1.09606
   0.40768  0.08475 -1.14747
   0.39256  0.08561 -1.20582
   0.37763  0.08635 -1.26794
   0.36291  0.08694 -1.33235
   0.34839  0.08737 -1.39716
   0.33402  0.08762 -1.45975
   0.31975  0.08768 -1.52022
   0.30547  0.08752 -1.57487
   0.29107  0.08712 -1.61654
   0.27642  0.08647 -1.64540
   0.26143  0.08557 -1.67072
   0.24609  0.08445 -1.69792
   0.23060  0.08313 -1.73016
   0.21514  0.08166 -1.77319
   0.19983  0.08008 -1.84424
   0.18517  0.07846 -1.96599
   0.17127  0.07673 -2.10277
   0.15790  0.07478 -2.23439
   0.14468  0.07247 -2.32597
   0.13107  0.06966 -2.36718
   0.11683  0.06633 -2.40995
   0.10250  0.06266 -2.49930
   0.08930  0.05904 -2.75766
   0.07763  0.05540 -3.04005
   0.06674  0.05131 -3.13992
   0.05585  0.04650 -3.12169
   0.04522  0.04120 -3.13858
   0.03584  0.03602 -3.24203
   0.02786  0.03118 -3.40283
   0.02097  0.02656 -3.67694
   0.01519  0.02219 -3.89469
   0.01091  0.01858 -4.16876
   0.00779  0.01568 -4.60885
   0.00546  0.01326 -5.08502
   0.00368  0.01115 -5.59922
   0.00230  0.00925 -6.14295
   0.00125  0.00750 -6.70028
   0.00049  0.00587 -7.22973
  -0.00001  0.00434 -7.56092
  -0.00027  0.00287 -7.66607
  -0.00028  0.00145 -7.20487
  -0.00002  0.00008 -6.11001
   0.00051 -0.00128 -4.47881
   0.00133 -0.00261 -2.92704
   0.00244 -0.00394 -1.70643
   0.00385 -0.00526 -0.79893
   0.00560 -0.00657 -0.13925
   0.00776 -0.00786  0.32347
   0.01041 -0.00910  0.64242
   0.01364 -0.01016  0.85106
   0.01762 -0.01089  0.96536
   0.02269 -0.01122  0.99932
   0.02936 -0.01144  0.99197
   0.03800 -0.01189  0.96197
   0.04797 -0.01231  0.91465
   0.05873 -0.01228  0.86836
   0.07112 -0.01174  0.83262
   0.08570 -0.01096  0.79679
   0.10105 -0.01014  0.76143
   0.11623 -0.00931  0.73202
   0.13144 -0.00844  0.70694
   0.14683 -0.00754  0.68488
   0.16237 -0.00662  0.66531
   0.17793 -0.00569  0.64827
   0.19348 -0.00478  0.63317
   0.20897 -0.00389  0.61952
   0.22439 -0.00302  0.60716
   0.23977 -0.00218  0.59600
   0.25512 -0.00138  0.58572
   0.27046 -0.00062  0.57596
   0.28580  0.00009  0.56667
   0.30113  0.00075  0.55798
   0.31646  0.00135  0.54891
   0.33179  0.00190  0.54014
   0.34713  0.00239  0.53139
   0.36247  0.00283  0.52263
   0.37782  0.00322  0.51422
   0.39318  0.00356  0.50526
   0.40857  0.00386  0.49652
   0.42400  0.00411  0.48771
   0.43946  0.00433  0.47829
   0.45496  0.00452  0.46922
   0.47049  0.00470  0.46060
   0.48606  0.00486  0.45211
   0.50164  0.00502  0.44475
   0.51722  0.00518  0.43821
   0.53278  0.00533  0.43250
   0.54832  0.00548  0.42676
   0.56383  0.00561  0.42238
   0.57930  0.00571  0.41696
   0.59474  0.00578  0.41159
   0.61016  0.00582  0.40595
   0.62557  0.00581  0.39937
   0.64098  0.00578  0.39304
   0.65640  0.00571  0.38535
   0.67184  0.00562  0.37937
   0.68731  0.00550  0.37175
   0.70284  0.00538  0.36480
   0.71842  0.00523  0.35833
   0.73397  0.00508  0.35168
   0.74946  0.00492  0.34516
   0.76493  0.00476  0.33926
   0.78041  0.00460  0.33385
   0.79595  0.00444  0.32857
   0.81147  0.00429  0.32499
   0.82679  0.00413  0.32289
   0.84191  0.00396  0.31987
   0.85686  0.00376  0.31793
   0.87172  0.00352  0.31523
   0.88661  0.00322  0.31156
   0.90170  0.00286  0.30462
   0.91713  0.00240  0.29483
   0.93253  0.00191  0.28352
   0.94787  0.00142  0.27334
   0.96202  0.00099  0.26908
   0.97440  0.00064  0.27057
   0.98510  0.00036  0.27959
   0.99442  0.00013  0.30270
   1.00000  0.00000  0.38865
