                                                
 Alfa =  10.00000 Re =  4000000.000 Xflap,Yflap =     0.000000    0.000000
#    x        y        Cp  
   1.00000  0.00000  0.44253
   0.99237  0.00124  0.42291
   0.98109  0.00350  0.40932
   0.96995  0.00627  0.39495
   0.95885  0.00956  0.36979
   0.94774  0.01344  0.32794
   0.93649  0.01790  0.25477
   0.92497  0.02286  0.16058
   0.91299  0.02817  0.04703
   0.90038  0.03364 -0.07166
   0.88694  0.03906 -0.15460
   0.87256  0.04440 -0.21105
   0.85718  0.04970 -0.25171
   0.84075  0.05502 -0.27881
   0.82332  0.06042 -0.30016
   0.80503  0.06597 -0.32086
   0.78624  0.07171 -0.36406
   0.76731  0.07753 -0.42576
   0.74851  0.08328 -0.49307
   0.72994  0.08887 -0.56450
   0.71157  0.09424 -0.63495
   0.69321  0.09937 -0.69644
   0.67465  0.10431 -0.74552
   0.65569  0.10913 -0.79121
   0.63626  0.11389 -0.83644
   0.61641  0.11859 -0.88516
   0.59640  0.12323 -0.94657
   0.57664  0.12771 -1.02770
   0.55740  0.13193 -1.11618
   0.53877  0.13579 -1.20499
   0.52065  0.13930 -1.29003
   0.50285  0.14243 -1.36553
   0.48511  0.14521 -1.41683
   0.46718  0.14770 -1.45362
   0.44886  0.14996 -1.48487
   0.43001  0.15204 -1.51631
   0.41059  0.15400 -1.55415
   0.39072  0.15585 -1.61209
   0.37063  0.15761 -1.69623
   0.35062  0.15920 -1.79688
   0.33099  0.16057 -1.91162
   0.31198  0.16170 -2.04026
   0.29376  0.16257 -2.19527
   0.27642  0.16315 -2.37862
   0.25998  0.16336 -2.56878
   0.24440  0.16319 -2.75700
   0.22960  0.16260 -2.93638
   0.21549  0.16160 -3.10100
   0.20198  0.16015 -3.24031
   0.18899  0.15828 -3.34026
   0.17645  0.15598 -3.41067
   0.16425  0.15328 -3.45428
   0.15231  0.15016 -3.47219
   0.14048  0.14659 -3.43781
   0.12868  0.14257 -3.38019
   0.11701  0.13822 -3.32737
   0.10578  0.13372 -3.30550
   0.09536  0.12931 -3.40280
   0.08597  0.12508 -3.58562
   0.07755  0.12088 -3.71141
   0.06987  0.11655 -3.63092
   0.06269  0.11210 -3.43910
   0.05591  0.10766 -3.27627
   0.04958  0.10342 -3.22348
   0.04377  0.09950 -3.36938
   0.03855  0.09586 -3.56933
   0.03391  0.09244 -3.76973
   0.02976  0.08916 -3.94080
   0.02605  0.08597 -4.06122
   0.02272  0.08281 -4.07932
   0.01970  0.07967 -4.01649
   0.01695  0.07655 -3.93151
   0.01441  0.07347 -3.84431
   0.01209  0.07045 -3.79574
   0.00996  0.06750 -3.81640
   0.00804  0.06465 -3.85603
   0.00635  0.06189 -3.89852
   0.00487  0.05922 -3.93425
   0.00359  0.05664 -3.94157
   0.00252  0.05412 -3.92945
   0.00163  0.05166 -3.88515
   0.00094  0.04926 -3.78832
   0.00043  0.04689 -3.64091
   0.00010  0.04455 -3.44030
  -0.00004  0.04223 -3.16756
   0.00001  0.03991 -2.82578
   0.00025  0.03760 -2.40476
   0.00069  0.03528 -1.97746
   0.00133  0.03296 -1.55876
   0.00215  0.03065 -1.16879
   0.00316  0.02835 -0.80953
   0.00438  0.02606 -0.48269
   0.00579  0.02381 -0.18973
   0.00743  0.02160  0.06979
   0.00929  0.01947  0.29864
   0.01139  0.01744  0.49521
   0.01373  0.01556  0.66339
   0.01634  0.01384  0.79629
   0.01919  0.01230  0.89010
   0.02230  0.01091  0.94982
   0.02566  0.00967  0.98327
   0.02926  0.00857  0.99780
   0.03314  0.00759  0.99937
   0.03735  0.00674  0.99217
   0.04191  0.00600  0.97964
   0.04688  0.00535  0.96414
   0.05229  0.00476  0.94727
   0.05817  0.00419  0.92942
   0.06455  0.00361  0.91126
   0.07144  0.00296  0.89242
   0.07884  0.00218  0.86936
   0.08676  0.00128  0.83874
   0.09520  0.00040  0.80309
   0.10423 -0.00026  0.77058
   0.11396 -0.00058  0.74939
   0.12457 -0.00058  0.73544
   0.13625 -0.00034  0.72760
   0.14925 -0.00001  0.72146
   0.16375  0.00016  0.70563
   0.17979  0.00014  0.68286
   0.19732  0.00002  0.65694
   0.21616 -0.00008  0.63411
   0.23606 -0.00012  0.61457
   0.25668 -0.00010  0.59661
   0.27772 -0.00005  0.58062
   0.29893 -0.00000  0.56555
   0.32026  0.00002  0.55045
   0.34172  0.00003  0.53565
   0.36333  0.00002  0.52134
   0.38507  0.00001  0.50767
   0.40694 -0.00000  0.49459
   0.42889 -0.00001  0.48267
   0.45089 -0.00001  0.47135
   0.47291 -0.00000  0.46046
   0.49493 -0.00000  0.45025
   0.51695  0.00000  0.44041
   0.53898  0.00000  0.43067
   0.56101  0.00000  0.42152
   0.58305  0.00000  0.41258
   0.60510 -0.00000  0.40394
   0.62715 -0.00000  0.39588
   0.64921 -0.00000  0.38786
   0.67127 -0.00000  0.38033
   0.69332 -0.00000  0.37280
   0.71535  0.00000  0.36595
   0.73735  0.00000  0.35915
   0.75930  0.00000  0.35272
   0.78122  0.00000  0.34657
   0.80309 -0.00000  0.34080
   0.82492 -0.00000  0.33532
   0.84666 -0.00000  0.33028
   0.86819 -0.00000  0.32582
   0.88932 -0.00000  0.32258
   0.90984  0.00000  0.32046
   0.92946  0.00000  0.32079
   0.94772  0.00000  0.32367
   0.96425 -0.00000  0.33001
   0.97897 -0.00000  0.34292
   0.99206 -0.00000  0.37113
   1.00000  0.00000  0.44253
