                                                
 Alfa =  10.00000 Re =  4000000.000 Xflap,Yflap =     0.000000    0.000000
#    x        y        Cp  
   1.00000  0.00000  0.25952
   0.99367  0.00026  0.25221
   0.98232  0.00109  0.16638
   0.96912  0.00221  0.10870
   0.95496  0.00346  0.06198
   0.94048  0.00469  0.03365
   0.92581  0.00590  0.01356
   0.91109  0.00711 -0.00607
   0.89635  0.00834 -0.02451
   0.88158  0.00957 -0.04351
   0.86683  0.01080 -0.06143
   0.85207  0.01204 -0.07704
   0.83733  0.01330 -0.09578
   0.82260  0.01456 -0.11371
   0.80784  0.01583 -0.13163
   0.79308  0.01709 -0.14838
   0.77831  0.01836 -0.16588
   0.76354  0.01962 -0.18391
   0.74877  0.02089 -0.20243
   0.73402  0.02215 -0.22088
   0.71929  0.02339 -0.24018
   0.70456  0.02462 -0.25867
   0.68984  0.02583 -0.27628
   0.67513  0.02702 -0.29447
   0.66041  0.02819 -0.31221
   0.64569  0.02934 -0.33065
   0.63097  0.03047 -0.34884
   0.61625  0.03158 -0.36843
   0.60155  0.03267 -0.38799
   0.58685  0.03373 -0.40670
   0.57214  0.03476 -0.42632
   0.55743  0.03576 -0.44562
   0.54273  0.03674 -0.46669
   0.52803  0.03769 -0.48797
   0.51333  0.03861 -0.50982
   0.49865  0.03950 -0.53259
   0.48398  0.04034 -0.55475
   0.46929  0.04116 -0.57775
   0.45461  0.04193 -0.60193
   0.43994  0.04267 -0.62779
   0.42527  0.04336 -0.65186
   0.41060  0.04401 -0.67928
   0.39594  0.04462 -0.70804
   0.38130  0.04518 -0.73765
   0.36667  0.04569 -0.76791
   0.35204  0.04614 -0.79819
   0.33739  0.04654 -0.83244
   0.32278  0.04688 -0.87086
   0.30822  0.04716 -0.91009
   0.29366  0.04735 -0.94935
   0.27911  0.04747 -0.99001
   0.26458  0.04751 -1.03489
   0.25007  0.04747 -1.08395
   0.23558  0.04733 -1.13482
   0.22112  0.04710 -1.19309
   0.20673  0.04676 -1.25779
   0.19240  0.04628 -1.32254
   0.17809  0.04568 -1.39438
   0.16385  0.04493 -1.47450
   0.14967  0.04402 -1.56594
   0.13562  0.04295 -1.67615
   0.12173  0.04168 -1.79073
   0.10796  0.04017 -1.91969
   0.09438  0.03842 -2.07653
   0.08111  0.03641 -2.27102
   0.06830  0.03410 -2.50072
   0.05610  0.03148 -2.75867
   0.04479  0.02857 -3.07798
   0.03485  0.02554 -3.51422
   0.02662  0.02249 -3.97043
   0.02004  0.01955 -4.39211
   0.01489  0.01683 -4.87327
   0.01091  0.01437 -5.47347
   0.00781  0.01211 -6.20721
   0.00542  0.00998 -6.81343
   0.00359  0.00795 -7.08377
   0.00218  0.00603 -7.46540
   0.00112  0.00417 -7.90486
   0.00041  0.00241 -8.31539
   0.00005  0.00078 -8.62175
   0.00005 -0.00078 -7.31218
   0.00041 -0.00241 -4.99053
   0.00112 -0.00417 -3.19491
   0.00218 -0.00603 -1.86701
   0.00359 -0.00795 -0.91768
   0.00542 -0.00998 -0.24052
   0.00781 -0.01211  0.29102
   0.01091 -0.01437  0.64723
   0.01489 -0.01683  0.85767
   0.02004 -0.01955  0.96580
   0.02662 -0.02249  0.99987
   0.03485 -0.02554  0.98040
   0.04479 -0.02857  0.92980
   0.05610 -0.03148  0.86538
   0.06830 -0.03410  0.79913
   0.08111 -0.03641  0.73812
   0.09438 -0.03842  0.68366
   0.10796 -0.04017  0.63450
   0.12173 -0.04168  0.59053
   0.13562 -0.04295  0.55182
   0.14967 -0.04402  0.51932
   0.16385 -0.04493  0.48921
   0.17809 -0.04568  0.46214
   0.19240 -0.04628  0.43738
   0.20673 -0.04676  0.41521
   0.22112 -0.04710  0.39643
   0.23558 -0.04733  0.37913
   0.25007 -0.04747  0.36248
   0.26458 -0.04751  0.34790
   0.27911 -0.04747  0.33407
   0.29366 -0.04735  0.32110
   0.30822 -0.04716  0.30961
   0.32278 -0.04688  0.29921
   0.33739 -0.04654  0.29062
   0.35204 -0.04614  0.28169
   0.36667 -0.04569  0.27259
   0.38130 -0.04518  0.26455
   0.39594 -0.04462  0.25724
   0.41060 -0.04401  0.25109
   0.42527 -0.04336  0.24421
   0.43994 -0.04267  0.23826
   0.45461 -0.04193  0.23244
   0.46929 -0.04116  0.22758
   0.48398 -0.04034  0.22237
   0.49865 -0.03950  0.21740
   0.51333 -0.03861  0.21360
   0.52803 -0.03769  0.21004
   0.54273 -0.03674  0.20657
   0.55743 -0.03576  0.20305
   0.57214 -0.03476  0.19979
   0.58685 -0.03373  0.19650
   0.60154 -0.03267  0.19375
   0.61625 -0.03158  0.19137
   0.63097 -0.03047  0.18995
   0.64569 -0.02934  0.18741
   0.66041 -0.02819  0.18548
   0.67513 -0.02702  0.18412
   0.68984 -0.02583  0.18219
   0.70456 -0.02462  0.18131
   0.71929 -0.02339  0.18094
   0.73402 -0.02215  0.18036
   0.74877 -0.02089  0.18124
   0.76354 -0.01962  0.18096
   0.77831 -0.01836  0.18042
   0.79308 -0.01709  0.18063
   0.80784 -0.01583  0.17981
   0.82260 -0.01456  0.18000
   0.83733 -0.01330  0.18082
   0.85207 -0.01204  0.18049
   0.86683 -0.01080  0.17998
   0.88158 -0.00957  0.17973
   0.89635 -0.00834  0.17946
   0.91109 -0.00711  0.17972
   0.92581 -0.00590  0.17944
   0.94048 -0.00469  0.17918
   0.95496 -0.00346  0.18458
   0.96912 -0.00221  0.20453
   0.98232 -0.00109  0.23487
   0.99367 -0.00026  0.28940
   1.00000  0.00000  0.25952
