                                                
 Alfa =  10.00000 Re =  4000000.000 Xflap,Yflap =     0.000000    0.000000
#    x        y        Cp  
   1.00000  0.00000  0.39665
   0.99529  0.00103  0.25230
   0.98745  0.00272  0.16251
   0.97843  0.00465  0.11292
   0.96789  0.00685  0.06013
   0.95553  0.00938  0.00643
   0.94176  0.01214 -0.03309
   0.92829  0.01476 -0.06790
   0.91476  0.01731 -0.10471
   0.90077  0.01986 -0.13449
   0.88681  0.02231 -0.15371
   0.87313  0.02464 -0.16921
   0.85955  0.02690 -0.18376
   0.84594  0.02913 -0.20201
   0.83221  0.03137 -0.21077
   0.81831  0.03365 -0.22640
   0.80422  0.03599 -0.24285
   0.78999  0.03841 -0.26336
   0.77578  0.04087 -0.29841
   0.76161  0.04335 -0.32970
   0.74744  0.04585 -0.36233
   0.73324  0.04834 -0.39407
   0.71899  0.05080 -0.43962
   0.70474  0.05321 -0.47143
   0.69053  0.05555 -0.50190
   0.67633  0.05780 -0.53743
   0.66214  0.05999 -0.56338
   0.64793  0.06210 -0.58571
   0.63370  0.06414 -0.62245
   0.61945  0.06611 -0.64318
   0.60517  0.06802 -0.67382
   0.59087  0.06987 -0.70014
   0.57654  0.07166 -0.73348
   0.56220  0.07338 -0.75537
   0.54785  0.07503 -0.79145
   0.53349  0.07660 -0.81451
   0.51913  0.07811 -0.85450
   0.50478  0.07954 -0.88063
   0.49044  0.08089 -0.91560
   0.47610  0.08217 -0.94658
   0.46178  0.08335 -0.98617
   0.44747  0.08444 -1.01668
   0.43317  0.08543 -1.05585
   0.41886  0.08631 -1.08801
   0.40455  0.08708 -1.12058
   0.39020  0.08773 -1.14932
   0.37581  0.08828 -1.17275
   0.36136  0.08873 -1.19774
   0.34690  0.08911 -1.22578
   0.33247  0.08942 -1.25309
   0.31804  0.08970 -1.29523
   0.30357  0.08994 -1.34469
   0.28909  0.09017 -1.41813
   0.27471  0.09035 -1.51841
   0.26046  0.09041 -1.62153
   0.24635  0.09030 -1.73084
   0.23234  0.08996 -1.84098
   0.21842  0.08935 -1.94045
   0.20451  0.08839 -2.02332
   0.19054  0.08704 -2.03636
   0.17643  0.08536 -2.01437
   0.16217  0.08354 -2.01670
   0.14791  0.08175 -2.13123
   0.13391  0.08005 -2.47784
   0.12043  0.07806 -2.88630
   0.10752  0.07539 -3.23511
   0.09514  0.07169 -3.20698
   0.08294  0.06692 -2.77133
   0.07031  0.06146 -2.36031
   0.05842  0.05653 -2.15676
   0.04615  0.05228 -2.56527
   0.03718  0.04950 -3.55038
   0.02998  0.04688 -4.71261
   0.02218  0.04278 -4.99993
   0.01416  0.03713 -3.95607
   0.00780  0.03291 -5.55644
   0.00474  0.03079 -7.57387
   0.00276  0.02925-10.21360
   0.00141  0.02799-14.14154
   0.00052  0.02691-20.32446
   0.00002  0.02596-29.92450
  -0.00009  0.02510-37.66473
   0.00021  0.02430-25.59545
   0.00097  0.02356-11.59049
   0.00222  0.02283 -5.06263
   0.00413  0.02208 -1.91075
   0.00713  0.02122 -0.26738
   0.01337  0.01981  0.63242
   0.02275  0.01755  0.90777
   0.03252  0.01529  0.98807
   0.04179  0.01343  0.99944
   0.05412  0.01136  0.97718
   0.06717  0.00954  0.94105
   0.08090  0.00769  0.89759
   0.09432  0.00592  0.84464
   0.10798  0.00463  0.79663
   0.12199  0.00392  0.76305
   0.13624  0.00362  0.74041
   0.15064  0.00350  0.72325
   0.16509  0.00334  0.70414
   0.17954  0.00313  0.68450
   0.19398  0.00284  0.66557
   0.20838  0.00249  0.64604
   0.22276  0.00208  0.62603
   0.23713  0.00164  0.60496
   0.25149  0.00119  0.58491
   0.26585  0.00077  0.56546
   0.28021  0.00039  0.54766
   0.29457  0.00009  0.52903
   0.30895 -0.00012  0.51586
   0.32333 -0.00023  0.50465
   0.33773 -0.00026  0.49695
   0.35215 -0.00023  0.48791
   0.36657 -0.00017  0.48289
   0.38102 -0.00010  0.47522
   0.39547 -0.00002  0.47063
   0.40993  0.00003  0.46286
   0.42439  0.00006  0.45508
   0.43887  0.00007  0.44528
   0.45334  0.00006  0.43826
   0.46781  0.00005  0.42948
   0.48229  0.00002  0.42112
   0.49677  0.00000  0.41203
   0.51125 -0.00001  0.40737
   0.52574 -0.00002  0.39902
   0.54023 -0.00002  0.39019
   0.55471 -0.00002  0.38675
   0.56919 -0.00001  0.37779
   0.58367 -0.00001  0.37391
   0.59816 -0.00000  0.36826
   0.61264  0.00000  0.35994
   0.62711  0.00000  0.35741
   0.64156  0.00000  0.34706
   0.65601  0.00000  0.34516
   0.67045  0.00000  0.33780
   0.68490  0.00000  0.33371
   0.69937  0.00000  0.32643
   0.71383 -0.00000  0.32293
   0.72825 -0.00000  0.31530
   0.74261 -0.00000  0.31324
   0.75693 -0.00000  0.30404
   0.77124 -0.00000  0.30408
   0.78558 -0.00000  0.29567
   0.80000  0.00000  0.29439
   0.81440  0.00000  0.28608
   0.82860  0.00000  0.28693
   0.84262  0.00000  0.28152
   0.85651  0.00000  0.27280
   0.87035  0.00000  0.27008
   0.88428  0.00000  0.27188
   0.89848  0.00000  0.26352
   0.91270 -0.00000  0.25771
   0.92642 -0.00000  0.26632
   0.94002 -0.00000  0.25592
   0.95406  0.00000  0.25444
   0.96691  0.00000  0.26168
   0.97782  0.00000  0.27150
   0.98712  0.00000  0.28347
   0.99518  0.00000  0.30991
   1.00000  0.00000  0.39665
