                                                
 Alfa =  10.00000 Re =  4000000.000 Xflap,Yflap =     0.000000    0.000000
#    x        y        Cp  
   1.00000  0.03950  0.53929
   0.99422  0.04103  0.34350
   0.98460  0.04355  0.24343
   0.97354  0.04638  0.16982
   0.96075  0.04958  0.10771
   0.94608  0.05314  0.05190
   0.92992  0.05695  0.00455
   0.91324  0.06079 -0.03757
   0.89657  0.06458 -0.07690
   0.88012  0.06830 -0.11882
   0.86386  0.07195 -0.16216
   0.84772  0.07551 -0.20430
   0.83164  0.07898 -0.24646
   0.81558  0.08235 -0.28565
   0.79948  0.08560 -0.32289
   0.78331  0.08874 -0.35338
   0.76704  0.09177 -0.38059
   0.75066  0.09471 -0.40601
   0.73417  0.09758 -0.42902
   0.71758  0.10039 -0.45206
   0.70089  0.10315 -0.47674
   0.68416  0.10588 -0.50419
   0.66741  0.10855 -0.53337
   0.65066  0.11118 -0.56343
   0.63393  0.11375 -0.59595
   0.61723  0.11627 -0.62838
   0.60054  0.11872 -0.66211
   0.58384  0.12112 -0.69796
   0.56712  0.12346 -0.73555
   0.55037  0.12574 -0.77400
   0.53360  0.12796 -0.81549
   0.51684  0.13011 -0.86013
   0.50013  0.13218 -0.90870
   0.48351  0.13418 -0.96488
   0.46703  0.13605 -1.02548
   0.45070  0.13779 -1.08745
   0.43453  0.13936 -1.15069
   0.41850  0.14075 -1.21260
   0.40256  0.14193 -1.27236
   0.38668  0.14289 -1.32194
   0.37079  0.14365 -1.36661
   0.35486  0.14420 -1.40950
   0.33887  0.14456 -1.45254
   0.32278  0.14474 -1.49806
   0.30660  0.14475 -1.54814
   0.29033  0.14458 -1.61101
   0.27400  0.14424 -1.68760
   0.25767  0.14369 -1.76929
   0.24142  0.14289 -1.85733
   0.22539  0.14182 -1.94852
   0.20969  0.14049 -2.04136
   0.19447  0.13888 -2.13936
   0.17979  0.13700 -2.23909
   0.16556  0.13483 -2.33665
   0.15150  0.13230 -2.42485
   0.13714  0.12926 -2.48786
   0.12215  0.12563 -2.55172
   0.10703  0.12154 -2.64672
   0.09323  0.11745 -2.88480
   0.08143  0.11349 -3.20886
   0.07083  0.10921 -3.37517
   0.06039  0.10414 -3.33061
   0.05010  0.09836 -3.27248
   0.04120  0.09276 -3.36268
   0.03405  0.08768 -3.46331
   0.02811  0.08285 -3.51140
   0.02288  0.07788 -3.33008
   0.01791  0.07241 -2.87299
   0.01340  0.06708 -2.59559
   0.00978  0.06274 -2.71083
   0.00702  0.05930 -2.93903
   0.00488  0.05644 -3.18964
   0.00320  0.05397 -3.46543
   0.00188  0.05176 -3.74340
   0.00086  0.04976 -4.04944
   0.00009  0.04792 -4.32944
  -0.00045  0.04620 -4.58403
  -0.00075  0.04457 -4.72038
  -0.00084  0.04303 -4.66705
  -0.00069  0.04156 -4.31248
  -0.00028  0.04015 -3.58853
   0.00041  0.03877 -2.51946
   0.00141  0.03743 -1.43802
   0.00276  0.03608 -0.60145
   0.00448  0.03472 -0.00136
   0.00665  0.03332  0.41116
   0.00938  0.03185  0.68270
   0.01282  0.03026  0.85315
   0.01712  0.02856  0.94879
   0.02248  0.02676  0.99282
   0.02911  0.02483  0.99854
   0.03728  0.02273  0.97774
   0.04715  0.02056  0.93807
   0.05870  0.01850  0.88966
   0.07216  0.01657  0.84142
   0.08721  0.01467  0.79150
   0.10271  0.01291  0.74366
   0.11835  0.01138  0.70346
   0.13436  0.01001  0.66845
   0.15087  0.00873  0.63659
   0.16774  0.00750  0.60523
   0.18471  0.00632  0.57515
   0.20160  0.00520  0.54615
   0.21832  0.00415  0.51762
   0.23486  0.00319  0.49007
   0.25123  0.00235  0.46367
   0.26745  0.00164  0.43941
   0.28358  0.00109  0.41697
   0.29967  0.00071  0.39804
   0.31583  0.00051  0.38445
   0.33212  0.00047  0.37430
   0.34860  0.00056  0.36606
   0.36529  0.00075  0.35965
   0.38218  0.00100  0.35273
   0.39919  0.00129  0.34489
   0.41623  0.00157  0.33150
   0.43316  0.00189  0.31587
   0.44988  0.00229  0.30188
   0.46631  0.00283  0.29037
   0.48242  0.00355  0.28366
   0.49819  0.00448  0.28607
   0.51362  0.00562  0.30539
   0.52872  0.00686  0.33110
   0.54350  0.00806  0.35723
   0.55797  0.00906  0.37868
   0.57212  0.00977  0.39494
   0.58596  0.01008  0.40116
   0.59948  0.00992  0.39278
   0.61269  0.00925  0.35564
   0.62559  0.00824  0.30125
   0.63818  0.00709  0.23813
   0.65049  0.00595  0.16575
   0.66256  0.00499  0.09282
   0.67443  0.00432  0.02228
   0.68615  0.00407 -0.03849
   0.69775  0.00437 -0.07578
   0.70931  0.00531 -0.05999
   0.72089  0.00685 -0.00945
   0.73255  0.00886  0.05565
   0.74434  0.01123  0.12668
   0.75631  0.01382  0.19676
   0.76849  0.01649  0.26100
   0.78090  0.01907  0.31773
   0.79354  0.02139  0.35896
   0.80639  0.02325  0.37484
   0.81938  0.02460  0.36434
   0.83247  0.02554  0.34168
   0.84563  0.02620  0.30970
   0.85888  0.02671  0.27609
   0.87224  0.02721  0.23803
   0.88581  0.02784  0.20722
   0.89971  0.02878  0.18869
   0.91416  0.03016  0.20957
   0.92926  0.03193  0.24758
   0.94463  0.03385  0.29039
   0.95935  0.03559  0.32148
   0.97254  0.03700  0.34480
   0.98404  0.03812  0.37158
   0.99403  0.03901  0.41768
   1.00000  0.03950  0.53929
