                                                
 Alfa =  10.00000 Re =  4000000.000 Xflap,Yflap =     0.000000    0.000000
#    x        y        Cp  
   1.00000  0.00000  0.22504
   0.99487 -0.00004  0.20228
   0.98450 -0.00004  0.19180
   0.97201  0.00016  0.17441
   0.95862  0.00056  0.16593
   0.94498  0.00117  0.15452
   0.93122  0.00197  0.13671
   0.91730  0.00294  0.11734
   0.90325  0.00405  0.09862
   0.88913  0.00529  0.07654
   0.87494  0.00662  0.05751
   0.86071  0.00805  0.03636
   0.84643  0.00955  0.01515
   0.83211  0.01112 -0.00638
   0.81776  0.01274 -0.02750
   0.80340  0.01441 -0.04849
   0.78902  0.01613 -0.07056
   0.77463  0.01789 -0.09145
   0.76023  0.01968 -0.11547
   0.74581  0.02151 -0.13791
   0.73137  0.02336 -0.16246
   0.71690  0.02524 -0.18711
   0.70241  0.02713 -0.21398
   0.68790  0.02904 -0.23898
   0.67338  0.03096 -0.26654
   0.65885  0.03288 -0.29558
   0.64435  0.03479 -0.32704
   0.62987  0.03669 -0.35686
   0.61544  0.03856 -0.39126
   0.60105  0.04040 -0.42324
   0.58671  0.04219 -0.45966
   0.57242  0.04392 -0.49424
   0.55816  0.04558 -0.52721
   0.54392  0.04718 -0.56255
   0.52970  0.04870 -0.59593
   0.51548  0.05013 -0.63003
   0.50129  0.05149 -0.66450
   0.48712  0.05275 -0.69768
   0.47296  0.05391 -0.73204
   0.45882  0.05497 -0.76472
   0.44469  0.05593 -0.79884
   0.43055  0.05678 -0.82830
   0.41643  0.05752 -0.86303
   0.40233  0.05814 -0.89532
   0.38825  0.05865 -0.92779
   0.37420  0.05903 -0.95951
   0.36017  0.05928 -0.98728
   0.34613  0.05940 -1.01526
   0.33207  0.05939 -1.04215
   0.31800  0.05926 -1.06816
   0.30390  0.05900 -1.09374
   0.28979  0.05863 -1.12251
   0.27567  0.05814 -1.15185
   0.26157  0.05754 -1.18468
   0.24749  0.05681 -1.21953
   0.23344  0.05597 -1.25708
   0.21942  0.05500 -1.29728
   0.20543  0.05391 -1.34101
   0.19149  0.05268 -1.38883
   0.17761  0.05131 -1.44145
   0.16379  0.04979 -1.49984
   0.15004  0.04812 -1.56513
   0.13638  0.04627 -1.63854
   0.12286  0.04425 -1.72215
   0.10953  0.04205 -1.81892
   0.09640  0.03964 -1.92904
   0.08336  0.03697 -2.06243
   0.07061  0.03405 -2.22135
   0.05867  0.03097 -2.42190
   0.04744  0.02768 -2.65543
   0.03631  0.02391 -2.94989
   0.02685  0.02021 -3.36147
   0.02015  0.01716 -3.86399
   0.01489  0.01432 -4.26756
   0.01025  0.01136 -4.50145
   0.00661  0.00877 -5.00204
   0.00409  0.00685 -6.64944
   0.00238  0.00530 -8.97902
   0.00125  0.00387-10.92082
   0.00056  0.00242-11.50830
   0.00026  0.00091 -9.97953
   0.00030 -0.00063 -8.19912
   0.00068 -0.00213 -6.61642
   0.00143 -0.00351 -4.47646
   0.00262 -0.00475 -2.13825
   0.00435 -0.00592 -0.53598
   0.00686 -0.00713  0.34975
   0.01049 -0.00867  0.73711
   0.01551 -0.01058  0.92584
   0.02133 -0.01241  0.99337
   0.02824 -0.01410  0.99464
   0.03774 -0.01592  0.95563
   0.05014 -0.01786  0.89183
   0.06264 -0.01941  0.83134
   0.07532 -0.02067  0.77798
   0.08879 -0.02176  0.72915
   0.10272 -0.02269  0.68534
   0.11668 -0.02345  0.64733
   0.13065 -0.02406  0.61417
   0.14475 -0.02457  0.58472
   0.15897 -0.02498  0.55841
   0.17328 -0.02530  0.53450
   0.18761 -0.02554  0.51293
   0.20198 -0.02572  0.49342
   0.21637 -0.02584  0.47556
   0.23080 -0.02590  0.45896
   0.24526 -0.02592  0.44366
   0.25975 -0.02589  0.42961
   0.27425 -0.02583  0.41639
   0.28876 -0.02573  0.40362
   0.30329 -0.02560  0.39206
   0.31782 -0.02544  0.38103
   0.33237 -0.02525  0.37056
   0.34692 -0.02504  0.36087
   0.36148 -0.02480  0.35056
   0.37604 -0.02455  0.34260
   0.39062 -0.02427  0.33341
   0.40521 -0.02397  0.32614
   0.41981 -0.02366  0.31702
   0.43442 -0.02334  0.31046
   0.44902 -0.02300  0.30209
   0.46362 -0.02265  0.29516
   0.47822 -0.02228  0.28767
   0.49281 -0.02191  0.28134
   0.50742 -0.02152  0.27449
   0.52203 -0.02111  0.26850
   0.53664 -0.02070  0.26112
   0.55125 -0.02028  0.25611
   0.56587 -0.01984  0.24961
   0.58048 -0.01940  0.24361
   0.59509 -0.01894  0.23782
   0.60970 -0.01848  0.23219
   0.62432 -0.01801  0.22665
   0.63895 -0.01753  0.22219
   0.65357 -0.01704  0.21606
   0.66819 -0.01654  0.20942
   0.68280 -0.01603  0.20496
   0.69740 -0.01552  0.19931
   0.71201 -0.01499  0.19368
   0.72663 -0.01445  0.18940
   0.74124 -0.01390  0.18315
   0.75585 -0.01335  0.17886
   0.77045 -0.01278  0.17302
   0.78504 -0.01221  0.16668
   0.79963 -0.01161  0.16322
   0.81423 -0.01101  0.15631
   0.82883 -0.01039  0.15206
   0.84341 -0.00976  0.14578
   0.85797 -0.00911  0.14062
   0.87252 -0.00845  0.13414
   0.88705 -0.00775  0.12793
   0.90155 -0.00704  0.12180
   0.91600 -0.00629  0.11466
   0.93035 -0.00549  0.10792
   0.94454 -0.00462  0.10068
   0.95842 -0.00366  0.09892
   0.97182 -0.00257  0.10658
   0.98449 -0.00138  0.15199
   0.99491 -0.00041  0.19874
   1.00000  0.00000  0.22504
