                                                
 Alfa =  10.00000 Re =  4000000.000 Xflap,Yflap =     0.000000    0.000000
#    x        y        Cp  
   1.00000  0.00500  0.38081
   0.99363  0.00623  0.34084
   0.98284  0.00892  0.21789
   0.97043  0.01213  0.12300
   0.95670  0.01552  0.06439
   0.94176  0.01903  0.02628
   0.92595  0.02268 -0.00930
   0.90965  0.02643 -0.04799
   0.89311  0.03021 -0.08501
   0.87647  0.03402 -0.12155
   0.85976  0.03783 -0.15791
   0.84304  0.04164 -0.19554
   0.82634  0.04543 -0.23405
   0.80966  0.04920 -0.27195
   0.79299  0.05295 -0.31233
   0.77637  0.05666 -0.35382
   0.75981  0.06033 -0.39679
   0.74331  0.06394 -0.44133
   0.72686  0.06748 -0.48691
   0.71045  0.07095 -0.53385
   0.69412  0.07434 -0.58505
   0.67795  0.07761 -0.64034
   0.66192  0.08072 -0.69190
   0.64595  0.08368 -0.73969
   0.62997  0.08649 -0.78551
   0.61397  0.08917 -0.82999
   0.59795  0.09170 -0.87459
   0.58197  0.09408 -0.92370
   0.56606  0.09630 -0.97194
   0.55019  0.09834 -1.01565
   0.53429  0.10021 -1.05558
   0.51834  0.10191 -1.09592
   0.50237  0.10346 -1.13862
   0.48643  0.10484 -1.18178
   0.47052  0.10605 -1.22565
   0.45464  0.10707 -1.26829
   0.43876  0.10791 -1.30762
   0.42285  0.10856 -1.34596
   0.40693  0.10905 -1.38906
   0.39106  0.10935 -1.43510
   0.37526  0.10947 -1.48079
   0.35953  0.10938 -1.52611
   0.34383  0.10909 -1.57017
   0.32816  0.10859 -1.61385
   0.31254  0.10789 -1.65871
   0.29700  0.10698 -1.71089
   0.28159  0.10584 -1.76033
   0.26627  0.10447 -1.80650
   0.25100  0.10285 -1.85150
   0.23583  0.10100 -1.90288
   0.22080  0.09892 -1.95754
   0.20595  0.09657 -2.00997
   0.19126  0.09397 -2.06310
   0.17671  0.09108 -2.11029
   0.16232  0.08791 -2.16011
   0.14814  0.08449 -2.22045
   0.13426  0.08080 -2.28332
   0.12072  0.07685 -2.35041
   0.10760  0.07265 -2.42149
   0.09499  0.06823 -2.49544
   0.08302  0.06364 -2.58236
   0.07185  0.05894 -2.67128
   0.06160  0.05422 -2.76204
   0.05238  0.04957 -2.85797
   0.04425  0.04508 -2.95927
   0.03721  0.04085 -3.06729
   0.03119  0.03689 -3.17744
   0.02606  0.03321 -3.26780
   0.02166  0.02979 -3.36015
   0.01791  0.02663 -3.45569
   0.01471  0.02371 -3.60439
   0.01199  0.02100 -3.73337
   0.00965  0.01845 -3.84393
   0.00764  0.01601 -3.89241
   0.00591  0.01369 -3.94657
   0.00441  0.01149 -4.01586
   0.00313  0.00941 -4.25977
   0.00207  0.00745 -4.59769
   0.00123  0.00556 -4.87164
   0.00062  0.00371 -4.97236
   0.00024  0.00187 -4.89010
   0.00009  0.00005 -4.64329
   0.00020 -0.00175 -4.26059
   0.00061 -0.00350 -3.50433
   0.00134 -0.00521 -2.35444
   0.00238 -0.00691 -1.35770
   0.00372 -0.00864 -0.61077
   0.00528 -0.01041 -0.14165
   0.00705 -0.01222  0.18503
   0.00906 -0.01407  0.43311
   0.01134 -0.01595  0.62295
   0.01392 -0.01787  0.76479
   0.01688 -0.01985  0.86817
   0.02027 -0.02190  0.93804
   0.02416 -0.02401  0.97999
   0.02862 -0.02616  0.99848
   0.03375 -0.02831  0.99670
   0.03971 -0.03044  0.97861
   0.04671 -0.03257  0.94875
   0.05494 -0.03473  0.91055
   0.06455 -0.03692  0.86728
   0.07555 -0.03914  0.81952
   0.08779 -0.04132  0.77067
   0.10109 -0.04338  0.72346
   0.11524 -0.04530  0.67790
   0.12996 -0.04704  0.63494
   0.14507 -0.04860  0.59520
   0.16043 -0.04996  0.55806
   0.17595 -0.05113  0.52309
   0.19151 -0.05210  0.49051
   0.20706 -0.05285  0.46064
   0.22263 -0.05337  0.43459
   0.23825 -0.05367  0.41269
   0.25396 -0.05377  0.39307
   0.26967 -0.05366  0.37495
   0.28537 -0.05335  0.36035
   0.30108 -0.05282  0.35041
   0.31689 -0.05207  0.34402
   0.33288 -0.05113  0.34270
   0.34909 -0.05002  0.34447
   0.36553 -0.04878  0.34859
   0.38215 -0.04747  0.35369
   0.39887 -0.04616  0.35635
   0.41562 -0.04490  0.35555
   0.43239 -0.04370  0.35205
   0.44921 -0.04256  0.34565
   0.46614 -0.04144  0.33756
   0.48318 -0.04032  0.33116
   0.50029 -0.03918  0.32623
   0.51743 -0.03803  0.32177
   0.53457 -0.03687  0.31777
   0.55172 -0.03571  0.31331
   0.56887 -0.03454  0.30971
   0.58602 -0.03336  0.30612
   0.60317 -0.03218  0.30299
   0.62032 -0.03099  0.30022
   0.63748 -0.02980  0.29782
   0.65464 -0.02861  0.29487
   0.67181 -0.02743  0.29222
   0.68897 -0.02625  0.28979
   0.70608 -0.02508  0.28795
   0.72316 -0.02393  0.28488
   0.74025 -0.02279  0.28110
   0.75731 -0.02167  0.27623
   0.77430 -0.02055  0.27025
   0.79116 -0.01941  0.26570
   0.80789 -0.01821  0.26284
   0.82455 -0.01694  0.26492
   0.84128 -0.01558  0.27185
   0.85807 -0.01416  0.28141
   0.87479 -0.01276  0.29220
   0.89139 -0.01143  0.29959
   0.90789 -0.01018  0.30528
   0.92419 -0.00903  0.31119
   0.94018 -0.00799  0.31483
   0.95560 -0.00705  0.31681
   0.96989 -0.00616  0.33251
   0.98261 -0.00535  0.37312
   0.99354 -0.00487  0.43750
   1.00000 -0.00500  0.38081
