                                                
 Alfa =  10.00000 Re =  4000000.000 Xflap,Yflap =     0.000000    0.000000
#    x        y        Cp  
   1.00000  0.00032  0.52934
   0.99402  0.00123  0.31449
   0.98410  0.00275  0.24742
   0.97277  0.00448  0.19428
   0.95978  0.00646  0.15018
   0.94510  0.00870  0.11021
   0.92916  0.01113  0.07255
   0.91275  0.01364  0.03895
   0.89637  0.01613  0.00776
   0.88007  0.01862 -0.02153
   0.86370  0.02112 -0.04967
   0.84724  0.02363 -0.07745
   0.83074  0.02615 -0.10432
   0.81424  0.02867 -0.13173
   0.79773  0.03119 -0.15927
   0.78123  0.03370 -0.18743
   0.76474  0.03622 -0.21650
   0.74827  0.03873 -0.24699
   0.73185  0.04123 -0.28020
   0.71552  0.04369 -0.31393
   0.69927  0.04611 -0.34867
   0.68309  0.04847 -0.38263
   0.66695  0.05076 -0.41735
   0.65086  0.05299 -0.45166
   0.63479  0.05515 -0.48659
   0.61876  0.05723 -0.52203
   0.60276  0.05922 -0.55689
   0.58679  0.06113 -0.59247
   0.57083  0.06294 -0.62847
   0.55490  0.06466 -0.66440
   0.53900  0.06628 -0.70255
   0.52315  0.06779 -0.74058
   0.50735  0.06917 -0.78028
   0.49160  0.07044 -0.81952
   0.47589  0.07157 -0.85936
   0.46024  0.07256 -0.89931
   0.44467  0.07340 -0.93996
   0.42920  0.07408 -0.98058
   0.41384  0.07458 -1.01944
   0.39856  0.07489 -1.05326
   0.38327  0.07500 -1.07814
   0.36791  0.07493 -1.09925
   0.35245  0.07468 -1.11965
   0.33690  0.07428 -1.14040
   0.32131  0.07371 -1.16333
   0.30569  0.07300 -1.18741
   0.29008  0.07214 -1.21366
   0.27448  0.07113 -1.24303
   0.25890  0.06998 -1.27450
   0.24337  0.06869 -1.30956
   0.22789  0.06725 -1.34813
   0.21249  0.06565 -1.38994
   0.19718  0.06389 -1.43531
   0.18195  0.06197 -1.48510
   0.16682  0.05988 -1.53958
   0.15182  0.05761 -1.60136
   0.13701  0.05517 -1.67709
   0.12245  0.05255 -1.76279
   0.10825  0.04974 -1.85930
   0.09453  0.04677 -1.96739
   0.08146  0.04367 -2.09375
   0.06936  0.04052 -2.24922
   0.05850  0.03742 -2.43548
   0.04894  0.03442 -2.64507
   0.04063  0.03154 -2.89490
   0.03352  0.02881 -3.14993
   0.02755  0.02626 -3.41660
   0.02255  0.02390 -3.73380
   0.01834  0.02170 -4.09788
   0.01478  0.01962 -4.44999
   0.01176  0.01764 -4.83391
   0.00917  0.01574 -5.26784
   0.00696  0.01388 -5.82452
   0.00508  0.01202 -6.42537
   0.00354  0.01011 -6.54866
   0.00232  0.00820 -6.44823
   0.00139  0.00632 -6.28194
   0.00071  0.00448 -6.00496
   0.00025  0.00267 -5.64590
   0.00003  0.00089 -5.13623
   0.00003 -0.00089 -4.41317
   0.00025 -0.00267 -3.55350
   0.00071 -0.00448 -2.70728
   0.00139 -0.00632 -1.94243
   0.00232 -0.00820 -1.26281
   0.00354 -0.01011 -0.68038
   0.00508 -0.01202 -0.17692
   0.00696 -0.01388  0.25063
   0.00917 -0.01574  0.53980
   0.01176 -0.01764  0.73279
   0.01478 -0.01962  0.86064
   0.01834 -0.02170  0.94095
   0.02255 -0.02390  0.98490
   0.02755 -0.02626  0.99983
   0.03352 -0.02881  0.99218
   0.04063 -0.03154  0.96672
   0.04894 -0.03442  0.92840
   0.05849 -0.03742  0.88180
   0.06936 -0.04052  0.82984
   0.08146 -0.04367  0.77543
   0.09453 -0.04677  0.72054
   0.10825 -0.04974  0.66807
   0.12245 -0.05255  0.61896
   0.13701 -0.05517  0.57347
   0.15182 -0.05761  0.53146
   0.16682 -0.05988  0.49167
   0.18195 -0.06197  0.45446
   0.19717 -0.06389  0.41989
   0.21249 -0.06565  0.38761
   0.22789 -0.06725  0.35755
   0.24337 -0.06869  0.32925
   0.25890 -0.06998  0.30216
   0.27448 -0.07113  0.27652
   0.29008 -0.07214  0.25194
   0.30569 -0.07300  0.22802
   0.32130 -0.07371  0.20524
   0.33690 -0.07428  0.18349
   0.35245 -0.07468  0.16197
   0.36791 -0.07493  0.14224
   0.38327 -0.07500  0.12341
   0.39856 -0.07489  0.10796
   0.41384 -0.07458  0.09736
   0.42920 -0.07408  0.09032
   0.44466 -0.07340  0.08544
   0.46024 -0.07256  0.08169
   0.47589 -0.07157  0.07888
   0.49160 -0.07044  0.07729
   0.50735 -0.06917  0.07694
   0.52315 -0.06779  0.07690
   0.53900 -0.06628  0.07798
   0.55490 -0.06466  0.07987
   0.57083 -0.06294  0.08148
   0.58679 -0.06113  0.08395
   0.60276 -0.05923  0.08705
   0.61876 -0.05723  0.09098
   0.63479 -0.05515  0.09554
   0.65086 -0.05299  0.10050
   0.66695 -0.05076  0.10644
   0.68309 -0.04847  0.11265
   0.69927 -0.04611  0.11951
   0.71552 -0.04369  0.12712
   0.73185 -0.04123  0.13522
   0.74827 -0.03873  0.14313
   0.76474 -0.03622  0.14939
   0.78123 -0.03370  0.15591
   0.79773 -0.03119  0.16140
   0.81424 -0.02867  0.16742
   0.83074 -0.02615  0.17269
   0.84724 -0.02363  0.17894
   0.86370 -0.02112  0.18484
   0.88007 -0.01862  0.19281
   0.89637 -0.01613  0.19962
   0.91275 -0.01364  0.20976
   0.92916 -0.01113  0.22057
   0.94510 -0.00870  0.23457
   0.95978 -0.00646  0.25144
   0.97277 -0.00448  0.27344
   0.98410 -0.00275  0.30306
   0.99402 -0.00123  0.34699
   1.00000 -0.00032  0.52934
