                                                
 Alfa =  10.00000 Re =  4000000.000 Xflap,Yflap =     0.000000    0.000000
#    x        y        Cp  
   1.00000 -0.00047  0.28355
   0.99362  0.00085  0.16234
   0.98263  0.00313  0.10985
   0.96972  0.00578  0.05971
   0.95518  0.00876  0.01778
   0.93963  0.01195 -0.02324
   0.92345  0.01527 -0.06382
   0.90694  0.01866 -0.10362
   0.89030  0.02206 -0.14220
   0.87356  0.02547 -0.17886
   0.85680  0.02888 -0.21785
   0.84012  0.03226 -0.26082
   0.82356  0.03557 -0.30314
   0.80709  0.03881 -0.34448
   0.79066  0.04196 -0.38392
   0.77428  0.04503 -0.42456
   0.75795  0.04800 -0.46392
   0.74166  0.05088 -0.50424
   0.72541  0.05364 -0.54346
   0.70920  0.05629 -0.58362
   0.69305  0.05882 -0.62278
   0.67694  0.06121 -0.66198
   0.66088  0.06346 -0.69959
   0.64485  0.06556 -0.73579
   0.62884  0.06751 -0.76946
   0.61284  0.06931 -0.80083
   0.59684  0.07095 -0.83007
   0.58080  0.07243 -0.85544
   0.56472  0.07377 -0.87998
   0.54859  0.07497 -0.90157
   0.53241  0.07603 -0.92217
   0.51616  0.07695 -0.94200
   0.49985  0.07776 -0.96189
   0.48349  0.07845 -0.98250
   0.46709  0.07903 -1.00300
   0.45066  0.07950 -1.02560
   0.43421  0.07987 -1.04980
   0.41774  0.08013 -1.07436
   0.40127  0.08028 -1.10036
   0.38479  0.08034 -1.12855
   0.36831  0.08029 -1.15777
   0.35183  0.08014 -1.18921
   0.33536  0.07989 -1.22449
   0.31892  0.07953 -1.26158
   0.30253  0.07907 -1.30362
   0.28618  0.07850 -1.34883
   0.26989  0.07780 -1.39632
   0.25365  0.07698 -1.44809
   0.23748  0.07603 -1.50434
   0.22138  0.07494 -1.56545
   0.20537  0.07372 -1.63542
   0.18948  0.07235 -1.71531
   0.17376  0.07084 -1.80640
   0.15830  0.06917 -1.91575
   0.14318  0.06733 -2.03973
   0.12847  0.06532 -2.17906
   0.11431  0.06313 -2.34680
   0.10088  0.06077 -2.54102
   0.08833  0.05826 -2.76777
   0.07680  0.05562 -3.01927
   0.06640  0.05287 -3.32743
   0.05717  0.05002 -3.63888
   0.04906  0.04707 -3.91870
   0.04194  0.04403 -4.15346
   0.03571  0.04094 -4.31603
   0.03025  0.03782 -4.39359
   0.02544  0.03475 -4.46932
   0.02123  0.03176 -4.59571
   0.01756  0.02888 -4.72873
   0.01438  0.02609 -4.83313
   0.01164  0.02342 -4.92959
   0.00929  0.02085 -5.01554
   0.00728  0.01838 -5.07854
   0.00557  0.01600 -5.09746
   0.00413  0.01369 -5.07616
   0.00291  0.01144 -5.03207
   0.00191  0.00926 -4.99535
   0.00111  0.00719 -5.09202
   0.00053  0.00522 -5.14702
   0.00016  0.00333 -5.07844
   0.00000  0.00149 -4.84479
   0.00008 -0.00034 -4.32243
   0.00038 -0.00219 -3.65133
   0.00095 -0.00406 -2.93312
   0.00180 -0.00593 -2.18058
   0.00299 -0.00774 -1.34626
   0.00450 -0.00948 -0.61507
   0.00630 -0.01114 -0.08885
   0.00839 -0.01274  0.29141
   0.01080 -0.01429  0.56382
   0.01356 -0.01581  0.74558
   0.01670 -0.01733  0.86421
   0.02029 -0.01885  0.93869
   0.02439 -0.02038  0.98069
   0.02912 -0.02196  0.99825
   0.03461 -0.02361  0.99782
   0.04105 -0.02533  0.98337
   0.04868 -0.02716  0.95785
   0.05771 -0.02909  0.92348
   0.06821 -0.03109  0.88324
   0.08006 -0.03311  0.84012
   0.09311 -0.03511  0.79594
   0.10717 -0.03703  0.75262
   0.12197 -0.03885  0.71109
   0.13723 -0.04054  0.67224
   0.15282 -0.04209  0.63618
   0.16863 -0.04348  0.60282
   0.18459 -0.04474  0.57234
   0.20069 -0.04585  0.54427
   0.21689 -0.04684  0.51843
   0.23319 -0.04770  0.49453
   0.24956 -0.04845  0.47247
   0.26601 -0.04910  0.45150
   0.28251 -0.04965  0.43212
   0.29906 -0.05011  0.41317
   0.31563 -0.05048  0.39512
   0.33220 -0.05076  0.37742
   0.34875 -0.05095  0.36048
   0.36527 -0.05105  0.34389
   0.38175 -0.05105  0.32799
   0.39817 -0.05094  0.31296
   0.41455 -0.05072  0.29911
   0.43089 -0.05037  0.28649
   0.44719 -0.04991  0.27513
   0.46347 -0.04931  0.26553
   0.47976 -0.04859  0.25743
   0.49604 -0.04774  0.25064
   0.51232 -0.04676  0.24418
   0.52858 -0.04567  0.23931
   0.54481 -0.04444  0.23510
   0.56101 -0.04309  0.23263
   0.57720 -0.04160  0.23215
   0.59339 -0.03998  0.23397
   0.60962 -0.03821  0.23781
   0.62591 -0.03632  0.24394
   0.64229 -0.03430  0.25199
   0.65879 -0.03217  0.26138
   0.67540 -0.02995  0.27185
   0.69213 -0.02766  0.28315
   0.70896 -0.02532  0.29404
   0.72585 -0.02295  0.30719
   0.74272 -0.02058  0.31901
   0.75948 -0.01825  0.33275
   0.77608 -0.01599  0.34537
   0.79251 -0.01383  0.35909
   0.80875 -0.01180  0.37086
   0.82483 -0.00992  0.38225
   0.84074 -0.00820  0.39182
   0.85649 -0.00668  0.40047
   0.87207 -0.00536  0.40823
   0.88746 -0.00426  0.41448
   0.90261 -0.00340  0.42048
   0.91746 -0.00281  0.42393
   0.93193 -0.00249  0.42673
   0.94590 -0.00247  0.42573
   0.95924 -0.00275  0.42257
   0.97176 -0.00333  0.41443
   0.98325 -0.00419  0.39320
   0.99365 -0.00526  0.36358
   1.00000 -0.00605  0.28355
