                                                
 Alfa =  10.00000 Re =  4000000.000 Xflap,Yflap =     0.000000    0.000000
#    x        y        Cp  
   1.00000  0.00000  0.40870
   0.99319  0.00221  0.22226
   0.98233  0.00575  0.03957
   0.97051  0.00912 -0.04935
   0.95749  0.01230 -0.07192
   0.94305  0.01552 -0.08629
   0.92748  0.01885 -0.10751
   0.91113  0.02226 -0.13155
   0.89419  0.02573 -0.15441
   0.87685  0.02925 -0.17971
   0.85927  0.03280 -0.20577
   0.84156  0.03637 -0.23428
   0.82379  0.03995 -0.26301
   0.80599  0.04352 -0.29289
   0.78817  0.04708 -0.32280
   0.77034  0.05063 -0.35496
   0.75252  0.05418 -0.38799
   0.73471  0.05771 -0.42304
   0.71694  0.06121 -0.45881
   0.69922  0.06469 -0.49753
   0.68154  0.06812 -0.53688
   0.66389  0.07150 -0.57756
   0.64628  0.07484 -0.61976
   0.62871  0.07812 -0.66409
   0.61118  0.08134 -0.71089
   0.59370  0.08448 -0.75973
   0.57629  0.08755 -0.81131
   0.55894  0.09052 -0.86472
   0.54165  0.09339 -0.92123
   0.52443  0.09614 -0.97959
   0.50729  0.09878 -1.04163
   0.49022  0.10128 -1.10627
   0.47325  0.10363 -1.17383
   0.45638  0.10583 -1.24513
   0.43962  0.10785 -1.32068
   0.42298  0.10968 -1.40010
   0.40650  0.11130 -1.48422
   0.39019  0.11270 -1.57147
   0.37410  0.11384 -1.66452
   0.35825  0.11471 -1.75610
   0.34261  0.11526 -1.84314
   0.32712  0.11549 -1.91893
   0.31172  0.11539 -1.98574
   0.29638  0.11496 -2.04626
   0.28108  0.11419 -2.09932
   0.26581  0.11309 -2.14765
   0.25060  0.11167 -2.19510
   0.23546  0.10992 -2.24132
   0.22041  0.10784 -2.28681
   0.20548  0.10544 -2.32915
   0.19069  0.10272 -2.37225
   0.17606  0.09969 -2.41751
   0.16167  0.09635 -2.46533
   0.14756  0.09273 -2.51706
   0.13384  0.08883 -2.57469
   0.12058  0.08468 -2.63422
   0.10787  0.08032 -2.69613
   0.09581  0.07578 -2.75782
   0.08451  0.07114 -2.82788
   0.07407  0.06647 -2.89969
   0.06458  0.06185 -2.97244
   0.05603  0.05732 -3.04793
   0.04842  0.05295 -3.11832
   0.04170  0.04878 -3.19300
   0.03580  0.04482 -3.27345
   0.03063  0.04108 -3.34573
   0.02610  0.03754 -3.41538
   0.02213  0.03419 -3.49329
   0.01864  0.03103 -3.56567
   0.01558  0.02802 -3.62442
   0.01288  0.02516 -3.70540
   0.01051  0.02243 -3.79739
   0.00844  0.01982 -3.86976
   0.00663  0.01731 -3.94478
   0.00506  0.01489 -4.00944
   0.00371  0.01255 -4.12718
   0.00257  0.01029 -4.22766
   0.00164  0.00809 -4.29126
   0.00092  0.00596 -4.31299
   0.00040  0.00389 -4.39534
   0.00008  0.00187 -4.51043
   0.00001 -0.00007 -4.62586
   0.00027 -0.00201 -4.72903
   0.00107 -0.00388 -2.81541
   0.00223 -0.00567 -1.61908
   0.00366 -0.00741 -0.78749
   0.00532 -0.00912 -0.25984
   0.00720 -0.01084  0.11215
   0.00930 -0.01256  0.38103
   0.01165 -0.01430  0.57698
   0.01427 -0.01607  0.72349
   0.01720 -0.01788  0.82989
   0.02047 -0.01973  0.90466
   0.02413 -0.02166  0.95437
   0.02824 -0.02367  0.98403
   0.03287 -0.02577  0.99810
   0.03811 -0.02798  0.99882
   0.04406 -0.03030  0.98827
   0.05086 -0.03275  0.96803
   0.05863 -0.03533  0.93965
   0.06748 -0.03804  0.90437
   0.07750 -0.04084  0.86373
   0.08869 -0.04370  0.81947
   0.10101 -0.04657  0.77273
   0.11430 -0.04939  0.72543
   0.12841 -0.05210  0.67836
   0.14312 -0.05465  0.63244
   0.15829 -0.05701  0.58820
   0.17378 -0.05916  0.54616
   0.18949 -0.06109  0.50591
   0.20534 -0.06279  0.46741
   0.22125 -0.06424  0.43076
   0.23717 -0.06543  0.39589
   0.25305 -0.06637  0.36301
   0.26887 -0.06702  0.33285
   0.28464 -0.06739  0.30637
   0.30037 -0.06745  0.28353
   0.31608 -0.06721  0.26508
   0.33183 -0.06667  0.25188
   0.34768 -0.06582  0.24400
   0.36365 -0.06469  0.23875
   0.37975 -0.06329  0.23742
   0.39597 -0.06163  0.23844
   0.41233 -0.05972  0.24304
   0.42889 -0.05757  0.25140
   0.44569 -0.05521  0.26151
   0.46275 -0.05267  0.27278
   0.48005 -0.04999  0.28357
   0.49754 -0.04720  0.29425
   0.51516 -0.04433  0.30440
   0.53289 -0.04141  0.31450
   0.55069 -0.03846  0.32436
   0.56853 -0.03551  0.33353
   0.58634 -0.03257  0.34256
   0.60409 -0.02967  0.35133
   0.62177 -0.02683  0.35959
   0.63937 -0.02405  0.36749
   0.65690 -0.02135  0.37516
   0.67436 -0.01873  0.38239
   0.69177 -0.01621  0.38916
   0.70911 -0.01379  0.39578
   0.72640 -0.01148  0.40188
   0.74362 -0.00929  0.40780
   0.76078 -0.00722  0.41344
   0.77787 -0.00529  0.41887
   0.79487 -0.00351  0.42368
   0.81179 -0.00190  0.42870
   0.82861 -0.00045  0.43219
   0.84533  0.00082  0.43616
   0.86192  0.00190  0.43952
   0.87835  0.00278  0.44253
   0.89454  0.00344  0.44490
   0.91042  0.00387  0.44744
   0.92594  0.00405  0.44810
   0.94095  0.00398  0.44802
   0.95529  0.00363  0.44673
   0.96881  0.00302  0.44280
   0.98138  0.00214  0.43589
   0.99290  0.00097  0.43976
   1.00000  0.00000  0.40870
