                                                
 Alfa =  10.00000 Re =  4000000.000 Xflap,Yflap =     0.000000    0.000000
#    x        y        Cp  
   1.00000  0.00021  0.42419
   0.99382  0.00114  0.21572
   0.98340  0.00270  0.15693
   0.97128  0.00452  0.10738
   0.95714  0.00665  0.06290
   0.94122  0.00906  0.02176
   0.92513  0.01149 -0.01523
   0.90894  0.01393 -0.05175
   0.89256  0.01637 -0.08339
   0.87628  0.01878 -0.11369
   0.85992  0.02119 -0.14181
   0.84345  0.02361 -0.17439
   0.82700  0.02601 -0.20973
   0.81067  0.02835 -0.24490
   0.79445  0.03060 -0.27653
   0.77823  0.03275 -0.30109
   0.76194  0.03483 -0.32379
   0.74558  0.03685 -0.34450
   0.72921  0.03883 -0.36362
   0.71289  0.04078 -0.38587
   0.69661  0.04275 -0.42207
   0.68028  0.04471 -0.47937
   0.66404  0.04649 -0.52937
   0.64839  0.04788 -0.52951
   0.63398  0.04889 -0.45632
   0.62095  0.04987 -0.39416
   0.60895  0.05114 -0.36634
   0.59747  0.05297 -0.46501
   0.58553  0.05542 -0.86466
   0.57196  0.05744 -1.28681
   0.55787  0.05742 -1.18874
   0.54550  0.05543 -0.60473
   0.53544  0.05297 -0.08118
   0.52737  0.05093  0.26712
   0.52081  0.04947  0.51776
   0.51541  0.04862  0.69345
   0.51098  0.04834  0.81072
   0.50737  0.04865  0.88300
   0.50452  0.04954  0.91943
   0.50237  0.05104  0.93041
   0.50091  0.05319  0.90666
   0.50015  0.05604  0.81283
   0.49994  0.05948  0.18636
   0.49923  0.06249 -1.41290
   0.49778  0.06483 -3.43325
   0.49558  0.06655 -4.42456
   0.49258  0.06766 -4.14356
   0.48873  0.06817 -3.39548
   0.48390  0.06807 -2.63365
   0.47791  0.06733 -1.96443
   0.47046  0.06592 -1.39016
   0.46109  0.06384 -0.88235
   0.44921  0.06142 -0.44531
   0.43496  0.05996 -0.30184
   0.42024  0.06037 -0.46423
   0.40735  0.06172 -0.84636
   0.39557  0.06273 -1.12507
   0.38348  0.06307 -1.14304
   0.37033  0.06291 -1.09539
   0.35559  0.06242 -1.02038
   0.33934  0.06186 -1.00672
   0.32271  0.06138 -1.06001
   0.30642  0.06087 -1.12631
   0.29056  0.06022 -1.17472
   0.27476  0.05937 -1.20315
   0.25875  0.05834 -1.22937
   0.24254  0.05715 -1.26290
   0.22627  0.05584 -1.30782
   0.21010  0.05439 -1.35704
   0.19405  0.05279 -1.41168
   0.17808  0.05102 -1.47019
   0.16217  0.04908 -1.53501
   0.14632  0.04696 -1.61053
   0.13054  0.04463 -1.69861
   0.11490  0.04209 -1.80170
   0.09941  0.03932 -1.92508
   0.08414  0.03629 -2.08393
   0.06924  0.03299 -2.28498
   0.05503  0.02943 -2.53983
   0.04158  0.02560 -2.91580
   0.02953  0.02160 -3.42780
   0.02024  0.01795 -4.16671
   0.01368  0.01486 -5.07063
   0.00916  0.01226 -5.87179
   0.00594  0.01008 -7.32110
   0.00358  0.00805 -9.14176
   0.00190  0.00601 -9.77969
   0.00079  0.00408-10.47034
   0.00016  0.00226-10.88953
  -0.00003  0.00053-10.51331
   0.00024 -0.00115 -8.05231
   0.00097 -0.00282 -5.03184
   0.00221 -0.00452 -2.74165
   0.00403 -0.00629 -1.16864
   0.00656 -0.00804 -0.10684
   0.00993 -0.00974  0.52483
   0.01460 -0.01168  0.82730
   0.02137 -0.01391  0.97089
   0.03099 -0.01641  0.99881
   0.04352 -0.01906  0.96231
   0.05770 -0.02154  0.90385
   0.07260 -0.02377  0.84303
   0.08804 -0.02575  0.78628
   0.10381 -0.02751  0.73533
   0.11979 -0.02908  0.68933
   0.13587 -0.03048  0.64809
   0.15201 -0.03172  0.61095
   0.16820 -0.03283  0.57717
   0.18442 -0.03380  0.54648
   0.20069 -0.03466  0.51834
   0.21699 -0.03540  0.49230
   0.23333 -0.03604  0.46838
   0.24969 -0.03658  0.44598
   0.26604 -0.03703  0.42440
   0.28239 -0.03737  0.40465
   0.29873 -0.03762  0.38579
   0.31506 -0.03776  0.36909
   0.33140 -0.03779  0.35374
   0.34776 -0.03773  0.33982
   0.36413 -0.03757  0.32702
   0.38050 -0.03732  0.31492
   0.39687 -0.03698  0.30381
   0.41325 -0.03654  0.29493
   0.42963 -0.03602  0.28593
   0.44601 -0.03540  0.27868
   0.46242 -0.03471  0.27245
   0.47884 -0.03393  0.26678
   0.49528 -0.03309  0.26223
   0.51174 -0.03218  0.25784
   0.52821 -0.03121  0.25448
   0.54469 -0.03018  0.25077
   0.56117 -0.02911  0.24825
   0.57767 -0.02798  0.24690
   0.59418 -0.02681  0.24519
   0.61070 -0.02560  0.24450
   0.62722 -0.02436  0.24389
   0.64376 -0.02308  0.24439
   0.66030 -0.02177  0.24473
   0.67687 -0.02044  0.24688
   0.69346 -0.01910  0.24898
   0.71007 -0.01775  0.25094
   0.72668 -0.01642  0.25315
   0.74326 -0.01512  0.25498
   0.75977 -0.01384  0.25785
   0.77618 -0.01263  0.26015
   0.79251 -0.01149  0.26006
   0.80885 -0.01044  0.25825
   0.82530 -0.00946  0.25126
   0.84189 -0.00853  0.24435
   0.85852 -0.00761  0.23967
   0.87505 -0.00671  0.23628
   0.89150 -0.00582  0.23396
   0.90805 -0.00494  0.23260
   0.92437 -0.00409  0.23034
   0.94060 -0.00326  0.23027
   0.95670 -0.00243  0.23078
   0.97098 -0.00170  0.23900
   0.98323 -0.00107  0.25085
   0.99376 -0.00053  0.27103
   1.00000 -0.00021  0.42419
