                                                
 Alfa =  10.00000 Re =  4000000.000 Xflap,Yflap =     0.000000    0.000000
#    x        y        Cp  
   1.00000  0.00000  0.38681
   0.99511  0.00108  0.22351
   0.98696  0.00287  0.16068
   0.97756  0.00492  0.10280
   0.96657  0.00730  0.05111
   0.95372  0.01007  0.00279
   0.93968  0.01306 -0.04366
   0.92599  0.01594 -0.08528
   0.91214  0.01880 -0.12466
   0.89786  0.02167 -0.16199
   0.88381  0.02441 -0.19550
   0.86998  0.02703 -0.21786
   0.85621  0.02957 -0.24405
   0.84237  0.03208 -0.26615
   0.82837  0.03456 -0.28996
   0.81416  0.03704 -0.31155
   0.79974  0.03953 -0.33826
   0.78524  0.04200 -0.36507
   0.77079  0.04444 -0.38630
   0.75635  0.04684 -0.42290
   0.74189  0.04920 -0.44829
   0.72736  0.05152 -0.47908
   0.71280  0.05379 -0.50643
   0.69831  0.05598 -0.53524
   0.68386  0.05810 -0.56526
   0.66943  0.06014 -0.58958
   0.65500  0.06211 -0.61682
   0.64057  0.06401 -0.64039
   0.62611  0.06585 -0.66633
   0.61163  0.06761 -0.69156
   0.59710  0.06931 -0.71594
   0.58254  0.07095 -0.73742
   0.56795  0.07252 -0.75935
   0.55332  0.07404 -0.78365
   0.53866  0.07552 -0.80709
   0.52399  0.07695 -0.83440
   0.50932  0.07835 -0.86457
   0.49465  0.07973 -0.89826
   0.48002  0.08107 -0.94184
   0.46542  0.08236 -0.98933
   0.45087  0.08358 -1.04013
   0.43636  0.08470 -1.09067
   0.42189  0.08571 -1.14161
   0.40744  0.08659 -1.19307
   0.39299  0.08732 -1.23839
   0.37852  0.08790 -1.27597
   0.36402  0.08834 -1.31185
   0.34947  0.08864 -1.35038
   0.33489  0.08881 -1.38730
   0.32028  0.08886 -1.42655
   0.30566  0.08880 -1.47612
   0.29107  0.08864 -1.53654
   0.27654  0.08837 -1.61097
   0.26209  0.08794 -1.69283
   0.24775  0.08733 -1.77522
   0.23351  0.08651 -1.86185
   0.21936  0.08545 -1.94561
   0.20527  0.08411 -2.02515
   0.19122  0.08245 -2.08554
   0.17716  0.08049 -2.13384
   0.16308  0.07823 -2.18512
   0.14898  0.07571 -2.25667
   0.13491  0.07294 -2.38227
   0.12097  0.06985 -2.52723
   0.10732  0.06638 -2.67422
   0.09415  0.06250 -2.80657
   0.08153  0.05821 -2.91920
   0.06899  0.05331 -3.05872
   0.05600  0.04733 -3.19030
   0.04468  0.04114 -3.15389
   0.03604  0.03574 -3.07395
   0.02830  0.03048 -3.06516
   0.01988  0.02425 -3.26510
   0.01192  0.01756 -3.46436
   0.00708  0.01303 -4.01230
   0.00444  0.01029 -4.65249
   0.00264  0.00819 -5.41666
   0.00134  0.00647 -6.38695
   0.00042  0.00499 -7.68418
  -0.00020  0.00369 -9.37590
  -0.00055  0.00255-11.44845
  -0.00062  0.00153-13.30799
  -0.00041  0.00064-12.90034
   0.00014 -0.00014 -8.42157
   0.00108 -0.00081 -3.71964
   0.00250 -0.00138 -1.19652
   0.00456 -0.00185  0.05615
   0.00776 -0.00224  0.68679
   0.01443 -0.00252  0.96748
   0.02596 -0.00239  0.98972
   0.03503 -0.00156  0.95183
   0.04495 -0.00019  0.91019
   0.05814  0.00200  0.86581
   0.07150  0.00449  0.83241
   0.08483  0.00727  0.82011
   0.09768  0.00984  0.81853
   0.11086  0.01187  0.80496
   0.12451  0.01335  0.78166
   0.13857  0.01451  0.75392
   0.15294  0.01560  0.72864
   0.16742  0.01682  0.71479
   0.18189  0.01806  0.70602
   0.19629  0.01923  0.69914
   0.21064  0.02022  0.68959
   0.22497  0.02104  0.67898
   0.23934  0.02170  0.66636
   0.25376  0.02222  0.65512
   0.26827  0.02263  0.64212
   0.28286  0.02296  0.62987
   0.29752  0.02321  0.61777
   0.31222  0.02342  0.60755
   0.32694  0.02359  0.59861
   0.34165  0.02371  0.58970
   0.35634  0.02376  0.58156
   0.37100  0.02375  0.57289
   0.38563  0.02366  0.56522
   0.40023  0.02350  0.55652
   0.41483  0.02325  0.54661
   0.42944  0.02292  0.53539
   0.44407  0.02254  0.52629
   0.45872  0.02211  0.51379
   0.47341  0.02164  0.50291
   0.48813  0.02115  0.49325
   0.50287  0.02065  0.48288
   0.51762  0.02015  0.47519
   0.53237  0.01965  0.46751
   0.54711  0.01913  0.46038
   0.56183  0.01859  0.45394
   0.57653  0.01801  0.44567
   0.59120  0.01739  0.44049
   0.60585  0.01673  0.43021
   0.62047  0.01601  0.42061
   0.63508  0.01526  0.41074
   0.64968  0.01448  0.40053
   0.66429  0.01368  0.38962
   0.67891  0.01288  0.37564
   0.69356  0.01209  0.36915
   0.70825  0.01132  0.35912
   0.72297  0.01056  0.35179
   0.73762  0.00981  0.34273
   0.75223  0.00907  0.33922
   0.76682  0.00832  0.32991
   0.78143  0.00754  0.32293
   0.79612  0.00672  0.31336
   0.81071  0.00587  0.30033
   0.82508  0.00501  0.28650
   0.83921  0.00416  0.27270
   0.85316  0.00336  0.25400
   0.86701  0.00262  0.24147
   0.88089  0.00197  0.22780
   0.89498  0.00141  0.21890
   0.90949  0.00099  0.21389
   0.92378  0.00070  0.22031
   0.93779  0.00050  0.22245
   0.95213  0.00035  0.23018
   0.96549  0.00023  0.23752
   0.97689  0.00014  0.24816
   0.98661  0.00008  0.26394
   0.99499  0.00003  0.28559
   1.00000  0.00000  0.38681
