                                                
 Alfa =  10.00000 Re =  4000000.000 Xflap,Yflap =     0.000000    0.000000
#    x        y        Cp  
   1.00000  0.00000  0.22836
   0.99373  0.00023  0.21694
   0.98225  0.00096  0.13653
   0.96897  0.00195  0.07596
   0.95495  0.00300  0.03405
   0.94072  0.00400  0.00788
   0.92636  0.00496 -0.00858
   0.91191  0.00591 -0.02381
   0.89745  0.00687 -0.04087
   0.88298  0.00782 -0.05665
   0.86850  0.00878 -0.07259
   0.85403  0.00974 -0.08726
   0.83955  0.01069 -0.10111
   0.82508  0.01166 -0.11591
   0.81062  0.01262 -0.13056
   0.79616  0.01359 -0.14581
   0.78171  0.01456 -0.15952
   0.76725  0.01553 -0.17443
   0.75279  0.01650 -0.19053
   0.73834  0.01746 -0.20633
   0.72388  0.01842 -0.22068
   0.70941  0.01937 -0.23559
   0.69495  0.02031 -0.25148
   0.68051  0.02124 -0.26727
   0.66607  0.02216 -0.28093
   0.65161  0.02307 -0.29512
   0.63715  0.02397 -0.31322
   0.62272  0.02486 -0.32968
   0.60828  0.02573 -0.34443
   0.59383  0.02659 -0.36147
   0.57937  0.02744 -0.37707
   0.56492  0.02827 -0.39576
   0.55048  0.02909 -0.41294
   0.53604  0.02989 -0.43180
   0.52160  0.03068 -0.45057
   0.50716  0.03144 -0.47020
   0.49274  0.03218 -0.49051
   0.47832  0.03290 -0.51027
   0.46389  0.03360 -0.53047
   0.44945  0.03427 -0.55239
   0.43502  0.03492 -0.57604
   0.42060  0.03555 -0.60073
   0.40620  0.03615 -0.62761
   0.39182  0.03671 -0.65284
   0.37742  0.03723 -0.67773
   0.36300  0.03772 -0.70603
   0.34862  0.03818 -0.73865
   0.33425  0.03859 -0.76900
   0.31986  0.03896 -0.80286
   0.30551  0.03929 -0.84133
   0.29120  0.03956 -0.88001
   0.27687  0.03976 -0.91602
   0.26253  0.03991 -0.96060
   0.24823  0.04000 -1.00944
   0.23397  0.04001 -1.05930
   0.21971  0.03995 -1.11405
   0.20548  0.03980 -1.17581
   0.19130  0.03956 -1.24424
   0.17717  0.03920 -1.31554
   0.16306  0.03872 -1.39610
   0.14902  0.03812 -1.49212
   0.13509  0.03737 -1.60121
   0.12127  0.03644 -1.72340
   0.10758  0.03530 -1.85808
   0.09401  0.03393 -2.01814
   0.08068  0.03232 -2.22872
   0.06776  0.03042 -2.47992
   0.05532  0.02816 -2.75561
   0.04362  0.02557 -3.13778
   0.03328  0.02278 -3.65777
   0.02469  0.01987 -4.20946
   0.01795  0.01703 -4.76878
   0.01283  0.01443 -5.45030
   0.00900  0.01209 -6.32434
   0.00613  0.00993 -7.28392
   0.00400  0.00790 -7.83147
   0.00241  0.00597 -8.31085
   0.00124  0.00412 -8.91823
   0.00045  0.00237 -9.52860
   0.00005  0.00077-10.11242
   0.00005 -0.00077 -8.51352
   0.00045 -0.00237 -5.57045
   0.00124 -0.00412 -3.43216
   0.00241 -0.00597 -1.90581
   0.00400 -0.00790 -0.85939
   0.00613 -0.00993 -0.09873
   0.00900 -0.01209  0.45044
   0.01283 -0.01443  0.77315
   0.01795 -0.01703  0.93906
   0.02469 -0.01987  0.99790
   0.03328 -0.02278  0.98438
   0.04362 -0.02557  0.93234
   0.05532 -0.02816  0.86645
   0.06776 -0.03042  0.79974
   0.08068 -0.03232  0.74032
   0.09401 -0.03393  0.68844
   0.10758 -0.03530  0.64137
   0.12127 -0.03644  0.60014
   0.13509 -0.03737  0.56468
   0.14902 -0.03812  0.53412
   0.16306 -0.03872  0.50698
   0.17717 -0.03920  0.48192
   0.19130 -0.03956  0.45927
   0.20548 -0.03980  0.43983
   0.21971 -0.03995  0.42201
   0.23397 -0.04001  0.40549
   0.24823 -0.04000  0.38994
   0.26253 -0.03991  0.37701
   0.27687 -0.03976  0.36457
   0.29120 -0.03956  0.35112
   0.30551 -0.03929  0.34056
   0.31986 -0.03896  0.33153
   0.33425 -0.03859  0.32171
   0.34862 -0.03818  0.31303
   0.36301 -0.03772  0.30555
   0.37742 -0.03723  0.29737
   0.39182 -0.03671  0.28930
   0.40620 -0.03615  0.28228
   0.42060 -0.03555  0.27623
   0.43502 -0.03492  0.27062
   0.44945 -0.03427  0.26545
   0.46389 -0.03360  0.25918
   0.47832 -0.03290  0.25380
   0.49274 -0.03218  0.24836
   0.50716 -0.03144  0.24371
   0.52160 -0.03068  0.23940
   0.53604 -0.02989  0.23529
   0.55048 -0.02909  0.23065
   0.56492 -0.02827  0.22739
   0.57937 -0.02744  0.22361
   0.59383 -0.02659  0.22018
   0.60828 -0.02573  0.21556
   0.62272 -0.02486  0.21198
   0.63715 -0.02397  0.20906
   0.65161 -0.02307  0.20735
   0.66607 -0.02216  0.20359
   0.68051 -0.02124  0.20002
   0.69495 -0.02031  0.19727
   0.70941 -0.01937  0.19534
   0.72388 -0.01842  0.19283
   0.73834 -0.01746  0.19067
   0.75280 -0.01650  0.18861
   0.76725 -0.01553  0.18716
   0.78171 -0.01456  0.18553
   0.79616 -0.01359  0.18314
   0.81062 -0.01262  0.18077
   0.82508 -0.01166  0.17979
   0.83955 -0.01069  0.17658
   0.85403 -0.00974  0.17477
   0.86850 -0.00878  0.17211
   0.88298 -0.00782  0.17005
   0.89745 -0.00687  0.16810
   0.91191 -0.00591  0.16613
   0.92636 -0.00496  0.16338
   0.94072 -0.00400  0.15931
   0.95495 -0.00300  0.16118
   0.96897 -0.00195  0.17782
   0.98225 -0.00096  0.20802
   0.99373 -0.00023  0.25800
   1.00000  0.00000  0.22836
