                                                
 Alfa =  10.00000 Re =  4000000.000 Xflap,Yflap =     0.000000    0.000000
#    x        y        Cp  
   1.00000  0.00000  0.37171
   0.99442  0.00093  0.23199
   0.98557  0.00242  0.16623
   0.97607  0.00401  0.12336
   0.96583  0.00574  0.08623
   0.95476  0.00761  0.05369
   0.94273  0.00965  0.02222
   0.92968  0.01187 -0.00732
   0.91556  0.01428 -0.03984
   0.90043  0.01688 -0.07082
   0.88481  0.01956 -0.10618
   0.86952  0.02220 -0.13791
   0.85433  0.02480 -0.17230
   0.83906  0.02740 -0.20578
   0.82355  0.03001 -0.23761
   0.80780  0.03263 -0.27289
   0.79217  0.03517 -0.30561
   0.77669  0.03763 -0.33762
   0.76128  0.04002 -0.36974
   0.74586  0.04234 -0.39974
   0.73041  0.04461 -0.43186
   0.71489  0.04681 -0.46305
   0.69932  0.04894 -0.49450
   0.68373  0.05099 -0.52631
   0.66815  0.05296 -0.55954
   0.65260  0.05482 -0.59002
   0.63709  0.05658 -0.62071
   0.62162  0.05821 -0.65102
   0.60617  0.05973 -0.67790
   0.59072  0.06112 -0.70135
   0.57522  0.06239 -0.72097
   0.55967  0.06356 -0.73896
   0.54403  0.06464 -0.75614
   0.52832  0.06563 -0.77490
   0.51253  0.06656 -0.79369
   0.49671  0.06743 -0.81587
   0.48088  0.06824 -0.84549
   0.46508  0.06899 -0.87744
   0.44933  0.06967 -0.91070
   0.43363  0.07026 -0.94598
   0.41800  0.07076 -0.98285
   0.40242  0.07115 -1.01931
   0.38685  0.07143 -1.05599
   0.37129  0.07158 -1.09250
   0.35572  0.07162 -1.12948
   0.34015  0.07152 -1.16752
   0.32458  0.07129 -1.20528
   0.30904  0.07093 -1.24516
   0.29358  0.07042 -1.28525
   0.27825  0.06978 -1.32666
   0.26305  0.06899 -1.36980
   0.24800  0.06807 -1.41500
   0.23303  0.06700 -1.46348
   0.21807  0.06578 -1.51705
   0.20303  0.06440 -1.57676
   0.18774  0.06282 -1.65435
   0.17208  0.06098 -1.74499
   0.15645  0.05886 -1.83936
   0.14104  0.05645 -1.93584
   0.12551  0.05364 -2.03131
   0.11011  0.05042 -2.12332
   0.09585  0.04702 -2.19138
   0.08294  0.04359 -2.24143
   0.07107  0.04020 -2.31842
   0.05960  0.03676 -2.44138
   0.04746  0.03298 -2.80408
   0.03374  0.02812 -3.58868
   0.02446  0.02387 -3.96024
   0.01873  0.02075 -4.27301
   0.01467  0.01825 -4.61986
   0.01153  0.01611 -4.98553
   0.00901  0.01420 -5.38626
   0.00693  0.01245 -5.82474
   0.00521  0.01081 -6.30645
   0.00378  0.00927 -6.81131
   0.00260  0.00780 -7.36591
   0.00166  0.00638 -7.87551
   0.00093  0.00501 -8.33972
   0.00040  0.00368 -8.66256
   0.00007  0.00238 -8.65706
  -0.00006  0.00110 -8.23396
   0.00002 -0.00017 -7.24387
   0.00032 -0.00142 -5.76177
   0.00083 -0.00268 -4.25019
   0.00155 -0.00395 -2.92955
   0.00249 -0.00523 -1.85196
   0.00366 -0.00653 -1.02199
   0.00509 -0.00785 -0.38933
   0.00680 -0.00922  0.07691
   0.00884 -0.01063  0.41767
   0.01129 -0.01212  0.66177
   0.01427 -0.01369  0.82996
   0.01801 -0.01537  0.93790
   0.02292 -0.01720  0.99276
   0.02989 -0.01912  0.99188
   0.04046 -0.02067  0.93664
   0.05313 -0.02137  0.88500
   0.06554 -0.02201  0.83508
   0.07826 -0.02266  0.78454
   0.09172 -0.02322  0.73316
   0.10609 -0.02354  0.68569
   0.12124 -0.02351  0.64868
   0.13692 -0.02314  0.62027
   0.15284 -0.02249  0.60001
   0.16877 -0.02167  0.58583
   0.18456 -0.02077  0.57582
   0.20019 -0.01989  0.56695
   0.21574 -0.01909  0.55524
   0.23128 -0.01837  0.54253
   0.24688 -0.01773  0.52942
   0.26257 -0.01713  0.51628
   0.27838 -0.01657  0.50332
   0.29431 -0.01604  0.49082
   0.31033 -0.01552  0.47909
   0.32637 -0.01501  0.46809
   0.34238 -0.01451  0.45803
   0.35838 -0.01403  0.44825
   0.37440 -0.01355  0.43948
   0.39044 -0.01308  0.43066
   0.40647 -0.01261  0.42293
   0.42247 -0.01216  0.41523
   0.43844 -0.01172  0.40879
   0.45439 -0.01130  0.40201
   0.47031 -0.01090  0.39544
   0.48622 -0.01054  0.38884
   0.50212 -0.01021  0.38123
   0.51802 -0.00991  0.37349
   0.53393 -0.00965  0.36475
   0.54984 -0.00941  0.35590
   0.56578 -0.00918  0.34721
   0.58174 -0.00896  0.33865
   0.59773 -0.00873  0.33008
   0.61374 -0.00850  0.32319
   0.62980 -0.00825  0.31710
   0.64584 -0.00799  0.31101
   0.66188 -0.00774  0.30467
   0.67792 -0.00748  0.29920
   0.69397 -0.00724  0.29256
   0.70996 -0.00701  0.28650
   0.72587 -0.00678  0.27838
   0.74168 -0.00656  0.27129
   0.75741 -0.00633  0.26267
   0.77311 -0.00608  0.25702
   0.78885 -0.00581  0.24926
   0.80471 -0.00550  0.24383
   0.82068 -0.00516  0.23990
   0.83640 -0.00478  0.23618
   0.85189 -0.00439  0.23326
   0.86727 -0.00398  0.23270
   0.88274 -0.00355  0.22977
   0.89854 -0.00309  0.22903
   0.91400 -0.00264  0.22835
   0.92843 -0.00221  0.22744
   0.94176 -0.00181  0.22952
   0.95402 -0.00144  0.22967
   0.96530 -0.00109  0.23439
   0.97572 -0.00077  0.24282
   0.98536 -0.00046  0.25347
   0.99434 -0.00018  0.28496
   1.00000  0.00000  0.37171
