                                                
 Alfa =  10.00000 Re =  4000000.000 Xflap,Yflap =     0.000000    0.000000
#    x        y        Cp  
   1.00000  0.00067  0.36039
   0.99376  0.00119  0.25181
   0.98262  0.00216  0.22395
   0.96961  0.00343  0.19848
   0.95517  0.00499  0.16604
   0.94015  0.00669  0.14858
   0.92518  0.00850  0.13758
   0.91008  0.01050  0.11191
   0.89490  0.01262  0.09649
   0.87988  0.01486  0.08274
   0.86496  0.01726  0.05927
   0.84990  0.01987  0.02825
   0.83467  0.02264 -0.00259
   0.81940  0.02551 -0.03169
   0.80421  0.02847 -0.05984
   0.78900  0.03157 -0.10043
   0.77359  0.03479 -0.14555
   0.75820  0.03806 -0.18030
   0.74295  0.04138 -0.22830
   0.72766  0.04479 -0.29162
   0.71227  0.04820 -0.35291
   0.69691  0.05155 -0.41435
   0.68175  0.05478 -0.48391
   0.66680  0.05783 -0.54932
   0.65198  0.06068 -0.61089
   0.63726  0.06331 -0.66909
   0.62262  0.06572 -0.71983
   0.60799  0.06788 -0.76149
   0.59329  0.06983 -0.79641
   0.57854  0.07156 -0.82807
   0.56371  0.07309 -0.85082
   0.54875  0.07442 -0.87009
   0.53371  0.07558 -0.89068
   0.51861  0.07657 -0.90750
   0.50340  0.07740 -0.92089
   0.48811  0.07809 -0.93811
   0.47279  0.07865 -0.95514
   0.45742  0.07907 -0.97036
   0.44200  0.07936 -0.98827
   0.42658  0.07954 -1.00926
   0.41115  0.07959 -1.02741
   0.39569  0.07952 -1.04835
   0.38023  0.07933 -1.07071
   0.36478  0.07903 -1.09443
   0.34934  0.07861 -1.11794
   0.33391  0.07807 -1.14497
   0.31850  0.07741 -1.17269
   0.30313  0.07662 -1.20181
   0.28776  0.07571 -1.23096
   0.27241  0.07467 -1.26245
   0.25711  0.07350 -1.29937
   0.24186  0.07219 -1.33620
   0.22664  0.07074 -1.37505
   0.21146  0.06916 -1.41948
   0.19636  0.06742 -1.46986
   0.18136  0.06553 -1.52492
   0.16646  0.06348 -1.58524
   0.15168  0.06125 -1.65137
   0.13704  0.05884 -1.72687
   0.12256  0.05624 -1.81500
   0.10835  0.05345 -1.92299
   0.09451  0.05047 -2.04722
   0.08118  0.04729 -2.19046
   0.06855  0.04397 -2.37332
   0.05689  0.04053 -2.58450
   0.04653  0.03711 -2.81857
   0.03761  0.03382 -3.10205
   0.03019  0.03074 -3.46021
   0.02409  0.02786 -3.80005
   0.01905  0.02518 -4.19008
   0.01492  0.02267 -4.71062
   0.01154  0.02028 -5.18196
   0.00878  0.01794 -5.52153
   0.00652  0.01565 -5.71765
   0.00469  0.01341 -5.81718
   0.00323  0.01122 -5.76319
   0.00209  0.00910 -5.64415
   0.00123  0.00706 -5.41176
   0.00063  0.00509 -5.15324
   0.00024  0.00322 -4.75386
   0.00002  0.00144 -4.89777
   0.00002 -0.00027 -5.17496
   0.00040 -0.00198 -4.23174
   0.00123 -0.00364 -2.39689
   0.00237 -0.00527 -1.44050
   0.00385 -0.00683 -0.55932
   0.00569 -0.00832  0.06181
   0.00787 -0.00978  0.44717
   0.01045 -0.01121  0.69825
   0.01350 -0.01266  0.85318
   0.01714 -0.01413  0.94400
   0.02153 -0.01568  0.98806
   0.02685 -0.01738  0.99998
   0.03336 -0.01924  0.98833
   0.04133 -0.02124  0.95854
   0.05106 -0.02336  0.91696
   0.06260 -0.02560  0.86781
   0.07558 -0.02787  0.81663
   0.08951 -0.03007  0.76732
   0.10403 -0.03218  0.71977
   0.11887 -0.03416  0.67668
   0.13396 -0.03601  0.63727
   0.14915 -0.03773  0.60051
   0.16441 -0.03932  0.56683
   0.17973 -0.04078  0.53652
   0.19516 -0.04212  0.50993
   0.21072 -0.04338  0.48417
   0.22634 -0.04456  0.45975
   0.24197 -0.04566  0.43608
   0.25761 -0.04668  0.41430
   0.27329 -0.04762  0.39356
   0.28900 -0.04849  0.37365
   0.30471 -0.04929  0.35389
   0.32043 -0.05002  0.33587
   0.33615 -0.05068  0.31729
   0.35184 -0.05127  0.29955
   0.36753 -0.05178  0.28340
   0.38324 -0.05221  0.26779
   0.39895 -0.05257  0.25240
   0.41465 -0.05285  0.23800
   0.43035 -0.05306  0.22313
   0.44603 -0.05319  0.20923
   0.46170 -0.05323  0.19688
   0.47743 -0.05319  0.18623
   0.49324 -0.05309  0.17513
   0.50904 -0.05294  0.15953
   0.52468 -0.05274  0.14169
   0.54023 -0.05242  0.12874
   0.55579 -0.05201  0.11667
   0.57132 -0.05149  0.10343
   0.58680 -0.05087  0.09050
   0.60223 -0.05014  0.07713
   0.61752 -0.04930  0.06126
   0.63261 -0.04832  0.04674
   0.64755 -0.04716  0.03516
   0.66233 -0.04583  0.02529
   0.67684 -0.04432  0.01352
   0.69078 -0.04264 -0.01104
   0.70396 -0.04063 -0.01051
   0.71712 -0.03809  0.04398
   0.73071 -0.03509  0.12084
   0.74430 -0.03197  0.20078
   0.75783 -0.02913  0.23983
   0.77184 -0.02658  0.24434
   0.78649 -0.02416  0.24514
   0.80148 -0.02184  0.24870
   0.81664 -0.01961  0.25327
   0.83189 -0.01751  0.25597
   0.84720 -0.01552  0.25760
   0.86262 -0.01363  0.25644
   0.87818 -0.01182  0.25507
   0.89384 -0.01006  0.25503
   0.90948 -0.00836  0.25912
   0.92497 -0.00674  0.26506
   0.94019 -0.00523  0.27092
   0.95508 -0.00388  0.27583
   0.96946 -0.00270  0.28190
   0.98257 -0.00176  0.28279
   0.99375 -0.00104  0.29322
   1.00000 -0.00067  0.36039
