                                                
 Alfa =  10.00000 Re =  4000000.000 Xflap,Yflap =     0.000000    0.000000
#    x        y        Cp  
   1.00000  0.00000  0.35737
   0.99444  0.00211  0.06844
   0.98525  0.00504  0.02066
   0.97478  0.00810 -0.04816
   0.96274  0.01133 -0.07255
   0.94923  0.01477 -0.10130
   0.93432  0.01838 -0.11916
   0.91824  0.02218 -0.13901
   0.90136  0.02614 -0.16136
   0.88405  0.03021 -0.18835
   0.86654  0.03435 -0.22044
   0.84895  0.03851 -0.25434
   0.83132  0.04264 -0.28733
   0.81366  0.04676 -0.31253
   0.79596  0.05089 -0.34322
   0.77822  0.05503 -0.37918
   0.76043  0.05917 -0.41200
   0.74257  0.06331 -0.44547
   0.72469  0.06746 -0.48112
   0.70682  0.07159 -0.52051
   0.68901  0.07571 -0.56146
   0.67120  0.07979 -0.60087
   0.65335  0.08388 -0.64320
   0.63551  0.08794 -0.68911
   0.61770  0.09199 -0.73736
   0.59989  0.09601 -0.78958
   0.58210  0.10002 -0.84770
   0.56438  0.10399 -0.91024
   0.54674  0.10791 -0.97882
   0.52918  0.11177 -1.05409
   0.51175  0.11556 -1.13924
   0.49452  0.11926 -1.23604
   0.47762  0.12280 -1.34864
   0.46112  0.12614 -1.47259
   0.44509  0.12923 -1.60772
   0.42952  0.13200 -1.74624
   0.41439  0.13444 -1.88650
   0.39963  0.13652 -2.02165
   0.38517  0.13823 -2.14613
   0.37093  0.13955 -2.25897
   0.35681  0.14050 -2.35255
   0.34275  0.14107 -2.43207
   0.32868  0.14127 -2.49985
   0.31460  0.14110 -2.55772
   0.30051  0.14059 -2.61096
   0.28644  0.13972 -2.66061
   0.27241  0.13849 -2.70547
   0.25843  0.13692 -2.74596
   0.24453  0.13500 -2.78403
   0.23074  0.13274 -2.81803
   0.21707  0.13012 -2.84526
   0.20352  0.12716 -2.86448
   0.19008  0.12383 -2.87474
   0.17676  0.12017 -2.88254
   0.16360  0.11617 -2.88765
   0.15063  0.11185 -2.89484
   0.13791  0.10722 -2.90118
   0.12549  0.10232 -2.90955
   0.11344  0.09717 -2.91477
   0.10181  0.09178 -2.91808
   0.09067  0.08621 -2.92375
   0.08012  0.08052 -2.93083
   0.07024  0.07478 -2.93679
   0.06111  0.06908 -2.94368
   0.05281  0.06350 -2.95050
   0.04533  0.05810 -2.94476
   0.03868  0.05297 -2.95167
   0.03284  0.04817 -2.99832
   0.02777  0.04373 -3.05002
   0.02337  0.03959 -3.07955
   0.01956  0.03573 -3.10478
   0.01623  0.03214 -3.15374
   0.01333  0.02880 -3.24884
   0.01083  0.02567 -3.32827
   0.00868  0.02271 -3.39623
   0.00684  0.01990 -3.44233
   0.00527  0.01722 -3.45597
   0.00394  0.01464 -3.43472
   0.00283  0.01215 -3.38200
   0.00192  0.00975 -3.30863
   0.00119  0.00745 -3.25738
   0.00063  0.00527 -3.27391
   0.00025  0.00318 -3.27985
   0.00004  0.00117 -3.24476
   0.00001 -0.00082 -3.26416
   0.00023 -0.00277 -3.37427
   0.00080 -0.00461 -3.16241
   0.00186 -0.00625 -2.02337
   0.00339 -0.00763 -0.83224
   0.00526 -0.00868 -0.02559
   0.00740 -0.00942  0.48950
   0.00978 -0.00996  0.75251
   0.01238 -0.01046  0.87328
   0.01520 -0.01091  0.94120
   0.01828 -0.01129  0.97901
   0.02169 -0.01159  0.99642
   0.02551 -0.01183  0.99980
   0.02982 -0.01202  0.99361
   0.03472 -0.01217  0.98053
   0.04033 -0.01225  0.96195
   0.04683 -0.01225  0.93957
   0.05446 -0.01215  0.91364
   0.06346 -0.01193  0.88507
   0.07402 -0.01154  0.85536
   0.08636 -0.01095  0.82576
   0.10056 -0.01018  0.79754
   0.11636 -0.00930  0.76965
   0.13323 -0.00834  0.74365
   0.15071 -0.00735  0.72034
   0.16854 -0.00637  0.69870
   0.18656 -0.00539  0.67918
   0.20464 -0.00444  0.66168
   0.22272 -0.00350  0.64623
   0.24077 -0.00261  0.63147
   0.25881 -0.00176  0.61796
   0.27687 -0.00095  0.60491
   0.29493 -0.00017  0.59259
   0.31301  0.00056  0.58111
   0.33109  0.00126  0.56991
   0.34919  0.00193  0.55898
   0.36733  0.00256  0.54825
   0.38552  0.00317  0.53772
   0.40375  0.00375  0.52764
   0.42202  0.00432  0.51758
   0.44029  0.00488  0.50742
   0.45852  0.00544  0.49793
   0.47669  0.00601  0.48855
   0.49485  0.00661  0.48112
   0.51298  0.00724  0.47325
   0.53099  0.00789  0.46548
   0.54884  0.00857  0.45741
   0.56651  0.00933  0.45218
   0.58402  0.01016  0.44720
   0.60144  0.01110  0.44612
   0.61883  0.01215  0.44757
   0.63631  0.01332  0.45386
   0.65399  0.01458  0.46253
   0.67172  0.01586  0.47328
   0.68921  0.01708  0.48368
   0.70631  0.01817  0.49374
   0.72308  0.01909  0.50108
   0.73962  0.01981  0.50619
   0.75601  0.02033  0.50973
   0.77231  0.02063  0.51121
   0.78853  0.02073  0.51156
   0.80469  0.02062  0.51101
   0.82076  0.02029  0.50995
   0.83673  0.01974  0.50675
   0.85259  0.01896  0.50350
   0.86841  0.01793  0.49600
   0.88421  0.01668  0.48860
   0.89985  0.01521  0.47989
   0.91533  0.01354  0.46816
   0.93044  0.01169  0.45933
   0.94501  0.00965  0.44361
   0.95896  0.00746  0.42049
   0.97201  0.00523  0.39197
   0.98374  0.00312  0.36727
   0.99395  0.00122  0.35794
   1.00000  0.00000  0.35737
