                                                
 Alfa =  10.00000 Re =  4000000.000 Xflap,Yflap =     0.000000    0.000000
#    x        y        Cp  
   1.00000  0.00000  0.30877
   0.99477  0.00043  0.19153
   0.98651  0.00110  0.13281
   0.97770  0.00181  0.09949
   0.96827  0.00256  0.07000
   0.95814  0.00336  0.04702
   0.94723  0.00422  0.02514
   0.93547  0.00513  0.00348
   0.92280  0.00609 -0.01644
   0.90925  0.00711 -0.03530
   0.89495  0.00817 -0.05315
   0.88077  0.00921 -0.07000
   0.86685  0.01022 -0.08538
   0.85299  0.01121 -0.09849
   0.83907  0.01220 -0.11326
   0.82497  0.01321 -0.12797
   0.81066  0.01423 -0.14073
   0.79616  0.01528 -0.15602
   0.78174  0.01632 -0.17246
   0.76738  0.01737 -0.18950
   0.75306  0.01841 -0.20561
   0.73871  0.01945 -0.22359
   0.72432  0.02048 -0.24032
   0.70986  0.02151 -0.25882
   0.69535  0.02252 -0.27626
   0.68080  0.02352 -0.29199
   0.66624  0.02450 -0.31115
   0.65169  0.02546 -0.32727
   0.63713  0.02640 -0.34476
   0.62257  0.02732 -0.36296
   0.60802  0.02821 -0.38057
   0.59350  0.02909 -0.39934
   0.57898  0.02994 -0.42020
   0.56448  0.03077 -0.43901
   0.54999  0.03156 -0.46117
   0.53550  0.03232 -0.48190
   0.52102  0.03303 -0.50330
   0.50654  0.03371 -0.52391
   0.49207  0.03434 -0.54536
   0.47759  0.03492 -0.56546
   0.46311  0.03545 -0.58685
   0.44864  0.03593 -0.60670
   0.43416  0.03637 -0.62880
   0.41968  0.03675 -0.64970
   0.40519  0.03709 -0.67259
   0.39070  0.03738 -0.69631
   0.37620  0.03762 -0.72017
   0.36170  0.03781 -0.74647
   0.34719  0.03795 -0.77294
   0.33268  0.03803 -0.80156
   0.31818  0.03805 -0.83017
   0.30369  0.03802 -0.86260
   0.28924  0.03792 -0.89623
   0.27482  0.03776 -0.93231
   0.26044  0.03753 -0.97164
   0.24610  0.03722 -1.01195
   0.23179  0.03682 -1.05517
   0.21750  0.03633 -1.10095
   0.20319  0.03574 -1.14937
   0.18883  0.03505 -1.20215
   0.17441  0.03424 -1.25798
   0.15998  0.03331 -1.32118
   0.14565  0.03227 -1.39230
   0.13156  0.03113 -1.47324
   0.11769  0.02988 -1.56992
   0.10383  0.02850 -1.68913
   0.08965  0.02695 -1.86896
   0.07593  0.02520 -2.08905
   0.06242  0.02313 -2.34191
   0.04865  0.02052 -2.62638
   0.03693  0.01788 -2.90293
   0.02617  0.01520 -3.49619
   0.01445  0.01163 -5.52725
   0.00881  0.00899 -6.67943
   0.00569  0.00713 -8.02997
   0.00359  0.00558 -9.61616
   0.00210  0.00421-11.52355
   0.00106  0.00295-13.76557
   0.00038  0.00174-15.86679
   0.00004  0.00058-16.88265
   0.00004 -0.00058-14.39759
   0.00038 -0.00174 -9.78532
   0.00106 -0.00295 -5.95542
   0.00210 -0.00421 -3.26549
   0.00359 -0.00558 -1.51547
   0.00569 -0.00713 -0.38180
   0.00881 -0.00899  0.35067
   0.01445 -0.01163  0.82581
   0.02617 -0.01520  0.99915
   0.03693 -0.01788  0.98233
   0.04865 -0.02052  0.93053
   0.06242 -0.02313  0.86251
   0.07593 -0.02520  0.80230
   0.08965 -0.02695  0.75034
   0.10383 -0.02850  0.70435
   0.11769 -0.02988  0.66231
   0.13156 -0.03113  0.62428
   0.14565 -0.03227  0.58865
   0.15998 -0.03331  0.55589
   0.17441 -0.03424  0.52581
   0.18883 -0.03505  0.49825
   0.20319 -0.03574  0.47332
   0.21750 -0.03633  0.45101
   0.23179 -0.03682  0.43054
   0.24610 -0.03722  0.41189
   0.26044 -0.03753  0.39500
   0.27482 -0.03776  0.37933
   0.28924 -0.03792  0.36431
   0.30369 -0.03802  0.35109
   0.31818 -0.03805  0.33773
   0.33268 -0.03803  0.32564
   0.34719 -0.03795  0.31352
   0.36170 -0.03781  0.30348
   0.37620 -0.03762  0.29231
   0.39070 -0.03738  0.28303
   0.40519 -0.03709  0.27347
   0.41968 -0.03675  0.26483
   0.43416 -0.03637  0.25663
   0.44864 -0.03593  0.24792
   0.46311 -0.03545  0.24170
   0.47759 -0.03492  0.23452
   0.49207 -0.03434  0.22819
   0.50654 -0.03371  0.22260
   0.52102 -0.03303  0.21912
   0.53550 -0.03232  0.21426
   0.54999 -0.03156  0.21055
   0.56448 -0.03077  0.20738
   0.57898 -0.02994  0.20541
   0.59350 -0.02909  0.20141
   0.60802 -0.02821  0.19918
   0.62257 -0.02732  0.19597
   0.63713 -0.02640  0.19372
   0.65169 -0.02546  0.19031
   0.66624 -0.02450  0.18851
   0.68080 -0.02352  0.18529
   0.69535 -0.02252  0.18408
   0.70986 -0.02151  0.18222
   0.72432 -0.02048  0.18126
   0.73871 -0.01945  0.18060
   0.75306 -0.01841  0.17954
   0.76738 -0.01737  0.17917
   0.78174 -0.01632  0.17736
   0.79616 -0.01528  0.17682
   0.81066 -0.01423  0.17400
   0.82497 -0.01321  0.17366
   0.83907 -0.01220  0.16854
   0.85299 -0.01121  0.16803
   0.86685 -0.01022  0.16515
   0.88077 -0.00921  0.16169
   0.89495 -0.00817  0.16225
   0.90925 -0.00711  0.16069
   0.92280 -0.00609  0.16122
   0.93547 -0.00513  0.16155
   0.94723 -0.00422  0.16487
   0.95814 -0.00336  0.16878
   0.96827 -0.00256  0.17447
   0.97770 -0.00181  0.18083
   0.98651 -0.00110  0.19724
   0.99477 -0.00043  0.22586
   1.00000  0.00000  0.30877
