                                                
 Alfa =  10.00000 Re =  4000000.000 Xflap,Yflap =     0.000000    0.000000
#    x        y        Cp  
   1.00000  0.00000  0.60768
   0.99556  0.00094  0.24913
   0.98853  0.00174  0.33479
   0.98023  0.00275  0.36499
   0.96996  0.00450  0.29290
   0.95777  0.00674  0.26204
   0.94426  0.00947  0.21620
   0.92990  0.01254  0.17505
   0.91514  0.01582  0.13323
   0.90011  0.01927  0.09112
   0.88494  0.02282  0.05270
   0.86975  0.02642  0.01522
   0.85448  0.03011 -0.02705
   0.83913  0.03383 -0.06605
   0.82375  0.03757 -0.10623
   0.80838  0.04132 -0.14703
   0.79304  0.04504 -0.18920
   0.77775  0.04873 -0.23048
   0.76247  0.05237 -0.26939
   0.74717  0.05597 -0.30949
   0.73191  0.05953 -0.35233
   0.71669  0.06302 -0.39485
   0.70148  0.06645 -0.43604
   0.68625  0.06981 -0.47826
   0.67106  0.07309 -0.52462
   0.65592  0.07628 -0.57017
   0.64079  0.07936 -0.61273
   0.62564  0.08236 -0.65546
   0.61047  0.08525 -0.69960
   0.59530  0.08805 -0.74539
   0.58014  0.09074 -0.79185
   0.56500  0.09331 -0.83949
   0.54985  0.09577 -0.88788
   0.53470  0.09811 -0.93768
   0.51958  0.10032 -0.99112
   0.50452  0.10238 -1.04647
   0.48949  0.10428 -1.09892
   0.47447  0.10602 -1.15061
   0.45945  0.10759 -1.20408
   0.44444  0.10899 -1.25728
   0.42947  0.11021 -1.31254
   0.41453  0.11123 -1.36632
   0.39962  0.11206 -1.42027
   0.38472  0.11268 -1.47240
   0.36984  0.11310 -1.52336
   0.35498  0.11330 -1.57867
   0.34018  0.11328 -1.63369
   0.32543  0.11303 -1.68739
   0.31074  0.11254 -1.74294
   0.29612  0.11180 -1.79728
   0.28159  0.11081 -1.85412
   0.26718  0.10954 -1.90579
   0.25287  0.10798 -1.95478
   0.23867  0.10612 -1.99349
   0.22454  0.10394 -2.02422
   0.21045  0.10144 -2.04335
   0.19639  0.09862 -2.06054
   0.18238  0.09550 -2.07886
   0.16847  0.09208 -2.09834
   0.15466  0.08837 -2.11639
   0.14097  0.08435 -2.14014
   0.12747  0.08006 -2.17086
   0.11419  0.07547 -2.20251
   0.10118  0.07058 -2.23485
   0.08847  0.06539 -2.27389
   0.07615  0.05993 -2.31781
   0.06435  0.05422 -2.36950
   0.05327  0.04836 -2.43794
   0.04315  0.04249 -2.51210
   0.03426  0.03680 -2.59912
   0.02678  0.03152 -2.69998
   0.02073  0.02679 -2.79728
   0.01590  0.02263 -2.90255
   0.01206  0.01900 -3.03444
   0.00902  0.01584 -3.18359
   0.00660  0.01308 -3.38721
   0.00466  0.01061 -3.59997
   0.00307  0.00835 -3.99258
   0.00182  0.00622 -4.37711
   0.00090  0.00424 -4.69416
   0.00031  0.00240 -4.99274
   0.00002  0.00069 -5.00246
   0.00006 -0.00099 -4.31261
   0.00042 -0.00271 -3.19081
   0.00113 -0.00452 -2.10502
   0.00221 -0.00637 -1.13785
   0.00368 -0.00824 -0.36759
   0.00549 -0.01015  0.13392
   0.00770 -0.01211  0.47449
   0.01039 -0.01417  0.71121
   0.01369 -0.01633  0.86600
   0.01773 -0.01860  0.95704
   0.02269 -0.02097  0.99615
   0.02882 -0.02347  0.99509
   0.03631 -0.02605  0.96400
   0.04524 -0.02860  0.91291
   0.05553 -0.03098  0.85135
   0.06701 -0.03306  0.79014
   0.07948 -0.03477  0.73464
   0.09283 -0.03614  0.68781
   0.10689 -0.03721  0.64764
   0.12145 -0.03806  0.61290
   0.13634 -0.03872  0.58147
   0.15144 -0.03922  0.55425
   0.16670 -0.03958  0.52962
   0.18207 -0.03983  0.50788
   0.19749 -0.03998  0.48748
   0.21297 -0.04004  0.46999
   0.22854 -0.04001  0.45402
   0.24415 -0.03993  0.43923
   0.25978 -0.03978  0.42490
   0.27545 -0.03959  0.41226
   0.29113 -0.03935  0.39998
   0.30684 -0.03906  0.38862
   0.32257 -0.03875  0.37775
   0.33830 -0.03839  0.36747
   0.35404 -0.03801  0.35714
   0.36977 -0.03759  0.34795
   0.38550 -0.03714  0.33812
   0.40124 -0.03666  0.33016
   0.41697 -0.03614  0.32188
   0.43270 -0.03559  0.31422
   0.44844 -0.03501  0.30768
   0.46421 -0.03440  0.30138
   0.47997 -0.03377  0.29465
   0.49573 -0.03311  0.28833
   0.51149 -0.03243  0.28296
   0.52727 -0.03172  0.27797
   0.54308 -0.03099  0.27284
   0.55888 -0.03025  0.26735
   0.57467 -0.02950  0.26205
   0.59046 -0.02872  0.25737
   0.60626 -0.02793  0.25234
   0.62206 -0.02713  0.24778
   0.63785 -0.02631  0.24226
   0.65362 -0.02547  0.23815
   0.66938 -0.02461  0.23326
   0.68515 -0.02373  0.23018
   0.70094 -0.02283  0.22670
   0.71672 -0.02191  0.22312
   0.73251 -0.02097  0.21992
   0.74830 -0.02002  0.21701
   0.76410 -0.01906  0.21391
   0.77991 -0.01808  0.21066
   0.79569 -0.01709  0.20670
   0.81146 -0.01609  0.20357
   0.82723 -0.01506  0.20152
   0.84299 -0.01402  0.19735
   0.85869 -0.01296  0.19397
   0.87439 -0.01186  0.19325
   0.89006 -0.01073  0.19027
   0.90562 -0.00958  0.18813
   0.92101 -0.00838  0.19077
   0.93612 -0.00718  0.19116
   0.95059 -0.00599  0.17571
   0.96411 -0.00465  0.19111
   0.97642 -0.00326  0.24501
   0.98682 -0.00224  0.27017
   0.99533 -0.00152 -0.01614
   1.00000  0.00000  0.60768
