                                                
 Alfa =  10.00000 Re =  4000000.000 Xflap,Yflap =     0.000000    0.000000
#    x        y        Cp  
   1.00000  0.00175  0.33071
   0.99500  0.00271  0.19975
   0.98668  0.00432  0.14387
   0.97712  0.00616  0.09887
   0.96601  0.00829  0.05523
   0.95312  0.01076  0.01719
   0.93922  0.01342 -0.02102
   0.92568  0.01600 -0.05754
   0.91200  0.01857 -0.08855
   0.89790  0.02119 -0.12071
   0.88392  0.02372 -0.14583
   0.87018  0.02618 -0.16978
   0.85651  0.02860 -0.19026
   0.84280  0.03100 -0.21100
   0.82896  0.03342 -0.23071
   0.81495  0.03586 -0.25270
   0.80076  0.03834 -0.27479
   0.78647  0.04085 -0.30293
   0.77224  0.04337 -0.32929
   0.75804  0.04589 -0.36118
   0.74384  0.04840 -0.39263
   0.72959  0.05092 -0.42539
   0.71529  0.05342 -0.46250
   0.70099  0.05589 -0.49584
   0.68673  0.05831 -0.53312
   0.67248  0.06069 -0.56926
   0.65825  0.06302 -0.60714
   0.64402  0.06529 -0.64631
   0.62977  0.06750 -0.68733
   0.61551  0.06965 -0.72684
   0.60125  0.07171 -0.76933
   0.58698  0.07370 -0.81328
   0.57271  0.07559 -0.85898
   0.55846  0.07738 -0.90576
   0.54422  0.07905 -0.95292
   0.52999  0.08059 -0.99764
   0.51577  0.08198 -1.04414
   0.50156  0.08322 -1.08740
   0.48734  0.08430 -1.12630
   0.47311  0.08521 -1.16020
   0.45886  0.08595 -1.19399
   0.44460  0.08654 -1.22604
   0.43032  0.08697 -1.25670
   0.41603  0.08725 -1.28680
   0.40173  0.08737 -1.31842
   0.38743  0.08734 -1.35034
   0.37315  0.08716 -1.38535
   0.35889  0.08681 -1.42041
   0.34465  0.08630 -1.45485
   0.33045  0.08560 -1.48728
   0.31627  0.08471 -1.51579
   0.30213  0.08362 -1.54508
   0.28800  0.08233 -1.56144
   0.27388  0.08084 -1.57493
   0.25977  0.07916 -1.58436
   0.24565  0.07731 -1.59514
   0.23152  0.07530 -1.60667
   0.21738  0.07315 -1.62303
   0.20323  0.07087 -1.64605
   0.18906  0.06846 -1.68585
   0.17489  0.06594 -1.73938
   0.16076  0.06328 -1.80692
   0.14674  0.06047 -1.89612
   0.13294  0.05750 -2.02003
   0.11943  0.05427 -2.14559
   0.10625  0.05069 -2.25072
   0.09335  0.04664 -2.24873
   0.08053  0.04219 -2.15131
   0.06729  0.03751 -2.27105
   0.05422  0.03272 -2.62317
   0.04260  0.02785 -2.83108
   0.03383  0.02369 -2.94979
   0.02533  0.01930 -3.17355
   0.01660  0.01438 -3.55139
   0.00882  0.00961 -4.77472
   0.00534  0.00721 -6.37208
   0.00321  0.00549 -8.18173
   0.00177  0.00407-10.52412
   0.00079  0.00282-13.61489
   0.00020  0.00169-17.24862
  -0.00004  0.00064-19.88337
   0.00009 -0.00037-16.86729
   0.00060 -0.00136-10.14747
   0.00150 -0.00236 -5.36307
   0.00286 -0.00341 -2.48388
   0.00485 -0.00458 -0.83115
   0.00791 -0.00605  0.16987
   0.01421 -0.00870  0.76431
   0.02427 -0.01301  0.96614
   0.03286 -0.01599  0.99996
   0.04133 -0.01827  0.97984
   0.05268 -0.02068  0.92587
   0.06633 -0.02289  0.85114
   0.07992 -0.02443  0.77737
   0.09271 -0.02528  0.70848
   0.10558 -0.02539  0.65611
   0.11880 -0.02471  0.63218
   0.13239 -0.02343  0.62583
   0.14637 -0.02182  0.62853
   0.16063 -0.02020  0.62539
   0.17502 -0.01869  0.61630
   0.18941 -0.01731  0.60696
   0.20374 -0.01603  0.59679
   0.21804 -0.01486  0.58707
   0.23233 -0.01378  0.57733
   0.24662 -0.01277  0.56776
   0.26093 -0.01185  0.55773
   0.27527 -0.01100  0.54863
   0.28965 -0.01022  0.53842
   0.30406 -0.00951  0.52920
   0.31851 -0.00885  0.51848
   0.33299 -0.00824  0.50812
   0.34748 -0.00767  0.49820
   0.36199 -0.00713  0.48840
   0.37650 -0.00661  0.47847
   0.39102 -0.00609  0.47004
   0.40554 -0.00557  0.46218
   0.42005 -0.00503  0.45571
   0.43455 -0.00450  0.45085
   0.44904 -0.00398  0.44492
   0.46352 -0.00347  0.44193
   0.47800 -0.00299  0.43666
   0.49246 -0.00254  0.43173
   0.50693 -0.00213  0.42735
   0.52140 -0.00176  0.42163
   0.53588 -0.00143  0.41535
   0.55038 -0.00113  0.40954
   0.56489 -0.00086  0.40107
   0.57941 -0.00061  0.39725
   0.59393 -0.00038  0.38880
   0.60845 -0.00017  0.38426
   0.62297  0.00004  0.37860
   0.63747  0.00022  0.37394
   0.65196  0.00039  0.36864
   0.66645  0.00055  0.36378
   0.68093  0.00069  0.35856
   0.69542  0.00081  0.35515
   0.70994  0.00091  0.35000
   0.72447  0.00098  0.34451
   0.73895  0.00104  0.34099
   0.75340  0.00107  0.33525
   0.76784  0.00107  0.33225
   0.78229  0.00105  0.32490
   0.79680  0.00100  0.32163
   0.81125  0.00091  0.31536
   0.82553  0.00080  0.30892
   0.83964  0.00067  0.30426
   0.85362  0.00051  0.29787
   0.86755  0.00033  0.29027
   0.88153  0.00012  0.28495
   0.89573 -0.00011  0.27882
   0.91010 -0.00036  0.26910
   0.92405 -0.00061  0.26290
   0.93781 -0.00086  0.25425
   0.95195 -0.00110  0.25108
   0.96520 -0.00131  0.24566
   0.97662 -0.00147  0.24882
   0.98641 -0.00160  0.25472
   0.99491 -0.00169  0.27230
   1.00000 -0.00175  0.33071
