                                                
 Alfa =  10.00000 Re =  4000000.000 Xflap,Yflap =     0.000000    0.000000
#    x        y        Cp  
   1.00000  0.00255  0.28889
   0.99452  0.00428  0.04223
   0.98476  0.00686  0.04892
   0.97271  0.01001 -0.03190
   0.95898  0.01346 -0.08729
   0.94416  0.01701 -0.12507
   0.92866  0.02069 -0.18632
   0.91320  0.02421 -0.23619
   0.89720  0.02767 -0.25640
   0.88077  0.03119 -0.30117
   0.86481  0.03458 -0.36432
   0.84928  0.03767 -0.38612
   0.83363  0.04071 -0.41267
   0.81810  0.04372 -0.48418
   0.80235  0.04656 -0.50820
   0.78620  0.04934 -0.54260
   0.77005  0.05200 -0.57994
   0.75386  0.05453 -0.61401
   0.73765  0.05694 -0.64939
   0.72145  0.05921 -0.68418
   0.70535  0.06134 -0.72621
   0.68940  0.06327 -0.76140
   0.67348  0.06502 -0.79045
   0.65756  0.06657 -0.81306
   0.64146  0.06795 -0.82007
   0.62515  0.06921 -0.83711
   0.60882  0.07035 -0.85540
   0.59245  0.07135 -0.87315
   0.57608  0.07221 -0.88737
   0.55946  0.07296 -0.88846
   0.54283  0.07365 -0.92053
   0.52634  0.07419 -0.93044
   0.50955  0.07464 -0.93618
   0.49273  0.07505 -0.96613
   0.47618  0.07535 -0.99753
   0.45956  0.07552 -1.00286
   0.44271  0.07562 -1.02265
   0.42601  0.07566 -1.06015
   0.40951  0.07558 -1.08687
   0.39289  0.07536 -1.09099
   0.37620  0.07512 -1.12907
   0.35968  0.07479 -1.17177
   0.34314  0.07432 -1.18985
   0.32635  0.07375 -1.21327
   0.30968  0.07315 -1.27647
   0.29357  0.07243 -1.32762
   0.27724  0.07151 -1.32955
   0.26086  0.07054 -1.39654
   0.24455  0.06943 -1.42306
   0.22814  0.06825 -1.49559
   0.21212  0.06696 -1.57403
   0.19599  0.06546 -1.61418
   0.17970  0.06383 -1.69004
   0.16365  0.06210 -1.79270
   0.14784  0.06022 -1.89414
   0.13222  0.05818 -2.02692
   0.11720  0.05602 -2.19719
   0.10264  0.05364 -2.34290
   0.08873  0.05113 -2.56272
   0.07607  0.04859 -2.81331
   0.06501  0.04614 -3.28645
   0.05559  0.04357 -3.40623
   0.04725  0.04109 -3.86768
   0.03998  0.03857 -4.46446
   0.03367  0.03586 -4.50814
   0.02812  0.03316 -4.92282
   0.02330  0.03042 -4.79700
   0.01911  0.02790 -5.63685
   0.01558  0.02535 -5.60053
   0.01253  0.02287 -5.69990
   0.00991  0.02052 -6.07266
   0.00769  0.01825 -6.26036
   0.00581  0.01606 -6.37466
   0.00422  0.01396 -6.53938
   0.00288  0.01195 -6.76229
   0.00178  0.01001 -8.00367
   0.00104  0.00809 -6.18123
   0.00039  0.00624 -7.82995
   0.00005  0.00439 -6.50342
  -0.00012  0.00255 -6.25512
  -0.00010  0.00074 -6.32030
   0.00025 -0.00106 -5.37018
   0.00095 -0.00287 -3.45444
   0.00187 -0.00471 -2.63028
   0.00306 -0.00654 -1.90665
   0.00460 -0.00831 -0.99773
   0.00647 -0.01005 -0.36678
   0.00870 -0.01178  0.10204
   0.01132 -0.01351  0.43969
   0.01440 -0.01531  0.66874
   0.01799 -0.01723  0.81054
   0.02218 -0.01923  0.90895
   0.02717 -0.02128  0.96983
   0.03314 -0.02342  0.99663
   0.04024 -0.02574  0.99790
   0.04832 -0.02806  0.98113
   0.05752 -0.03045  0.95169
   0.06792 -0.03282  0.91441
   0.07954 -0.03515  0.87558
   0.09261 -0.03758  0.83257
   0.10640 -0.04002  0.78416
   0.12104 -0.04228  0.74317
   0.13657 -0.04447  0.70325
   0.15248 -0.04657  0.66219
   0.16834 -0.04852  0.62236
   0.18420 -0.05027  0.58734
   0.20034 -0.05187  0.55684
   0.21644 -0.05334  0.52100
   0.23245 -0.05461  0.49425
   0.24869 -0.05576  0.46580
   0.26468 -0.05673  0.43677
   0.28086 -0.05752  0.41741
   0.29688 -0.05819  0.38465
   0.31264 -0.05859  0.36956
   0.32890 -0.05882  0.35779
   0.34524 -0.05894  0.33751
   0.36130 -0.05892  0.31732
   0.37747 -0.05869  0.31015
   0.39370 -0.05834  0.29229
   0.40974 -0.05780  0.28634
   0.42619 -0.05710  0.28327
   0.44257 -0.05635  0.26776
   0.45886 -0.05546  0.26069
   0.47502 -0.05445  0.24893
   0.49090 -0.05329  0.25362
   0.50663 -0.05210  0.23223
   0.52249 -0.05069  0.23523
   0.53874 -0.04911  0.23355
   0.55495 -0.04740  0.23207
   0.57117 -0.04556  0.22966
   0.58718 -0.04360  0.22549
   0.60300 -0.04147  0.22837
   0.61893 -0.03913  0.23966
   0.63499 -0.03663  0.24674
   0.65078 -0.03402  0.25217
   0.66650 -0.03123  0.26736
   0.68202 -0.02829  0.28032
   0.69729 -0.02518  0.31805
   0.71271 -0.02205  0.34015
   0.72832 -0.01894  0.34915
   0.74417 -0.01568  0.38071
   0.76015 -0.01245  0.40509
   0.77616 -0.00936  0.42253
   0.79211 -0.00638  0.44655
   0.80734 -0.00371  0.47158
   0.82251 -0.00136  0.47926
   0.83758  0.00076  0.49886
   0.85206  0.00248  0.51209
   0.86661  0.00382  0.51202
   0.88131  0.00486  0.51646
   0.89582  0.00558  0.52094
   0.91008  0.00595  0.52167
   0.92427  0.00596  0.51847
   0.93795  0.00566  0.52498
   0.95079  0.00496  0.52288
   0.96306  0.00384  0.50823
   0.97460  0.00237  0.49278
   0.98509  0.00061  0.46250
   0.99437 -0.00139  0.36946
   1.00000 -0.00255  0.28889
