                                                
 Alfa =  10.00000 Re =  4000000.000 Xflap,Yflap =     0.000000    0.000000
#    x        y        Cp  
   1.00000  0.00000  0.19186
   0.99397 -0.00001  0.16819
   0.98231  0.00003  0.15420
   0.96903  0.00019  0.14716
   0.95526  0.00049  0.14114
   0.94140  0.00095  0.13840
   0.92755  0.00156  0.13121
   0.91369  0.00232  0.12218
   0.89982  0.00325  0.10995
   0.88592  0.00433  0.09437
   0.87198  0.00554  0.07626
   0.85799  0.00688  0.05895
   0.84396  0.00832  0.03775
   0.82989  0.00986  0.01797
   0.81578  0.01147 -0.00447
   0.80165  0.01315 -0.02508
   0.78750  0.01488 -0.04522
   0.77334  0.01667 -0.06799
   0.75917  0.01850 -0.08914
   0.74500  0.02037 -0.11255
   0.73081  0.02227 -0.13602
   0.71660  0.02421 -0.15906
   0.70238  0.02617 -0.18317
   0.68815  0.02815 -0.20893
   0.67392  0.03015 -0.23408
   0.65968  0.03215 -0.26120
   0.64544  0.03417 -0.29020
   0.63120  0.03619 -0.31860
   0.61697  0.03819 -0.34919
   0.60275  0.04019 -0.38075
   0.58855  0.04215 -0.41170
   0.57437  0.04408 -0.44372
   0.56020  0.04598 -0.47694
   0.54605  0.04783 -0.51027
   0.53191  0.04964 -0.54391
   0.51778  0.05139 -0.57726
   0.50366  0.05308 -0.61407
   0.48954  0.05471 -0.64790
   0.47544  0.05627 -0.68496
   0.46135  0.05776 -0.72198
   0.44726  0.05916 -0.75833
   0.43319  0.06049 -0.79638
   0.41912  0.06173 -0.83518
   0.40506  0.06287 -0.87393
   0.39101  0.06391 -0.91385
   0.37697  0.06486 -0.95432
   0.36294  0.06570 -0.99552
   0.34892  0.06642 -1.03656
   0.33491  0.06703 -1.07960
   0.32091  0.06752 -1.12397
   0.30692  0.06788 -1.16774
   0.29295  0.06811 -1.21462
   0.27899  0.06821 -1.26192
   0.26506  0.06816 -1.31228
   0.25115  0.06797 -1.36410
   0.23727  0.06762 -1.41808
   0.22343  0.06711 -1.47602
   0.20963  0.06643 -1.53707
   0.19587  0.06557 -1.60144
   0.18218  0.06452 -1.67140
   0.16858  0.06326 -1.74617
   0.15505  0.06178 -1.82530
   0.14163  0.06007 -1.91261
   0.12833  0.05810 -2.00543
   0.11518  0.05586 -2.11243
   0.10223  0.05332 -2.22617
   0.08953  0.05046 -2.35263
   0.07712  0.04725 -2.48929
   0.06504  0.04367 -2.65409
   0.05342  0.03968 -2.83816
   0.04260  0.03537 -3.04777
   0.03277  0.03078 -3.27283
   0.02390  0.02588 -3.54360
   0.01679  0.02118 -3.82573
   0.01177  0.01723 -4.14505
   0.00812  0.01379 -4.37668
   0.00532  0.01059 -4.45343
   0.00324  0.00775 -4.48705
   0.00175  0.00540 -4.95517
   0.00073  0.00346 -6.03442
   0.00015  0.00179 -7.02718
  -0.00004  0.00027 -7.39650
   0.00018 -0.00118 -5.89159
   0.00084 -0.00261 -3.54661
   0.00196 -0.00405 -1.79738
   0.00359 -0.00544 -0.57045
   0.00588 -0.00666  0.31287
   0.00916 -0.00761  0.80219
   0.01386 -0.00841  0.96820
   0.02049 -0.00945  0.99997
   0.02914 -0.01058  0.97405
   0.03964 -0.01145  0.92336
   0.05246 -0.01214  0.86827
   0.06660 -0.01279  0.81319
   0.08059 -0.01332  0.76631
   0.09451 -0.01375  0.72686
   0.10868 -0.01411  0.69195
   0.12301 -0.01443  0.66039
   0.13735 -0.01471  0.63190
   0.15164 -0.01495  0.60634
   0.16593 -0.01515  0.58275
   0.18023 -0.01533  0.56153
   0.19456 -0.01547  0.54141
   0.20890 -0.01559  0.52340
   0.22324 -0.01568  0.50617
   0.23759 -0.01575  0.49054
   0.25194 -0.01580  0.47546
   0.26629 -0.01582  0.46135
   0.28064 -0.01583  0.44828
   0.29500 -0.01582  0.43554
   0.30937 -0.01579  0.42401
   0.32374 -0.01575  0.41265
   0.33811 -0.01569  0.40197
   0.35248 -0.01562  0.39131
   0.36686 -0.01553  0.38186
   0.38124 -0.01543  0.37231
   0.39562 -0.01532  0.36277
   0.41000 -0.01520  0.35400
   0.42438 -0.01507  0.34575
   0.43876 -0.01493  0.33757
   0.45315 -0.01477  0.32950
   0.46754 -0.01461  0.32166
   0.48193 -0.01444  0.31414
   0.49632 -0.01426  0.30670
   0.51071 -0.01407  0.29931
   0.52510 -0.01388  0.29223
   0.53948 -0.01367  0.28561
   0.55387 -0.01346  0.27851
   0.56825 -0.01323  0.27165
   0.58264 -0.01300  0.26633
   0.59704 -0.01276  0.25852
   0.61143 -0.01252  0.25332
   0.62582 -0.01226  0.24655
   0.64021 -0.01200  0.24100
   0.65460 -0.01173  0.23428
   0.66899 -0.01145  0.22864
   0.68338 -0.01116  0.22204
   0.69776 -0.01087  0.21682
   0.71215 -0.01056  0.21019
   0.72653 -0.01025  0.20498
   0.74092 -0.00993  0.19794
   0.75530 -0.00960  0.19357
   0.76968 -0.00926  0.18599
   0.78406 -0.00890  0.18119
   0.79843 -0.00854  0.17503
   0.81280 -0.00816  0.16843
   0.82717 -0.00777  0.16267
   0.84152 -0.00736  0.15564
   0.85587 -0.00694  0.14990
   0.87021 -0.00650  0.14280
   0.88453 -0.00603  0.13593
   0.89883 -0.00553  0.13013
   0.91311 -0.00500  0.12220
   0.92733 -0.00441  0.11413
   0.94143 -0.00377  0.10636
   0.95534 -0.00302  0.10430
   0.96908 -0.00214  0.11565
   0.98245 -0.00117  0.14150
   0.99404 -0.00033  0.18806
   1.00000  0.00000  0.19186
