                                                
 Alfa =  10.00000 Re =  4000000.000 Xflap,Yflap =     0.000000    0.000000
#    x        y        Cp  
   1.00000  0.00000  0.31352
   0.99423  0.00119  0.16973
   0.98270  0.00353  0.07806
   0.96938  0.00617  0.01688
   0.95569  0.00878 -0.02838
   0.94189  0.01132 -0.06298
   0.92797  0.01380 -0.08900
   0.91398  0.01625 -0.11299
   0.89993  0.01868 -0.13719
   0.88586  0.02111 -0.16108
   0.87177  0.02352 -0.18626
   0.85768  0.02593 -0.20977
   0.84360  0.02834 -0.23684
   0.82952  0.03073 -0.26331
   0.81546  0.03311 -0.29034
   0.80141  0.03546 -0.31781
   0.78737  0.03780 -0.34629
   0.77333  0.04010 -0.37367
   0.75931  0.04237 -0.40431
   0.74530  0.04460 -0.43215
   0.73129  0.04678 -0.46085
   0.71729  0.04892 -0.49347
   0.70330  0.05099 -0.51875
   0.68931  0.05301 -0.54910
   0.67532  0.05497 -0.57826
   0.66134  0.05686 -0.60602
   0.64734  0.05868 -0.63409
   0.63335  0.06043 -0.66136
   0.61935  0.06211 -0.68893
   0.60534  0.06372 -0.71556
   0.59132  0.06526 -0.74249
   0.57730  0.06673 -0.76954
   0.56327  0.06812 -0.79545
   0.54923  0.06944 -0.82414
   0.53518  0.07069 -0.85071
   0.52113  0.07187 -0.88038
   0.50707  0.07297 -0.90972
   0.49302  0.07400 -0.94009
   0.47897  0.07495 -0.97177
   0.46492  0.07582 -1.00546
   0.45088  0.07661 -1.03900
   0.43685  0.07730 -1.07334
   0.42283  0.07790 -1.10943
   0.40882  0.07840 -1.14644
   0.39482  0.07880 -1.18339
   0.38084  0.07909 -1.22123
   0.36687  0.07926 -1.26067
   0.35291  0.07931 -1.29876
   0.33896  0.07924 -1.33971
   0.32503  0.07904 -1.37928
   0.31112  0.07871 -1.42124
   0.29723  0.07824 -1.46241
   0.28336  0.07762 -1.50631
   0.26951  0.07686 -1.54955
   0.25569  0.07594 -1.59587
   0.24189  0.07486 -1.64316
   0.22814  0.07361 -1.69283
   0.21442  0.07220 -1.74501
   0.20075  0.07060 -1.79893
   0.18714  0.06881 -1.85805
   0.17359  0.06682 -1.91916
   0.16012  0.06461 -1.98526
   0.14673  0.06219 -2.05603
   0.13345  0.05953 -2.13618
   0.12031  0.05660 -2.21995
   0.10732  0.05340 -2.30736
   0.09454  0.04990 -2.40199
   0.08198  0.04608 -2.50372
   0.06966  0.04191 -2.59693
   0.05751  0.03733 -2.68036
   0.04551  0.03236 -2.80099
   0.03392  0.02715 -3.03790
   0.02344  0.02200 -3.49292
   0.01551  0.01768 -4.15595
   0.00983  0.01417 -5.26732
   0.00594  0.01130 -6.45166
   0.00347  0.00909 -7.98456
   0.00188  0.00730 -9.77328
   0.00085  0.00575-11.68079
   0.00023  0.00432-13.38306
  -0.00000  0.00296-13.76080
   0.00014  0.00162-10.99685
   0.00068  0.00026 -7.22230
   0.00162 -0.00118 -4.26890
   0.00305 -0.00273 -2.20102
   0.00519 -0.00446 -0.80466
   0.00839 -0.00635  0.15140
   0.01315 -0.00830  0.72420
   0.01995 -0.01050  0.94058
   0.02903 -0.01281  0.99973
   0.03997 -0.01484  0.97591
   0.05191 -0.01641  0.92150
   0.06432 -0.01743  0.86319
   0.07720 -0.01796  0.81188
   0.09054 -0.01812  0.76880
   0.10422 -0.01802  0.73171
   0.11809 -0.01774  0.69889
   0.13206 -0.01730  0.67089
   0.14608 -0.01673  0.64722
   0.16011 -0.01606  0.62626
   0.17416 -0.01530  0.60825
   0.18825 -0.01447  0.59204
   0.20236 -0.01357  0.57838
   0.21651 -0.01263  0.56610
   0.23068 -0.01163  0.55588
   0.24488 -0.01061  0.54638
   0.25909 -0.00956  0.53841
   0.27332 -0.00849  0.53115
   0.28756 -0.00742  0.52472
   0.30179 -0.00636  0.51924
   0.31602 -0.00531  0.51365
   0.33023 -0.00427  0.50873
   0.34442 -0.00327  0.50453
   0.35860 -0.00229  0.49986
   0.37276 -0.00135  0.49519
   0.38692 -0.00045  0.49117
   0.40108  0.00041  0.48654
   0.41524  0.00122  0.48228
   0.42939  0.00199  0.47731
   0.44355  0.00272  0.47295
   0.45772  0.00340  0.46807
   0.47189  0.00404  0.46344
   0.48607  0.00464  0.45826
   0.50025  0.00520  0.45363
   0.51443  0.00571  0.44926
   0.52863  0.00619  0.44430
   0.54282  0.00664  0.43938
   0.55702  0.00704  0.43474
   0.57122  0.00741  0.43076
   0.58542  0.00775  0.42616
   0.59962  0.00805  0.42135
   0.61382  0.00831  0.41748
   0.62801  0.00853  0.41251
   0.64221  0.00872  0.40906
   0.65640  0.00886  0.40365
   0.67059  0.00897  0.39986
   0.68478  0.00903  0.39488
   0.69897  0.00906  0.39056
   0.71316  0.00904  0.38545
   0.72734  0.00898  0.38143
   0.74153  0.00888  0.37496
   0.75571  0.00874  0.37032
   0.76989  0.00855  0.36513
   0.78408  0.00832  0.35963
   0.79826  0.00805  0.35383
   0.81244  0.00773  0.34665
   0.82662  0.00737  0.34158
   0.84080  0.00697  0.33413
   0.85498  0.00652  0.32728
   0.86916  0.00603  0.32062
   0.88334  0.00551  0.31203
   0.89752  0.00494  0.30485
   0.91171  0.00434  0.29477
   0.92591  0.00370  0.28679
   0.94012  0.00303  0.27700
   0.95431  0.00234  0.26631
   0.96846  0.00162  0.25851
   0.98226  0.00091  0.25045
   0.99410  0.00030  0.26198
   1.00000  0.00000  0.31352
