                                                
 Alfa =  10.00000 Re =  4000000.000 Xflap,Yflap =     0.000000    0.000000
#    x        y        Cp  
   1.00000  0.00000  0.31216
   0.99357  0.00008  0.30343
   0.98288  0.00045  0.27536
   0.97088  0.00111  0.24774
   0.95763  0.00207  0.22427
   0.94328  0.00331  0.19999
   0.92807  0.00482  0.17567
   0.91219  0.00656  0.15028
   0.89582  0.00852  0.12504
   0.87910  0.01066  0.09824
   0.86210  0.01296  0.07195
   0.84489  0.01540  0.04395
   0.82751  0.01795  0.01598
   0.80998  0.02061 -0.01261
   0.79233  0.02335 -0.04259
   0.77456  0.02617 -0.07273
   0.75670  0.02905 -0.10367
   0.73873  0.03197 -0.13538
   0.72068  0.03494 -0.16804
   0.70256  0.03792 -0.20168
   0.68442  0.04091 -0.23610
   0.66632  0.04389 -0.27069
   0.64828  0.04685 -0.30697
   0.63031  0.04976 -0.34338
   0.61240  0.05264 -0.38079
   0.59456  0.05546 -0.41887
   0.57678  0.05823 -0.45855
   0.55906  0.06093 -0.49823
   0.54140  0.06356 -0.54004
   0.52381  0.06611 -0.58178
   0.50628  0.06857 -0.62614
   0.48881  0.07094 -0.67086
   0.47140  0.07322 -0.71719
   0.45406  0.07538 -0.76553
   0.43679  0.07743 -0.81469
   0.41959  0.07936 -0.86705
   0.40246  0.08116 -0.91987
   0.38542  0.08282 -0.97594
   0.36847  0.08434 -1.03429
   0.35161  0.08570 -1.09490
   0.33487  0.08689 -1.15916
   0.31824  0.08791 -1.22581
   0.30176  0.08875 -1.29684
   0.28543  0.08938 -1.37173
   0.26929  0.08981 -1.45194
   0.25337  0.09002 -1.53655
   0.23771  0.08999 -1.62772
   0.22236  0.08971 -1.72255
   0.20732  0.08916 -1.82006
   0.19262  0.08833 -1.91983
   0.17828  0.08720 -2.02082
   0.16431  0.08578 -2.12451
   0.15077  0.08405 -2.22895
   0.13771  0.08204 -2.33878
   0.12519  0.07973 -2.44902
   0.11326  0.07714 -2.55250
   0.10194  0.07428 -2.64474
   0.09124  0.07117 -2.72776
   0.08121  0.06786 -2.80165
   0.07187  0.06440 -2.86941
   0.06328  0.06086 -2.93325
   0.05546  0.05729 -3.01738
   0.04842  0.05375 -3.08884
   0.04213  0.05025 -3.15390
   0.03652  0.04681 -3.20539
   0.03152  0.04345 -3.24220
   0.02709  0.04018 -3.25690
   0.02316  0.03700 -3.25742
   0.01967  0.03391 -3.23876
   0.01658  0.03092 -3.21774
   0.01384  0.02804 -3.19191
   0.01141  0.02525 -3.17988
   0.00927  0.02256 -3.16070
   0.00740  0.01996 -3.12746
   0.00577  0.01744 -3.07168
   0.00436  0.01500 -3.02895
   0.00316  0.01263 -2.97457
   0.00218  0.01034 -2.89888
   0.00138  0.00812 -2.79224
   0.00077  0.00596 -2.66205
   0.00034  0.00385 -2.50756
   0.00008  0.00182 -2.34611
   0.00000 -0.00015 -2.17111
   0.00011 -0.00210 -1.95937
   0.00047 -0.00408 -1.80420
   0.00123 -0.00601 -1.32678
   0.00247 -0.00776 -0.38634
   0.00404 -0.00939  0.16409
   0.00585 -0.01095  0.48572
   0.00789 -0.01248  0.69319
   0.01016 -0.01400  0.82344
   0.01268 -0.01553  0.90690
   0.01548 -0.01709  0.95894
   0.01859 -0.01867  0.98768
   0.02205 -0.02031  0.99923
   0.02593 -0.02201  0.99761
   0.03030 -0.02377  0.98551
   0.03523 -0.02562  0.96514
   0.04083 -0.02757  0.93758
   0.04722 -0.02963  0.90408
   0.05453 -0.03181  0.86580
   0.06289 -0.03410  0.82304
   0.07239 -0.03650  0.77727
   0.08307 -0.03896  0.72957
   0.09490 -0.04144  0.68107
   0.10776 -0.04388  0.63333
   0.12149 -0.04623  0.58736
   0.13593 -0.04844  0.54440
   0.15094 -0.05049  0.50403
   0.16639 -0.05237  0.46694
   0.18218 -0.05406  0.43273
   0.19823 -0.05557  0.40062
   0.21445 -0.05690  0.37115
   0.23079 -0.05804  0.34418
   0.24725 -0.05900  0.32022
   0.26386 -0.05978  0.29910
   0.28060 -0.06039  0.27989
   0.29750 -0.06085  0.26323
   0.31454 -0.06116  0.24770
   0.33171 -0.06135  0.23331
   0.34896 -0.06142  0.21935
   0.36627 -0.06136  0.20586
   0.38361 -0.06120  0.19385
   0.40095 -0.06092  0.18127
   0.41831 -0.06053  0.17094
   0.43568 -0.06002  0.16123
   0.45308 -0.05940  0.15267
   0.47052 -0.05868  0.14540
   0.48801 -0.05785  0.13861
   0.50556 -0.05692  0.13318
   0.52315 -0.05590  0.12733
   0.54077 -0.05480  0.12220
   0.55841 -0.05361  0.11668
   0.57604 -0.05234  0.11224
   0.59365 -0.05099  0.10691
   0.61122 -0.04956  0.10198
   0.62874 -0.04805  0.09814
   0.64621 -0.04644  0.09453
   0.66362 -0.04474  0.09245
   0.68101 -0.04294  0.09143
   0.69838 -0.04104  0.09170
   0.71576 -0.03903  0.09396
   0.73317 -0.03691  0.09739
   0.75062 -0.03470  0.10194
   0.76811 -0.03238  0.10759
   0.78566 -0.02998  0.11558
   0.80326 -0.02749  0.12324
   0.82094 -0.02492  0.13352
   0.83869 -0.02228  0.14410
   0.85650 -0.01959  0.15642
   0.87434 -0.01686  0.16968
   0.89206 -0.01414  0.18487
   0.90945 -0.01149  0.20161
   0.92624 -0.00896  0.21963
   0.94220 -0.00664  0.23791
   0.95708 -0.00458  0.25769
   0.97067 -0.00285  0.27555
   0.98284 -0.00147  0.29709
   0.99357 -0.00046  0.31850
   1.00000  0.00000  0.31216
