                                                
 Alfa =  10.00000 Re =  4000000.000 Xflap,Yflap =     0.000000    0.000000
#    x        y        Cp  
   1.00000  0.00100  0.43770
   0.99351  0.00294  0.29171
   0.98289  0.00618  0.23285
   0.97107  0.00990  0.17997
   0.95792  0.01417  0.13020
   0.94350  0.01901  0.07197
   0.92816  0.02430  0.00318
   0.91236  0.02981 -0.07151
   0.89643  0.03530 -0.14215
   0.88040  0.04067 -0.19935
   0.86422  0.04594 -0.24948
   0.84782  0.05115 -0.29661
   0.83119  0.05632 -0.34045
   0.81433  0.06148 -0.38597
   0.79730  0.06662 -0.43275
   0.78020  0.07174 -0.48735
   0.76311  0.07679 -0.54681
   0.74613  0.08172 -0.60944
   0.72929  0.08649 -0.67245
   0.71261  0.09109 -0.73707
   0.69610  0.09548 -0.80030
   0.67973  0.09967 -0.86161
   0.66348  0.10364 -0.92099
   0.64731  0.10740 -0.97866
   0.63117  0.11096 -1.03475
   0.61503  0.11432 -1.08824
   0.59882  0.11749 -1.13901
   0.58248  0.12045 -1.18172
   0.56594  0.12325 -1.21917
   0.54916  0.12589 -1.25337
   0.53212  0.12841 -1.29081
   0.51486  0.13082 -1.33161
   0.49746  0.13314 -1.38159
   0.48005  0.13538 -1.45559
   0.46277  0.13750 -1.54845
   0.44575  0.13943 -1.64976
   0.42905  0.14111 -1.75572
   0.41273  0.14250 -1.86106
   0.39678  0.14356 -1.96247
   0.38121  0.14429 -2.04995
   0.36597  0.14468 -2.12494
   0.35103  0.14473 -2.19273
   0.33628  0.14447 -2.25232
   0.32163  0.14390 -2.30590
   0.30694  0.14299 -2.35185
   0.29202  0.14172 -2.38732
   0.27661  0.14004 -2.40232
   0.26043  0.13789 -2.40612
   0.24332  0.13525 -2.40919
   0.22556  0.13216 -2.42354
   0.20782  0.12878 -2.46326
   0.19108  0.12538 -2.56449
   0.17619  0.12217 -2.78326
   0.16306  0.11898 -3.00169
   0.15114  0.11558 -3.17008
   0.13985  0.11175 -3.19876
   0.12861  0.10726 -3.02506
   0.11694  0.10210 -2.81002
   0.10484  0.09652 -2.64393
   0.09305  0.09117 -2.69671
   0.08255  0.08651 -3.16611
   0.07349  0.08209 -3.64445
   0.06534  0.07729 -3.73871
   0.05750  0.07175 -3.46993
   0.04966  0.06545 -3.13658
   0.04205  0.05885 -2.93770
   0.03528  0.05262 -2.88264
   0.02954  0.04696 -2.84893
   0.02468  0.04178 -2.81049
   0.02051  0.03697 -2.70234
   0.01683  0.03242 -2.55829
   0.01357  0.02821 -2.46564
   0.01069  0.02444 -2.50215
   0.00820  0.02112 -2.72568
   0.00611  0.01820 -2.99066
   0.00439  0.01558 -3.26086
   0.00299  0.01320 -3.53904
   0.00187  0.01099 -3.79751
   0.00100  0.00892 -4.02925
   0.00036  0.00695 -4.19575
  -0.00005  0.00507 -4.24998
  -0.00025  0.00325 -4.17373
  -0.00021  0.00148 -3.88778
   0.00006 -0.00027 -3.36260
   0.00058 -0.00199 -2.62380
   0.00134 -0.00371 -1.89732
   0.00236 -0.00543 -1.24470
   0.00362 -0.00716 -0.69662
   0.00515 -0.00889 -0.24905
   0.00697 -0.01062  0.10922
   0.00911 -0.01235  0.39110
   0.01161 -0.01404  0.60698
   0.01449 -0.01563  0.77038
   0.01781 -0.01708  0.88554
   0.02161 -0.01839  0.95412
   0.02600 -0.01971  0.98716
   0.03108 -0.02124  0.99897
   0.03695 -0.02308  0.99809
   0.04372 -0.02521  0.98579
   0.05143 -0.02753  0.96192
   0.06015 -0.02985  0.92860
   0.06999 -0.03208  0.88917
   0.08113 -0.03417  0.84839
   0.09386 -0.03612  0.81262
   0.10829 -0.03819  0.77461
   0.12375 -0.04045  0.72590
   0.13929 -0.04264  0.67388
   0.15450 -0.04455  0.62380
   0.16953 -0.04608  0.58154
   0.18469 -0.04728  0.54416
   0.20011 -0.04816  0.51026
   0.21580 -0.04874  0.47944
   0.23164 -0.04900  0.45175
   0.24753 -0.04895  0.42788
   0.26341 -0.04858  0.40778
   0.27924 -0.04790  0.39185
   0.29505 -0.04691  0.38029
   0.31091 -0.04562  0.37352
   0.32690 -0.04403  0.37257
   0.34312 -0.04216  0.37507
   0.35965 -0.04003  0.38016
   0.37651 -0.03768  0.38779
   0.39370 -0.03515  0.39620
   0.41116 -0.03249  0.40471
   0.42877 -0.02975  0.41221
   0.44642 -0.02697  0.42008
   0.46405 -0.02419  0.42738
   0.48163 -0.02144  0.43475
   0.49917 -0.01873  0.44096
   0.51671 -0.01608  0.44627
   0.53430 -0.01349  0.45054
   0.55197 -0.01095  0.45468
   0.56969 -0.00845  0.45921
   0.58742 -0.00601  0.46403
   0.60507 -0.00364  0.47038
   0.62253 -0.00135  0.47859
   0.63972  0.00080  0.48708
   0.65664  0.00278  0.49492
   0.67330  0.00457  0.50193
   0.68978  0.00614  0.50703
   0.70617  0.00748  0.50981
   0.72257  0.00858  0.50941
   0.73907  0.00946  0.50752
   0.75571  0.01013  0.50395
   0.77250  0.01060  0.50012
   0.78940  0.01087  0.49538
   0.80629  0.01097  0.49036
   0.82306  0.01089  0.48659
   0.83963  0.01063  0.48187
   0.85599  0.01018  0.47628
   0.87221  0.00953  0.46914
   0.88840  0.00868  0.46058
   0.90471  0.00760  0.44754
   0.92134  0.00628  0.42918
   0.93809  0.00480  0.40939
   0.95423  0.00332  0.39214
   0.96893  0.00194  0.38024
   0.98188  0.00072  0.37381
   0.99321 -0.00035  0.37820
   1.00000 -0.00100  0.43770
