                                                
 Alfa =  10.00000 Re =  4000000.000 Xflap,Yflap =     0.000000    0.000000
#    x        y        Cp  
   1.00000  0.00000  0.34670
   0.99427  0.00098  0.28058
   0.98377  0.00307  0.19844
   0.97113  0.00579  0.11168
   0.95726  0.00882  0.03855
   0.94315  0.01180 -0.01693
   0.92894  0.01469 -0.05734
   0.91453  0.01750 -0.08972
   0.89996  0.02025 -0.11659
   0.88529  0.02295 -0.14200
   0.87054  0.02563 -0.16585
   0.85572  0.02829 -0.19060
   0.84089  0.03094 -0.21582
   0.82607  0.03356 -0.24302
   0.81126  0.03615 -0.26745
   0.79643  0.03872 -0.29415
   0.78160  0.04127 -0.31879
   0.76676  0.04379 -0.34474
   0.75192  0.04629 -0.37327
   0.73710  0.04876 -0.40012
   0.72227  0.05120 -0.42816
   0.70744  0.05362 -0.45705
   0.69262  0.05600 -0.48658
   0.67779  0.05835 -0.51804
   0.66298  0.06066 -0.54994
   0.64819  0.06293 -0.58359
   0.63342  0.06515 -0.61803
   0.61866  0.06732 -0.65443
   0.60390  0.06943 -0.69090
   0.58916  0.07149 -0.73002
   0.57445  0.07347 -0.77203
   0.55979  0.07538 -0.81493
   0.54518  0.07718 -0.85896
   0.53061  0.07889 -0.90197
   0.51607  0.08048 -0.94600
   0.50155  0.08196 -0.98789
   0.48704  0.08331 -1.03291
   0.47256  0.08453 -1.07502
   0.45809  0.08562 -1.11804
   0.44364  0.08657 -1.15996
   0.42922  0.08737 -1.20301
   0.41481  0.08801 -1.24324
   0.40042  0.08850 -1.28470
   0.38605  0.08883 -1.32381
   0.37169  0.08899 -1.36241
   0.35735  0.08899 -1.40079
   0.34304  0.08881 -1.43746
   0.32875  0.08845 -1.47397
   0.31449  0.08792 -1.50858
   0.30024  0.08721 -1.54056
   0.28599  0.08630 -1.57126
   0.27173  0.08522 -1.60106
   0.25747  0.08397 -1.63451
   0.24323  0.08254 -1.66922
   0.22903  0.08093 -1.70740
   0.21489  0.07914 -1.74887
   0.20081  0.07718 -1.79435
   0.18681  0.07502 -1.84220
   0.17289  0.07267 -1.89452
   0.15906  0.07011 -1.95023
   0.14534  0.06734 -2.01441
   0.13176  0.06436 -2.08770
   0.11837  0.06114 -2.16847
   0.10522  0.05769 -2.26086
   0.09235  0.05399 -2.36419
   0.07976  0.05002 -2.48510
   0.06755  0.04577 -2.62738
   0.05607  0.04133 -2.79760
   0.04556  0.03681 -2.99451
   0.03587  0.03211 -3.22070
   0.02736  0.02744 -3.47963
   0.02082  0.02340 -3.81044
   0.01591  0.01995 -4.14413
   0.01198  0.01680 -4.42284
   0.00868  0.01376 -4.61600
   0.00599  0.01096 -4.84518
   0.00392  0.00859 -5.32748
   0.00238  0.00660 -6.45132
   0.00128  0.00486 -7.59736
   0.00055  0.00325 -8.48167
   0.00016  0.00169 -8.64025
   0.00010  0.00011 -7.46373
   0.00035 -0.00152 -5.88851
   0.00092 -0.00319 -4.40072
   0.00185 -0.00484 -3.05872
   0.00319 -0.00643 -1.68754
   0.00503 -0.00793 -0.54911
   0.00749 -0.00940  0.21425
   0.01069 -0.01095  0.62625
   0.01471 -0.01274  0.83001
   0.01971 -0.01473  0.94433
   0.02577 -0.01676  0.99393
   0.03327 -0.01878  0.99617
   0.04281 -0.02087  0.96625
   0.05432 -0.02297  0.91725
   0.06676 -0.02483  0.86351
   0.07969 -0.02642  0.81238
   0.09321 -0.02777  0.76507
   0.10716 -0.02890  0.72201
   0.12132 -0.02983  0.68376
   0.13559 -0.03059  0.64962
   0.15000 -0.03118  0.61931
   0.16452 -0.03164  0.59198
   0.17912 -0.03198  0.56714
   0.19377 -0.03221  0.54445
   0.20846 -0.03234  0.52430
   0.22319 -0.03237  0.50581
   0.23798 -0.03231  0.48880
   0.25279 -0.03218  0.47303
   0.26763 -0.03198  0.45839
   0.28248 -0.03171  0.44458
   0.29732 -0.03137  0.43162
   0.31215 -0.03096  0.41964
   0.32696 -0.03049  0.40866
   0.34176 -0.02994  0.39948
   0.35657 -0.02931  0.39104
   0.37141 -0.02862  0.38492
   0.38627 -0.02786  0.37885
   0.40118 -0.02705  0.37469
   0.41613 -0.02619  0.37063
   0.43112 -0.02530  0.36760
   0.44616 -0.02437  0.36440
   0.46123 -0.02343  0.36139
   0.47632 -0.02247  0.35869
   0.49142 -0.02150  0.35613
   0.50654 -0.02053  0.35321
   0.52165 -0.01956  0.35152
   0.53675 -0.01859  0.34816
   0.55185 -0.01763  0.34604
   0.56694 -0.01667  0.34370
   0.58203 -0.01572  0.34145
   0.59712 -0.01479  0.33930
   0.61220 -0.01386  0.33655
   0.62727 -0.01294  0.33538
   0.64232 -0.01204  0.33303
   0.65737 -0.01117  0.33189
   0.67240 -0.01031  0.32923
   0.68744 -0.00947  0.32737
   0.70248 -0.00866  0.32538
   0.71751 -0.00786  0.32334
   0.73254 -0.00709  0.32177
   0.74756 -0.00635  0.31975
   0.76257 -0.00564  0.31812
   0.77757 -0.00495  0.31602
   0.79257 -0.00430  0.31434
   0.80757 -0.00368  0.31224
   0.82256 -0.00309  0.31082
   0.83754 -0.00254  0.30869
   0.85251 -0.00202  0.30687
   0.86747 -0.00155  0.30530
   0.88242 -0.00112  0.30258
   0.89736 -0.00073  0.30139
   0.91231 -0.00039  0.29897
   0.92726 -0.00008  0.29803
   0.94214  0.00018  0.29952
   0.95676  0.00040  0.30483
   0.97074  0.00052  0.31587
   0.98347  0.00048  0.33029
   0.99418  0.00026  0.35163
   1.00000  0.00000  0.34670
