                                                
 Alfa =  10.00000 Re =  4000000.000 Xflap,Yflap =     0.000000    0.000000
#    x        y        Cp  
   1.00000  0.00000  0.30999
   0.99453  0.00103  0.19729
   0.98459  0.00291  0.13439
   0.97216  0.00529  0.08427
   0.95829  0.00798  0.03480
   0.94437  0.01071 -0.00892
   0.93062  0.01339 -0.05505
   0.91684  0.01600 -0.08133
   0.90302  0.01858 -0.09595
   0.88913  0.02120 -0.12465
   0.87516  0.02390 -0.15884
   0.86114  0.02662 -0.19482
   0.84713  0.02933 -0.23242
   0.83316  0.03201 -0.26875
   0.81922  0.03464 -0.30576
   0.80532  0.03721 -0.33944
   0.79144  0.03969 -0.37309
   0.77754  0.04210 -0.39913
   0.76360  0.04445 -0.42814
   0.74963  0.04674 -0.45344
   0.73564  0.04897 -0.48360
   0.72165  0.05114 -0.51258
   0.70768  0.05325 -0.54068
   0.69371  0.05527 -0.57057
   0.67973  0.05723 -0.59556
   0.66572  0.05912 -0.62313
   0.65170  0.06093 -0.65047
   0.63768  0.06269 -0.67968
   0.62366  0.06436 -0.71006
   0.60966  0.06596 -0.74072
   0.59567  0.06747 -0.77026
   0.58168  0.06888 -0.79817
   0.56769  0.07020 -0.82498
   0.55369  0.07142 -0.85283
   0.53968  0.07255 -0.87913
   0.52566  0.07358 -0.90362
   0.51165  0.07452 -0.92906
   0.49762  0.07536 -0.95444
   0.48359  0.07609 -0.97750
   0.46954  0.07674 -1.00035
   0.45549  0.07729 -1.02497
   0.44142  0.07775 -1.04778
   0.42735  0.07812 -1.07330
   0.41327  0.07840 -1.09823
   0.39920  0.07860 -1.12587
   0.38511  0.07871 -1.15204
   0.37103  0.07873 -1.18375
   0.35696  0.07866 -1.21769
   0.34293  0.07849 -1.25471
   0.32894  0.07822 -1.28909
   0.31496  0.07782 -1.32174
   0.30096  0.07731 -1.35096
   0.28694  0.07669 -1.38666
   0.27293  0.07597 -1.42476
   0.25893  0.07514 -1.46756
   0.24494  0.07420 -1.51744
   0.23102  0.07315 -1.57695
   0.21718  0.07196 -1.63698
   0.20339  0.07062 -1.69774
   0.18964  0.06911 -1.76073
   0.17594  0.06742 -1.82950
   0.16229  0.06555 -1.90223
   0.14869  0.06349 -1.98582
   0.13521  0.06124 -2.08952
   0.12190  0.05876 -2.20281
   0.10875  0.05601 -2.32444
   0.09579  0.05297 -2.45921
   0.08309  0.04962 -2.61442
   0.07067  0.04591 -2.78389
   0.05855  0.04179 -2.97102
   0.04689  0.03725 -3.19783
   0.03594  0.03235 -3.48792
   0.02590  0.02709 -3.86121
   0.01759  0.02194 -4.39488
   0.01139  0.01729 -4.98101
   0.00723  0.01345 -5.85325
   0.00463  0.01029 -6.07311
   0.00284  0.00752 -5.28519
   0.00142  0.00522 -6.53778
   0.00047  0.00339 -8.71663
  -0.00002  0.00183-10.93865
  -0.00007  0.00040-11.71443
   0.00038 -0.00099 -8.01754
   0.00140 -0.00241 -4.26790
   0.00304 -0.00382 -1.80617
   0.00539 -0.00518 -0.25606
   0.00861 -0.00677  0.36261
   0.01324 -0.00858  0.76114
   0.01987 -0.01051  0.95162
   0.02934 -0.01232  0.99998
   0.04106 -0.01399  0.97393
   0.05392 -0.01529  0.92740
   0.06771 -0.01641  0.87754
   0.08152 -0.01732  0.83236
   0.09539 -0.01808  0.79187
   0.10945 -0.01875  0.75533
   0.12357 -0.01933  0.72172
   0.13767 -0.01985  0.69086
   0.15175 -0.02028  0.66272
   0.16586 -0.02063  0.63804
   0.18000 -0.02091  0.61545
   0.19419 -0.02114  0.59465
   0.20839 -0.02132  0.57527
   0.22260 -0.02146  0.55645
   0.23680 -0.02156  0.53971
   0.25100 -0.02161  0.52349
   0.26523 -0.02163  0.50925
   0.27950 -0.02161  0.49539
   0.29378 -0.02159  0.48140
   0.30806 -0.02154  0.46697
   0.32233 -0.02148  0.45174
   0.33654 -0.02140  0.43607
   0.35065 -0.02125  0.42083
   0.36471 -0.02102  0.40850
   0.37878 -0.02069  0.40019
   0.39290 -0.02029  0.39207
   0.40707 -0.01982  0.38526
   0.42124 -0.01929  0.37835
   0.43541 -0.01871  0.37189
   0.44956 -0.01808  0.36645
   0.46371 -0.01739  0.36135
   0.47788 -0.01665  0.35833
   0.49206 -0.01586  0.35560
   0.50626 -0.01503  0.35188
   0.52047 -0.01417  0.35019
   0.53468 -0.01327  0.34747
   0.54888 -0.01235  0.34562
   0.56308 -0.01138  0.34607
   0.57730 -0.01039  0.34553
   0.59153 -0.00938  0.34629
   0.60578 -0.00835  0.34751
   0.62003 -0.00731  0.34912
   0.63427 -0.00627  0.35079
   0.64851 -0.00525  0.35361
   0.66273 -0.00424  0.35424
   0.67695 -0.00326  0.35553
   0.69116 -0.00230  0.35818
   0.70537 -0.00137  0.35925
   0.71957 -0.00048  0.36141
   0.73376  0.00037  0.36384
   0.74792  0.00117  0.36615
   0.76204  0.00190  0.36794
   0.77610  0.00256  0.36993
   0.79012  0.00314  0.36978
   0.80415  0.00362  0.37213
   0.81822  0.00401  0.36830
   0.83228  0.00430  0.36843
   0.84621  0.00448  0.36868
   0.86015  0.00452  0.36062
   0.87427  0.00445  0.35230
   0.88836  0.00431  0.34817
   0.90218  0.00405  0.34548
   0.91601  0.00362  0.32156
   0.92998  0.00318  0.30922
   0.94381  0.00278  0.31321
   0.95765  0.00227  0.30739
   0.97168  0.00161  0.29677
   0.98431  0.00093  0.28534
   0.99444  0.00034  0.28510
   1.00000  0.00000  0.30999
