                                                
 Alfa =  10.00000 Re =  4000000.000 Xflap,Yflap =     0.000000    0.000000
#    x        y        Cp  
   1.00000  0.00150  0.46573
   0.99434  0.00279  0.27843
   0.98494  0.00492  0.19482
   0.97421  0.00729  0.13153
   0.96190  0.00996  0.07602
   0.94791  0.01292  0.02777
   0.93268  0.01606 -0.01477
   0.91733  0.01915 -0.04972
   0.90187  0.02221 -0.08287
   0.88654  0.02520 -0.11635
   0.87141  0.02813 -0.14876
   0.85636  0.03101 -0.18030
   0.84131  0.03383 -0.21165
   0.82622  0.03660 -0.24071
   0.81104  0.03932 -0.26812
   0.79577  0.04199 -0.29379
   0.78042  0.04459 -0.31338
   0.76499  0.04715 -0.33159
   0.74953  0.04967 -0.34926
   0.73405  0.05218 -0.36640
   0.71856  0.05470 -0.38637
   0.70309  0.05723 -0.40904
   0.68765  0.05980 -0.44122
   0.67225  0.06240 -0.47746
   0.65689  0.06499 -0.51876
   0.64157  0.06755 -0.56246
   0.62630  0.07007 -0.60618
   0.61105  0.07252 -0.65172
   0.59581  0.07487 -0.69438
   0.58057  0.07712 -0.73209
   0.56531  0.07927 -0.76931
   0.55004  0.08133 -0.80465
   0.53473  0.08330 -0.84169
   0.51938  0.08518 -0.87845
   0.50400  0.08699 -0.91806
   0.48857  0.08871 -0.96145
   0.47309  0.09036 -1.00885
   0.45759  0.09191 -1.05875
   0.44207  0.09336 -1.11188
   0.42658  0.09468 -1.16787
   0.41117  0.09588 -1.22634
   0.39590  0.09693 -1.29105
   0.38081  0.09782 -1.36138
   0.36596  0.09854 -1.43492
   0.35133  0.09904 -1.50765
   0.33688  0.09932 -1.57787
   0.32257  0.09934 -1.64434
   0.30829  0.09910 -1.70378
   0.29395  0.09855 -1.74539
   0.27939  0.09769 -1.76653
   0.26452  0.09651 -1.77792
   0.24928  0.09502 -1.78731
   0.23374  0.09326 -1.79743
   0.21807  0.09127 -1.81544
   0.20258  0.08914 -1.85165
   0.18762  0.08696 -1.93438
   0.17338  0.08469 -2.03900
   0.15968  0.08224 -2.14359
   0.14607  0.07946 -2.22484
   0.13194  0.07615 -2.26366
   0.11698  0.07225 -2.30477
   0.10211  0.06804 -2.39765
   0.08903  0.06407 -2.65889
   0.07781  0.06019 -2.91982
   0.06702  0.05566 -2.86849
   0.05520  0.04999 -2.66053
   0.04427  0.04463 -2.93537
   0.03633  0.04051 -3.50025
   0.03030  0.03684 -3.93663
   0.02532  0.03311 -4.10428
   0.02088  0.02887 -3.48370
   0.01653  0.02410 -2.74254
   0.01252  0.01972 -2.51552
   0.00921  0.01632 -2.88360
   0.00665  0.01364 -3.36422
   0.00465  0.01140 -3.88579
   0.00309  0.00944 -4.43379
   0.00188  0.00767 -5.03173
   0.00097  0.00602 -5.57282
   0.00033  0.00447 -6.04209
  -0.00005  0.00299 -6.23640
  -0.00017  0.00155 -5.99248
  -0.00003  0.00014 -5.13560
   0.00040 -0.00126 -3.76377
   0.00111 -0.00267 -2.43584
   0.00210 -0.00408 -1.37807
   0.00339 -0.00550 -0.57764
   0.00501 -0.00693  0.00507
   0.00700 -0.00835  0.42017
   0.00945 -0.00974  0.70446
   0.01246 -0.01099  0.88888
   0.01617 -0.01190  0.98332
   0.02092 -0.01232  0.99836
   0.02735 -0.01235  0.97499
   0.03612 -0.01241  0.93002
   0.04650 -0.01233  0.86938
   0.05730 -0.01173  0.81710
   0.06930 -0.01048  0.78325
   0.08333 -0.00865  0.75936
   0.09821 -0.00664  0.74121
   0.11293 -0.00479  0.72312
   0.12774 -0.00311  0.70495
   0.14284 -0.00152  0.68763
   0.15825  0.00001  0.67267
   0.17381  0.00146  0.65978
   0.18933  0.00282  0.64874
   0.20474  0.00408  0.63871
   0.22006  0.00523  0.63010
   0.23531  0.00627  0.62196
   0.25052  0.00719  0.61423
   0.26570  0.00798  0.60661
   0.28089  0.00865  0.59924
   0.29609  0.00919  0.59149
   0.31132  0.00958  0.58253
   0.32658  0.00983  0.57340
   0.34188  0.00995  0.56308
   0.35722  0.00995  0.55274
   0.37262  0.00984  0.54169
   0.38806  0.00963  0.53058
   0.40356  0.00932  0.51887
   0.41909  0.00893  0.50749
   0.43468  0.00847  0.49566
   0.45030  0.00794  0.48341
   0.46595  0.00735  0.47099
   0.48163  0.00671  0.45878
   0.49733  0.00602  0.44556
   0.51303  0.00530  0.43272
   0.52875  0.00455  0.41981
   0.54446  0.00378  0.40637
   0.56017  0.00301  0.39336
   0.57588  0.00224  0.38048
   0.59159  0.00149  0.36808
   0.60732  0.00076  0.35697
   0.62306  0.00006  0.34729
   0.63884 -0.00063  0.33767
   0.65463 -0.00131  0.32827
   0.67043 -0.00199  0.31885
   0.68622 -0.00268  0.30856
   0.70197 -0.00339  0.29678
   0.71766 -0.00411  0.28141
   0.73326 -0.00483  0.26516
   0.74876 -0.00551  0.24861
   0.76416 -0.00613  0.23175
   0.77948 -0.00666  0.21668
   0.79474 -0.00708  0.20346
   0.80999 -0.00737  0.19435
   0.82527 -0.00753  0.18951
   0.84061 -0.00758  0.18675
   0.85603 -0.00754  0.18518
   0.87156 -0.00743  0.18293
   0.88719 -0.00726  0.18093
   0.90290 -0.00706  0.17442
   0.91864 -0.00681  0.15966
   0.93412 -0.00644  0.14860
   0.94882 -0.00586  0.14625
   0.96224 -0.00508  0.15972
   0.97420 -0.00417  0.18796
   0.98481 -0.00319  0.22979
   0.99425 -0.00218  0.29572
   1.00000 -0.00150  0.46573
