                                                
 Alfa =  10.00000 Re =  4000000.000 Xflap,Yflap =     0.000000    0.000000
#    x        y        Cp  
   1.00000  0.00300  0.45355
   0.99282  0.00468  0.30815
   0.98115  0.00745  0.24130
   0.96833  0.01060  0.18415
   0.95429  0.01413  0.13145
   0.93920  0.01805  0.07108
   0.92335  0.02223  0.00315
   0.90709  0.02645 -0.06474
   0.89053  0.03056 -0.11922
   0.87364  0.03452 -0.15501
   0.85631  0.03837 -0.18233
   0.83848  0.04219 -0.20409
   0.82014  0.04604 -0.22363
   0.80133  0.04997 -0.24512
   0.78217  0.05402 -0.27819
   0.76286  0.05816 -0.32007
   0.74353  0.06231 -0.36626
   0.72426  0.06643 -0.41482
   0.70510  0.07046 -0.46431
   0.68602  0.07438 -0.51056
   0.66695  0.07817 -0.55289
   0.64786  0.08187 -0.59437
   0.62868  0.08547 -0.63621
   0.60940  0.08901 -0.67881
   0.58997  0.09247 -0.72316
   0.57039  0.09588 -0.77010
   0.55067  0.09923 -0.82156
   0.53087  0.10252 -0.87688
   0.51110  0.10573 -0.93927
   0.49153  0.10886 -1.01307
   0.47232  0.11185 -1.10390
   0.45360  0.11463 -1.20504
   0.43544  0.11715 -1.30923
   0.41785  0.11936 -1.41528
   0.40080  0.12122 -1.51692
   0.38425  0.12272 -1.61019
   0.36812  0.12387 -1.69254
   0.35234  0.12469 -1.76999
   0.33683  0.12517 -1.83998
   0.32146  0.12535 -1.90740
   0.30610  0.12519 -1.96832
   0.29058  0.12470 -2.02293
   0.27468  0.12384 -2.06608
   0.25823  0.12259 -2.10349
   0.24123  0.12093 -2.14488
   0.22396  0.11890 -2.19250
   0.20706  0.11660 -2.25932
   0.19125  0.11419 -2.36589
   0.17699  0.11178 -2.54874
   0.16420  0.10927 -2.72966
   0.15247  0.10653 -2.87549
   0.14138  0.10341 -2.93700
   0.13048  0.09977 -2.85297
   0.11947  0.09561 -2.72446
   0.10832  0.09106 -2.60446
   0.09739  0.08641 -2.54442
   0.08725  0.08205 -2.68288
   0.07829  0.07802 -2.90799
   0.07042  0.07413 -3.07630
   0.06340  0.07022 -3.09348
   0.05705  0.06629 -3.04149
   0.05122  0.06236 -2.95810
   0.04586  0.05845 -2.84582
   0.04092  0.05460 -2.70333
   0.03635  0.05087 -2.57177
   0.03211  0.04732 -2.47391
   0.02818  0.04398 -2.42462
   0.02454  0.04089 -2.43609
   0.02116  0.03804 -2.58189
   0.01804  0.03539 -2.87350
   0.01521  0.03286 -3.17778
   0.01266  0.03037 -3.43307
   0.01038  0.02789 -3.59557
   0.00837  0.02539 -3.62476
   0.00661  0.02290 -3.60219
   0.00508  0.02044 -3.54828
   0.00377  0.01801 -3.45691
   0.00266  0.01562 -3.36029
   0.00174  0.01327 -3.22742
   0.00101  0.01095 -3.06846
   0.00046  0.00867 -2.89122
   0.00008  0.00642 -2.67603
  -0.00012  0.00421 -2.42068
  -0.00014  0.00201 -2.13816
   0.00003 -0.00016 -1.80060
   0.00039 -0.00233 -1.41827
   0.00094 -0.00448 -1.03722
   0.00167 -0.00663 -0.68211
   0.00259 -0.00878 -0.35684
   0.00370 -0.01092 -0.07037
   0.00501 -0.01306  0.17722
   0.00653 -0.01520  0.38861
   0.00826 -0.01732  0.56291
   0.01021 -0.01942  0.70495
   0.01241 -0.02147  0.81560
   0.01485 -0.02344  0.89815
   0.01754 -0.02530  0.95427
   0.02049 -0.02706  0.98636
   0.02371 -0.02873  0.99912
   0.02721 -0.03031  0.99769
   0.03101 -0.03184  0.98618
   0.03514 -0.03332  0.96721
   0.03964 -0.03475  0.94300
   0.04457 -0.03612  0.91519
   0.05000 -0.03743  0.88579
   0.05601 -0.03869  0.85572
   0.06269 -0.03990  0.82671
   0.07021 -0.04111  0.79886
   0.07869 -0.04239  0.77006
   0.08819 -0.04380  0.73267
   0.09867 -0.04527  0.69003
   0.11015 -0.04667  0.65019
   0.12277 -0.04792  0.61693
   0.13676 -0.04905  0.58713
   0.15211 -0.05011  0.55804
   0.16841 -0.05117  0.52074
   0.18494 -0.05211  0.48029
   0.20127 -0.05280  0.44300
   0.21743 -0.05315  0.41638
   0.23369 -0.05318  0.39769
   0.25029 -0.05292  0.38414
   0.26741 -0.05239  0.37455
   0.28521 -0.05162  0.36863
   0.30374 -0.05062  0.36474
   0.32291 -0.04945  0.36128
   0.34254 -0.04815  0.35883
   0.36245 -0.04675  0.35731
   0.38251 -0.04530  0.35585
   0.40263 -0.04386  0.35384
   0.42281 -0.04244  0.34904
   0.44308 -0.04104  0.34318
   0.46344 -0.03966  0.33683
   0.48391 -0.03828  0.33049
   0.50447 -0.03690  0.32435
   0.52509 -0.03550  0.31944
   0.54576 -0.03409  0.31454
   0.56646 -0.03267  0.31052
   0.58716 -0.03124  0.30624
   0.60788 -0.02982  0.30257
   0.62860 -0.02840  0.29860
   0.64934 -0.02698  0.29456
   0.67009 -0.02556  0.29122
   0.69083 -0.02415  0.28782
   0.71157 -0.02273  0.28469
   0.73230 -0.02131  0.28186
   0.75301 -0.01989  0.27966
   0.77368 -0.01848  0.27755
   0.79433 -0.01707  0.27569
   0.81496 -0.01565  0.27446
   0.83554 -0.01424  0.27398
   0.85602 -0.01284  0.27357
   0.87629 -0.01146  0.27470
   0.89620 -0.01010  0.27654
   0.91556 -0.00877  0.27978
   0.93406 -0.00751  0.28590
   0.95123 -0.00634  0.29432
   0.96669 -0.00528  0.30676
   0.98042 -0.00434  0.32653
   0.99260 -0.00351  0.36053
   1.00000 -0.00300  0.45355
