                                                
 Alfa =  10.00000 Re =  4000000.000 Xflap,Yflap =     0.000000    0.000000
#    x        y        Cp  
   1.00000  0.00200  0.26121
   0.99460  0.00270  0.19325
   0.98567  0.00391  0.16573
   0.97554  0.00539  0.14114
   0.96394  0.00720  0.11809
   0.95075  0.00944  0.08920
   0.93620  0.01210  0.04955
   0.92128  0.01499  0.00282
   0.90639  0.01796 -0.04366
   0.89143  0.02097 -0.08852
   0.87666  0.02391 -0.12401
   0.86198  0.02681 -0.16118
   0.84732  0.02968 -0.19252
   0.83262  0.03253 -0.22754
   0.81784  0.03535 -0.25901
   0.80297  0.03814 -0.29050
   0.78800  0.04091 -0.32222
   0.77297  0.04363 -0.35150
   0.75790  0.04632 -0.38200
   0.74281  0.04897 -0.41137
   0.72771  0.05157 -0.44354
   0.71263  0.05413 -0.47380
   0.69757  0.05666 -0.50779
   0.68256  0.05913 -0.54634
   0.66758  0.06155 -0.58438
   0.65265  0.06389 -0.62507
   0.63776  0.06615 -0.66681
   0.62292  0.06831 -0.70667
   0.60810  0.07035 -0.74687
   0.59330  0.07228 -0.78362
   0.57852  0.07407 -0.81872
   0.56374  0.07573 -0.84818
   0.54895  0.07728 -0.88144
   0.53414  0.07870 -0.90951
   0.51931  0.08000 -0.93887
   0.50444  0.08118 -0.96612
   0.48953  0.08225 -0.99264
   0.47456  0.08321 -1.01752
   0.45953  0.08406 -1.04220
   0.44445  0.08481 -1.06977
   0.42933  0.08547 -1.09655
   0.41419  0.08604 -1.12714
   0.39907  0.08653 -1.16276
   0.38399  0.08695 -1.20642
   0.36899  0.08727 -1.25637
   0.35408  0.08748 -1.30812
   0.33927  0.08755 -1.36191
   0.32454  0.08749 -1.41690
   0.30986  0.08726 -1.47173
   0.29520  0.08685 -1.52288
   0.28051  0.08625 -1.56874
   0.26575  0.08546 -1.61452
   0.25093  0.08447 -1.66111
   0.23604  0.08330 -1.71248
   0.22115  0.08194 -1.77128
   0.20632  0.08042 -1.84082
   0.19167  0.07874 -1.94472
   0.17730  0.07688 -2.07651
   0.16332  0.07475 -2.21158
   0.14979  0.07229 -2.33045
   0.13673  0.06946 -2.40931
   0.12409  0.06625 -2.46231
   0.11168  0.06263 -2.49039
   0.09922  0.05848 -2.47821
   0.08623  0.05364 -2.38092
   0.07262  0.04824 -2.36414
   0.05957  0.04285 -2.58199
   0.04780  0.03746 -2.74297
   0.03709  0.03191 -2.75483
   0.02715  0.02638 -2.88380
   0.01797  0.02098 -3.59303
   0.01171  0.01668 -4.16205
   0.00787  0.01362 -4.76896
   0.00525  0.01122 -5.43528
   0.00335  0.00919 -6.16572
   0.00195  0.00739 -6.99509
   0.00093  0.00576 -7.85022
   0.00024  0.00424 -8.67292
  -0.00015  0.00282 -9.13652
  -0.00025  0.00146 -8.93144
  -0.00005  0.00015 -7.56240
   0.00048 -0.00112 -5.25868
   0.00134 -0.00237 -3.16722
   0.00252 -0.00360 -1.64917
   0.00406 -0.00480 -0.60505
   0.00601 -0.00597  0.08942
   0.00845 -0.00707  0.54009
   0.01150 -0.00801  0.81793
   0.01529 -0.00851  0.96575
   0.02004 -0.00827  0.99994
   0.02614 -0.00740  0.98637
   0.03401 -0.00670  0.95847
   0.04345 -0.00622  0.91159
   0.05359 -0.00541  0.86107
   0.06419 -0.00392  0.83878
   0.07553 -0.00226  0.82669
   0.08782 -0.00101  0.79129
   0.10091  0.00012  0.74687
   0.11456  0.00163  0.72262
   0.12859  0.00349  0.71154
   0.14285  0.00548  0.70680
   0.15724  0.00737  0.70128
   0.17172  0.00906  0.69204
   0.18626  0.01055  0.68204
   0.20085  0.01183  0.67136
   0.21551  0.01294  0.65956
   0.23027  0.01387  0.64698
   0.24514  0.01467  0.63428
   0.26013  0.01536  0.62099
   0.27525  0.01595  0.60782
   0.29045  0.01648  0.59501
   0.30573  0.01697  0.58365
   0.32102  0.01744  0.57400
   0.33630  0.01787  0.56542
   0.35155  0.01825  0.55765
   0.36674  0.01859  0.55008
   0.38190  0.01887  0.54253
   0.39702  0.01909  0.53538
   0.41214  0.01923  0.52693
   0.42728  0.01932  0.51849
   0.44248  0.01935  0.50925
   0.45773  0.01933  0.50062
   0.47303  0.01928  0.49217
   0.48837  0.01921  0.48440
   0.50372  0.01913  0.47722
   0.51906  0.01903  0.47311
   0.53433  0.01891  0.46939
   0.54953  0.01874  0.46575
   0.56464  0.01850  0.46152
   0.57966  0.01818  0.45719
   0.59461  0.01776  0.45129
   0.60951  0.01722  0.44178
   0.62439  0.01657  0.42962
   0.63927  0.01584  0.41627
   0.65417  0.01506  0.40201
   0.66910  0.01427  0.38863
   0.68409  0.01349  0.37520
   0.69913  0.01275  0.36471
   0.71423  0.01207  0.35882
   0.72937  0.01144  0.35716
   0.74453  0.01080  0.35615
   0.75966  0.01013  0.35522
   0.77473  0.00938  0.35088
   0.78967  0.00852  0.34709
   0.80440  0.00752  0.33399
   0.81888  0.00639  0.31441
   0.83309  0.00519  0.29009
   0.84706  0.00398  0.26423
   0.86088  0.00282  0.23892
   0.87467  0.00175  0.21296
   0.88858  0.00080  0.19302
   0.90283  0.00004  0.17841
   0.91770 -0.00052  0.18016
   0.93287 -0.00090  0.18737
   0.94803 -0.00118  0.19778
   0.96230 -0.00141  0.20117
   0.97473 -0.00161  0.20313
   0.98536 -0.00178  0.21028
   0.99454 -0.00192  0.21877
   1.00000 -0.00200  0.26121
