                                                
 Alfa =  10.00000 Re =  4000000.000 Xflap,Yflap =     0.000000    0.000000
#    x        y        Cp  
   1.00000  0.00047  0.19080
   0.99408  0.00105  0.09232
   0.98177  0.00227  0.03727
   0.96845  0.00354 -0.00269
   0.95477  0.00484 -0.02825
   0.94109  0.00610 -0.05139
   0.92738  0.00734 -0.07237
   0.91367  0.00855 -0.09091
   0.89995  0.00976 -0.10642
   0.88621  0.01094 -0.12167
   0.87247  0.01212 -0.13849
   0.85873  0.01329 -0.15165
   0.84498  0.01445 -0.16817
   0.83123  0.01560 -0.18248
   0.81748  0.01675 -0.19757
   0.80373  0.01789 -0.21155
   0.78997  0.01902 -0.22640
   0.77622  0.02015 -0.24259
   0.76248  0.02127 -0.25738
   0.74873  0.02238 -0.27210
   0.73498  0.02348 -0.28749
   0.72124  0.02457 -0.30276
   0.70749  0.02565 -0.31790
   0.69375  0.02671 -0.33426
   0.68001  0.02776 -0.34967
   0.66626  0.02880 -0.36701
   0.65253  0.02982 -0.38222
   0.63878  0.03083 -0.39939
   0.62504  0.03182 -0.41686
   0.61130  0.03280 -0.43343
   0.59756  0.03376 -0.45145
   0.58383  0.03469 -0.46981
   0.57009  0.03561 -0.48816
   0.55636  0.03651 -0.50783
   0.54263  0.03738 -0.52653
   0.52889  0.03824 -0.54777
   0.51516  0.03906 -0.56771
   0.50143  0.03986 -0.58994
   0.48771  0.04064 -0.61124
   0.47398  0.04138 -0.63380
   0.46027  0.04209 -0.65814
   0.44654  0.04277 -0.68229
   0.43283  0.04341 -0.70799
   0.41912  0.04402 -0.73287
   0.40541  0.04458 -0.76098
   0.39171  0.04510 -0.78907
   0.37801  0.04558 -0.81937
   0.36432  0.04601 -0.84893
   0.35063  0.04639 -0.88194
   0.33694  0.04672 -0.91623
   0.32328  0.04699 -0.95185
   0.30961  0.04719 -0.98842
   0.29596  0.04734 -1.02898
   0.28231  0.04741 -1.06972
   0.26869  0.04740 -1.11524
   0.25507  0.04731 -1.16104
   0.24147  0.04713 -1.21207
   0.22789  0.04686 -1.26466
   0.21433  0.04649 -1.32221
   0.20080  0.04601 -1.38512
   0.18730  0.04540 -1.45163
   0.17383  0.04467 -1.52478
   0.16041  0.04379 -1.60534
   0.14703  0.04276 -1.69384
   0.13371  0.04155 -1.79542
   0.12047  0.04016 -1.90802
   0.10733  0.03855 -2.03765
   0.09430  0.03670 -2.18978
   0.08144  0.03458 -2.36763
   0.06878  0.03216 -2.58392
   0.05641  0.02937 -2.84714
   0.04445  0.02618 -3.19056
   0.03313  0.02255 -3.64610
   0.02288  0.01852 -4.26999
   0.01448  0.01436 -5.11130
   0.00856  0.01063 -6.15446
   0.00485  0.00763 -7.39632
   0.00255  0.00524 -8.78424
   0.00111  0.00326-10.58193
   0.00028  0.00153-13.31190
  -0.00000 -0.00000-14.94296
   0.00031 -0.00150-11.45498
   0.00134 -0.00298 -5.29819
   0.00310 -0.00438 -1.77724
   0.00577 -0.00585 -0.19654
   0.00987 -0.00751  0.57474
   0.01640 -0.00947  0.91563
   0.02590 -0.01151  0.99967
   0.03742 -0.01326  0.97271
   0.04991 -0.01461  0.91702
   0.06283 -0.01562  0.85954
   0.07598 -0.01634  0.80763
   0.08929 -0.01684  0.76213
   0.10272 -0.01716  0.72241
   0.11621 -0.01733  0.68781
   0.12977 -0.01739  0.65734
   0.14336 -0.01734  0.63049
   0.15698 -0.01721  0.60625
   0.17062 -0.01699  0.58506
   0.18428 -0.01671  0.56609
   0.19796 -0.01636  0.54890
   0.21165 -0.01597  0.53374
   0.22536 -0.01553  0.51916
   0.23908 -0.01504  0.50700
   0.25281 -0.01452  0.49501
   0.26654 -0.01397  0.48481
   0.28030 -0.01340  0.47501
   0.29406 -0.01281  0.46628
   0.30783 -0.01220  0.45779
   0.32160 -0.01157  0.45014
   0.33539 -0.01094  0.44303
   0.34917 -0.01030  0.43591
   0.36296 -0.00966  0.42966
   0.37676 -0.00902  0.42429
   0.39055 -0.00838  0.41822
   0.40435 -0.00774  0.41215
   0.41813 -0.00710  0.40796
   0.43191 -0.00648  0.40283
   0.44569 -0.00586  0.39774
   0.45946 -0.00525  0.39403
   0.47323 -0.00466  0.38923
   0.48700 -0.00408  0.38505
   0.50076 -0.00351  0.38079
   0.51452 -0.00297  0.37771
   0.52828 -0.00244  0.37251
   0.54203 -0.00194  0.36885
   0.55579 -0.00145  0.36574
   0.56954 -0.00099  0.36140
   0.58329 -0.00055  0.35712
   0.59704 -0.00014  0.35418
   0.61079  0.00024  0.34881
   0.62453  0.00060  0.34606
   0.63828  0.00094  0.34017
   0.65203  0.00124  0.33724
   0.66577  0.00152  0.33226
   0.67952  0.00177  0.32853
   0.69326  0.00199  0.32331
   0.70701  0.00218  0.31919
   0.72075  0.00234  0.31420
   0.73450  0.00247  0.30949
   0.74825  0.00258  0.30407
   0.76199  0.00265  0.29968
   0.77573  0.00269  0.29319
   0.78948  0.00271  0.28760
   0.80323  0.00269  0.28260
   0.81697  0.00265  0.27615
   0.83072  0.00258  0.26939
   0.84447  0.00247  0.26379
   0.85822  0.00234  0.25685
   0.87197  0.00219  0.24997
   0.88572  0.00200  0.24301
   0.89946  0.00179  0.23440
   0.91322  0.00155  0.22534
   0.92698  0.00129  0.21586
   0.94073  0.00101  0.20862
   0.95447  0.00069  0.19641
   0.96822  0.00036  0.18426
   0.98163  0.00001  0.17502
   0.99405 -0.00032  0.16523
   1.00000 -0.00047  0.19080
