                                                
 Alfa =  10.00000 Re =  4000000.000 Xflap,Yflap =     0.000000    0.000000
#    x        y        Cp  
   1.00000  0.00000*********
   0.99437  0.00224-12.69749
   0.98446  0.00623  0.15328
   0.97300  0.01043 -0.57735
   0.96039  0.01451 -0.41371
   0.94696  0.01834 -0.44133
   0.93281  0.02203 -0.41934
   0.91828  0.02557 -0.44213
   0.90346  0.02896 -0.44952
   0.88828  0.03232 -0.41765
   0.87319  0.03558 -0.54379
   0.85804  0.03872 -0.44386
   0.84272  0.04181 -0.58526
   0.82742  0.04482 -0.46948
   0.81208  0.04776 -0.60000
   0.79659  0.05067 -0.47439
   0.78109  0.05355 -0.69158
   0.76563  0.05638 -0.60367
   0.75015  0.05917 -0.61783
   0.73469  0.06191 -0.70487
   0.71923  0.06460 -0.63142
   0.70377  0.06723 -0.93659
   0.68829  0.06980 -0.51817
   0.67280  0.07233 -0.93665
   0.65733  0.07479 -0.88974
   0.64187  0.07718 -0.76392
   0.62638  0.07952 -0.87607
   0.61085  0.08180 -1.16947
   0.59533  0.08403 -0.79574
   0.57985  0.08619 -1.02306
   0.56445  0.08826 -0.97144
   0.54902  0.09023 -1.20871
   0.53352  0.09213 -1.01324
   0.51804  0.09395 -1.21226
   0.50266  0.09567 -1.22133
   0.48731  0.09727 -1.46493
   0.47190  0.09875 -1.25747
   0.45651  0.10013 -1.35743
   0.44126  0.10136 -1.55248
   0.42610  0.10241 -1.58332
   0.41087  0.10329 -1.58590
   0.39558  0.10402 -1.40597
   0.38042  0.10458 -1.49673
   0.36538  0.10493 -1.97354
   0.35027  0.10507 -1.73024
   0.33506  0.10502 -1.94478
   0.31997  0.10480 -1.61229
   0.30508  0.10435 -2.41524
   0.29013  0.10364 -2.20109
   0.27509  0.10271 -2.08669
   0.26026  0.10157 -1.92278
   0.24569  0.10017 -2.61987
   0.23096  0.09843 -2.05389
   0.21609  0.09645 -2.50687
   0.20165  0.09429 -2.44774
   0.18751  0.09179 -2.39689
   0.17298  0.08886 -2.36329
   0.15851  0.08574 -3.10108
   0.14475  0.08243 -2.28227
   0.13085  0.07860 -2.89208
   0.11670  0.07445 -2.98661
   0.10361  0.07028 -2.83045
   0.09075  0.06555 -3.13437
   0.07773  0.06051 -2.73097
   0.06619  0.05566 -4.04420
   0.05517  0.05021 -2.61778
   0.04465  0.04484 -4.48809
   0.03597  0.03984 -3.50625
   0.02818  0.03453 -4.08340
   0.02156  0.02993 -4.74938
   0.01663  0.02598 -4.31769
   0.01278  0.02209 -5.23891
   0.00947  0.01863 -3.02950
   0.00668  0.01582 -8.15607
   0.00459  0.01333 -6.20161
   0.00312  0.01086 -8.83475
   0.00206  0.00839 -2.83730
   0.00123  0.00606-14.19143
   0.00052  0.00398 -3.33979
   0.00007  0.00215-17.34919
  -0.00004  0.00044-11.11608
   0.00029 -0.00123 -0.00998
   0.00116 -0.00275-20.48578
   0.00261 -0.00392  0.77871
   0.00446 -0.00500 -4.63648
   0.00642 -0.00629  0.66368
   0.00853 -0.00773 -0.66008
   0.01103 -0.00908 -0.01699
   0.01415 -0.01025  0.91383
   0.01798 -0.01152 -0.53643
   0.02252 -0.01322  0.98722
   0.02790 -0.01503  0.64907
   0.03460 -0.01663  0.98626
   0.04309 -0.01853  0.99931
   0.05286 -0.02068  0.99767
   0.06390 -0.02247  0.98370
   0.07637 -0.02449  0.87416
   0.08927 -0.02643  0.77095
   0.10289 -0.02808  0.96853
   0.11702 -0.02987  0.89171
   0.13114 -0.03146  0.53947
   0.14573 -0.03283  0.91974
   0.16059 -0.03426  0.57126
   0.17528 -0.03553  0.71719
   0.19023 -0.03658  0.73543
   0.20551 -0.03762  0.54287
   0.22062 -0.03861  0.70848
   0.23574 -0.03939  0.67340
   0.25122 -0.04007  0.51070
   0.26676 -0.04073  0.65210
   0.28205 -0.04128  0.34925
   0.29743 -0.04167  0.71215
   0.31308 -0.04199  0.48658
   0.32865 -0.04229  0.47204
   0.34401 -0.04248  0.44491
   0.35948 -0.04252  0.52387
   0.37520 -0.04250  0.29967
   0.39086 -0.04244  0.55305
   0.40632 -0.04229  0.38406
   0.42185 -0.04201  0.46997
   0.43760 -0.04168  0.39236
   0.45331 -0.04132  0.55597
   0.46883 -0.04088  0.36759
   0.48437 -0.04034  0.18374
   0.50008 -0.03972  0.53335
   0.51576 -0.03908  0.23158
   0.53119 -0.03836  0.47803
   0.54660 -0.03750  0.33430
   0.56223 -0.03654  0.34869
   0.57793 -0.03554  0.29227
   0.59342 -0.03449  0.37423
   0.60876 -0.03331  0.39667
   0.62422 -0.03201  0.30540
   0.63975 -0.03063  0.47642
   0.65512 -0.02916  0.23420
   0.67035 -0.02756  0.29341
   0.68565 -0.02581  0.40699
   0.70104 -0.02394  0.32586
   0.71633 -0.02197  0.36310
   0.73153 -0.01987  0.35498
   0.74676 -0.01763  0.40819
   0.76207 -0.01525  0.38327
   0.77741 -0.01277  0.39818
   0.79268 -0.01021  0.43705
   0.80789 -0.00754  0.43191
   0.82319 -0.00475  0.47224
   0.83855 -0.00193  0.50799
   0.85364  0.00075  0.54616
   0.86835  0.00318  0.53900
   0.88278  0.00526  0.61378
   0.89708  0.00697  0.60108
   0.91122  0.00829  0.63482
   0.92513  0.00917  0.63164
   0.93872  0.00958  0.65734
   0.95169  0.00945  0.66732
   0.96393  0.00871  0.69379
   0.97523  0.00733  0.44687
   0.98547  0.00524  0.13489
   0.99465  0.00251  0.78971
   1.00000  0.00000*********
