                                                
 Alfa =  10.00000 Re =  4000000.000 Xflap,Yflap =     0.000000    0.000000
#    x        y        Cp  
   1.00000  0.00000  0.29844
   0.99496  0.00132  0.13508
   0.98660  0.00348  0.07398
   0.97705  0.00590  0.00638
   0.96603  0.00861 -0.04938
   0.95337  0.01163 -0.10132
   0.93929  0.01488 -0.14812
   0.92508  0.01804 -0.18884
   0.91077  0.02111 -0.22523
   0.89640  0.02409 -0.25855
   0.88233  0.02692 -0.28717
   0.86839  0.02964 -0.31511
   0.85444  0.03230 -0.33950
   0.84041  0.03492 -0.36491
   0.82622  0.03751 -0.38958
   0.81186  0.04010 -0.41576
   0.79733  0.04267 -0.44349
   0.78271  0.04523 -0.47630
   0.76805  0.04776 -0.51120
   0.75340  0.05023 -0.54683
   0.73881  0.05262 -0.58180
   0.72429  0.05492 -0.61905
   0.70984  0.05711 -0.65379
   0.69545  0.05920 -0.68614
   0.68108  0.06117 -0.71671
   0.66673  0.06304 -0.74331
   0.65236  0.06480 -0.76986
   0.63796  0.06647 -0.79726
   0.62353  0.06804 -0.82077
   0.60905  0.06952 -0.84558
   0.59454  0.07091 -0.87110
   0.57999  0.07221 -0.89706
   0.56542  0.07342 -0.92007
   0.55082  0.07454 -0.94638
   0.53621  0.07557 -0.97216
   0.52160  0.07651 -0.99927
   0.50699  0.07737 -1.02612
   0.49240  0.07814 -1.05685
   0.47784  0.07882 -1.08821
   0.46331  0.07940 -1.12273
   0.44881  0.07987 -1.15661
   0.43435  0.08023 -1.19101
   0.41991  0.08048 -1.22367
   0.40548  0.08059 -1.25789
   0.39104  0.08057 -1.28701
   0.37658  0.08041 -1.31491
   0.36209  0.08012 -1.34245
   0.34756  0.07970 -1.36817
   0.33300  0.07915 -1.39645
   0.31844  0.07848 -1.42511
   0.30391  0.07768 -1.45706
   0.28944  0.07678 -1.49511
   0.27507  0.07575 -1.53779
   0.26083  0.07460 -1.58150
   0.24671  0.07331 -1.62787
   0.23269  0.07187 -1.67339
   0.21871  0.07026 -1.71870
   0.20472  0.06845 -1.76072
   0.19063  0.06644 -1.79196
   0.17637  0.06420 -1.81804
   0.16194  0.06180 -1.85486
   0.14750  0.05928 -1.92356
   0.13330  0.05670 -2.04796
   0.11952  0.05400 -2.19180
   0.10612  0.05110 -2.34267
   0.09296  0.04788 -2.46445
   0.07985  0.04428 -2.57212
   0.06675  0.04034 -2.77350
   0.05396  0.03603 -3.04044
   0.04233  0.03155 -3.26425
   0.03220  0.02717 -3.52044
   0.02271  0.02266 -4.23348
   0.01420  0.01780 -5.26063
   0.00934  0.01430 -5.82794
   0.00630  0.01174 -6.58099
   0.00417  0.00965 -7.42967
   0.00259  0.00786 -8.45069
   0.00143  0.00625 -9.59290
   0.00059  0.00478-10.90234
   0.00005  0.00341-12.15256
  -0.00022  0.00213-12.97394
  -0.00021  0.00090-12.66510
   0.00010 -0.00027-10.39827
   0.00074 -0.00141 -6.94921
   0.00172 -0.00254 -4.14230
   0.00308 -0.00368 -2.17027
   0.00490 -0.00484 -0.86359
   0.00737 -0.00606 -0.01356
   0.01087 -0.00737  0.53446
   0.01626 -0.00873  0.86846
   0.02499 -0.00971  0.99520
   0.03605 -0.01040  0.98815
   0.04855 -0.01089  0.94315
   0.06178 -0.01096  0.89028
   0.07546 -0.01062  0.84275
   0.08946 -0.00998  0.80138
   0.10366 -0.00910  0.76672
   0.11801 -0.00804  0.73825
   0.13253 -0.00683  0.71484
   0.14721 -0.00552  0.69530
   0.16200 -0.00418  0.67752
   0.17680 -0.00283  0.66104
   0.19160 -0.00147  0.64665
   0.20640 -0.00011  0.63330
   0.22119  0.00126  0.62190
   0.23596  0.00262  0.61147
   0.25073  0.00398  0.60239
   0.26549  0.00533  0.59373
   0.28026  0.00668  0.58687
   0.29503  0.00801  0.58001
   0.30979  0.00932  0.57415
   0.32454  0.01060  0.56938
   0.33927  0.01186  0.56455
   0.35399  0.01308  0.56068
   0.36868  0.01426  0.55681
   0.38336  0.01539  0.55277
   0.39802  0.01646  0.54990
   0.41267  0.01747  0.54594
   0.42731  0.01843  0.54298
   0.44196  0.01932  0.53863
   0.45661  0.02015  0.53527
   0.47126  0.02092  0.53176
   0.48592  0.02163  0.52808
   0.50059  0.02228  0.52503
   0.51526  0.02286  0.52122
   0.52993  0.02338  0.51779
   0.54460  0.02383  0.51490
   0.55927  0.02421  0.51159
   0.57394  0.02452  0.50758
   0.58859  0.02476  0.50461
   0.60324  0.02493  0.50153
   0.61787  0.02502  0.49670
   0.63248  0.02504  0.49347
   0.64708  0.02497  0.48972
   0.66167  0.02483  0.48516
   0.67625  0.02460  0.48085
   0.69083  0.02429  0.47615
   0.70542  0.02389  0.47133
   0.72004  0.02340  0.46597
   0.73468  0.02283  0.45939
   0.74936  0.02216  0.45268
   0.76404  0.02141  0.44608
   0.77872  0.02057  0.43925
   0.79336  0.01965  0.43028
   0.80793  0.01864  0.42124
   0.82240  0.01757  0.41215
   0.83675  0.01643  0.40087
   0.85101  0.01525  0.39034
   0.86524  0.01401  0.37891
   0.87952  0.01274  0.36859
   0.89398  0.01141  0.35708
   0.90866  0.01004  0.34733
   0.92308  0.00866  0.33894
   0.93739  0.00723  0.32964
   0.95184  0.00572  0.31905
   0.96499  0.00427  0.30634
   0.97638  0.00294  0.29364
   0.98623  0.00174  0.28564
   0.99483  0.00066  0.26834
   1.00000  0.00000  0.29844
