                                                
 Alfa =  10.00000 Re =  4000000.000 Xflap,Yflap =     0.000000    0.000000
#    x        y        Cp  
   1.00000  0.00000  0.21461
   0.99474  0.00054  0.09322
   0.98602  0.00144  0.10564
   0.97609  0.00247  0.06325
   0.96470  0.00367  0.04660
   0.95179  0.00504  0.01296
   0.93805  0.00651 -0.00791
   0.92456  0.00798 -0.03083
   0.91092  0.00948 -0.05415
   0.89701  0.01103 -0.07444
   0.88318  0.01259 -0.09698
   0.86936  0.01416 -0.11895
   0.85546  0.01575 -0.14057
   0.84147  0.01734 -0.16486
   0.82749  0.01893 -0.18388
   0.81350  0.02052 -0.20603
   0.79950  0.02209 -0.22857
   0.78553  0.02365 -0.25001
   0.77157  0.02519 -0.27125
   0.75762  0.02671 -0.29475
   0.74366  0.02820 -0.31617
   0.72971  0.02966 -0.33644
   0.71576  0.03109 -0.35975
   0.70181  0.03248 -0.37923
   0.68785  0.03384 -0.40174
   0.67390  0.03517 -0.42324
   0.65994  0.03646 -0.44364
   0.64598  0.03771 -0.46616
   0.63203  0.03892 -0.48994
   0.61809  0.04009 -0.51124
   0.60415  0.04121 -0.53599
   0.59022  0.04228 -0.55781
   0.57628  0.04330 -0.58122
   0.56233  0.04426 -0.60380
   0.54839  0.04517 -0.62662
   0.53445  0.04602 -0.65148
   0.52052  0.04682 -0.67709
   0.50661  0.04755 -0.70203
   0.49269  0.04821 -0.72730
   0.47877  0.04879 -0.75129
   0.46484  0.04931 -0.77593
   0.45092  0.04975 -0.80115
   0.43701  0.05012 -0.83061
   0.42315  0.05040 -0.85914
   0.40933  0.05057 -0.88606
   0.39553  0.05064 -0.90985
   0.38171  0.05058 -0.92485
   0.36784  0.05042 -0.93813
   0.35392  0.05018 -0.95260
   0.33997  0.04987 -0.97088
   0.32603  0.04949 -0.99571
   0.31211  0.04904 -1.02107
   0.29821  0.04851 -1.04705
   0.28433  0.04789 -1.07313
   0.27046  0.04720 -1.09870
   0.25658  0.04642 -1.12745
   0.24269  0.04556 -1.15862
   0.22882  0.04462 -1.19398
   0.21496  0.04359 -1.23159
   0.20113  0.04248 -1.27354
   0.18731  0.04127 -1.31950
   0.17351  0.03997 -1.37081
   0.15972  0.03856 -1.42807
   0.14598  0.03705 -1.49368
   0.13229  0.03542 -1.56954
   0.11867  0.03367 -1.65750
   0.10510  0.03178 -1.76060
   0.09156  0.02973 -1.88642
   0.07807  0.02750 -2.04701
   0.06481  0.02511 -2.26593
   0.05192  0.02250 -2.55458
   0.03919  0.01956 -2.94576
   0.02697  0.01630 -3.55296
   0.01682  0.01311 -4.90552
   0.01015  0.01033 -6.36771
   0.00607  0.00815 -8.53119
   0.00344  0.00623-11.02054
   0.00172  0.00444-12.66708
   0.00066  0.00283-14.84598
   0.00010  0.00137-16.89069
   0.00000 -0.00001-16.40262
   0.00038 -0.00135-11.06996
   0.00123 -0.00270 -6.11555
   0.00266 -0.00413 -2.91726
   0.00487 -0.00568 -0.97814
   0.00817 -0.00724  0.21156
   0.01329 -0.00899  0.75892
   0.02178 -0.01102  0.97490
   0.03351 -0.01308  0.99558
   0.04655 -0.01500  0.95536
   0.05978 -0.01664  0.90380
   0.07324 -0.01807  0.85365
   0.08696 -0.01936  0.80665
   0.10075 -0.02054  0.76380
   0.11454 -0.02160  0.72510
   0.12835 -0.02256  0.69011
   0.14221 -0.02344  0.65819
   0.15613 -0.02425  0.62902
   0.17006 -0.02499  0.60157
   0.18401 -0.02567  0.57608
   0.19794 -0.02628  0.55246
   0.21189 -0.02684  0.53076
   0.22585 -0.02733  0.51029
   0.23982 -0.02777  0.49134
   0.25381 -0.02816  0.47298
   0.26779 -0.02851  0.45508
   0.28176 -0.02881  0.43837
   0.29572 -0.02905  0.42179
   0.30969 -0.02924  0.40737
   0.32367 -0.02937  0.39394
   0.33768 -0.02945  0.38011
   0.35170 -0.02949  0.36749
   0.36569 -0.02949  0.35272
   0.37963 -0.02944  0.33763
   0.39352 -0.02930  0.32619
   0.40738 -0.02908  0.31500
   0.42125 -0.02877  0.30847
   0.43516 -0.02838  0.30215
   0.44911 -0.02792  0.29659
   0.46310 -0.02740  0.29166
   0.47708 -0.02684  0.28619
   0.49106 -0.02623  0.28147
   0.50503 -0.02557  0.27741
   0.51901 -0.02486  0.27403
   0.53299 -0.02411  0.27130
   0.54699 -0.02333  0.26875
   0.56100 -0.02251  0.26607
   0.57502 -0.02166  0.26431
   0.58903 -0.02079  0.26177
   0.60304 -0.01989  0.26135
   0.61705 -0.01896  0.25876
   0.63108 -0.01802  0.25923
   0.64511 -0.01705  0.25817
   0.65915 -0.01607  0.25785
   0.67320 -0.01508  0.25774
   0.68725 -0.01408  0.25737
   0.70130 -0.01307  0.25797
   0.71536 -0.01206  0.25790
   0.72941 -0.01105  0.25831
   0.74347 -0.01004  0.26045
   0.75752 -0.00903  0.26062
   0.77156 -0.00803  0.26311
   0.78559 -0.00705  0.26290
   0.79961 -0.00609  0.26701
   0.81363 -0.00514  0.26729
   0.82765 -0.00423  0.27141
   0.84164 -0.00336  0.27265
   0.85559 -0.00254  0.27496
   0.86946 -0.00179  0.27680
   0.88327 -0.00109  0.27651
   0.89712 -0.00045  0.27907
   0.91111  0.00014  0.28289
   0.92504  0.00062  0.28950
   0.93897  0.00096  0.29187
   0.95263  0.00111  0.28763
   0.96513  0.00107  0.28426
   0.97624  0.00088  0.26592
   0.98604  0.00060  0.25750
   0.99473  0.00025  0.19645
   1.00000  0.00000  0.21461
