                                                
 Alfa =  10.00000 Re =  4000000.000 Xflap,Yflap =     0.000000    0.000000
#    x        y        Cp  
   1.00000  0.00000  0.38150
   0.99283  0.00134  0.23307
   0.98106  0.00354  0.16370
   0.96785  0.00601  0.11358
   0.95299  0.00877  0.07160
   0.93643  0.01183  0.03256
   0.91843  0.01515 -0.00383
   0.89940  0.01865 -0.03807
   0.87967  0.02227 -0.07084
   0.85947  0.02597 -0.10262
   0.83898  0.02972 -0.13382
   0.81835  0.03351 -0.16429
   0.79767  0.03731 -0.19540
   0.77697  0.04113 -0.22715
   0.75624  0.04496 -0.25979
   0.73548  0.04882 -0.29389
   0.71467  0.05269 -0.32885
   0.69380  0.05658 -0.36615
   0.67289  0.06048 -0.40536
   0.65193  0.06439 -0.44688
   0.63100  0.06829 -0.49196
   0.61018  0.07217 -0.53975
   0.58959  0.07599 -0.59366
   0.56932  0.07972 -0.65339
   0.54943  0.08331 -0.71571
   0.52992  0.08673 -0.77870
   0.51072  0.08996 -0.84263
   0.49175  0.09300 -0.90332
   0.47290  0.09585 -0.96084
   0.45408  0.09853 -1.01833
   0.43526  0.10105 -1.07686
   0.41642  0.10341 -1.13913
   0.39759  0.10561 -1.20597
   0.37883  0.10765 -1.28199
   0.36020  0.10950 -1.36389
   0.34180  0.11112 -1.45050
   0.32373  0.11251 -1.54173
   0.30608  0.11364 -1.63820
   0.28893  0.11451 -1.74516
   0.27233  0.11510 -1.85789
   0.25622  0.11538 -1.96884
   0.24050  0.11533 -2.06845
   0.22507  0.11496 -2.15985
   0.20992  0.11431 -2.25417
   0.19521  0.11339 -2.36914
   0.18112  0.11225 -2.51146
   0.16775  0.11086 -2.65964
   0.15516  0.10921 -2.80559
   0.14329  0.10733 -2.95087
   0.13213  0.10521 -3.08908
   0.12162  0.10287 -3.21765
   0.11174  0.10030 -3.33318
   0.10245  0.09755 -3.43887
   0.09373  0.09462 -3.53602
   0.08555  0.09152 -3.62184
   0.07790  0.08828 -3.69070
   0.07078  0.08492 -3.74109
   0.06417  0.08146 -3.76385
   0.05805  0.07791 -3.76502
   0.05238  0.07430 -3.73862
   0.04716  0.07065 -3.68226
   0.04234  0.06698 -3.59696
   0.03790  0.06331 -3.50582
   0.03382  0.05967 -3.40336
   0.03008  0.05607 -3.29745
   0.02664  0.05252 -3.18519
   0.02348  0.04902 -3.06404
   0.02057  0.04559 -2.93032
   0.01788  0.04221 -2.79929
   0.01539  0.03890 -2.68406
   0.01309  0.03567 -2.58434
   0.01096  0.03255 -2.54119
   0.00902  0.02953 -2.52993
   0.00728  0.02664 -2.52010
   0.00573  0.02385 -2.50569
   0.00438  0.02116 -2.47442
   0.00322  0.01856 -2.43452
   0.00223  0.01603 -2.36414
   0.00142  0.01356 -2.27818
   0.00078  0.01115 -2.15216
   0.00030  0.00879 -2.00339
  -0.00001  0.00646 -1.81942
  -0.00016  0.00415 -1.60449
  -0.00014  0.00186 -1.36006
   0.00005 -0.00042 -1.08841
   0.00041 -0.00269 -0.79891
   0.00094 -0.00496 -0.52043
   0.00164 -0.00720 -0.25961
   0.00251 -0.00942 -0.02060
   0.00355 -0.01159  0.19456
   0.00477 -0.01371  0.38794
   0.00616 -0.01575  0.55597
   0.00775 -0.01770  0.70021
   0.00954 -0.01953  0.81791
   0.01155 -0.02121  0.90742
   0.01380 -0.02269  0.96708
   0.01631 -0.02396  0.99536
   0.01907 -0.02506  0.99918
   0.02208 -0.02600  0.98832
   0.02534 -0.02684  0.96976
   0.02882 -0.02762  0.94676
   0.03255 -0.02833  0.92016
   0.03654 -0.02898  0.89210
   0.04085 -0.02956  0.86299
   0.04549 -0.03005  0.83429
   0.05054 -0.03046  0.80610
   0.05603 -0.03078  0.77830
   0.06206 -0.03100  0.75165
   0.06871 -0.03110  0.72638
   0.07611 -0.03106  0.70393
   0.08439 -0.03087  0.68334
   0.09369 -0.03053  0.66603
   0.10417 -0.03004  0.64916
   0.11601 -0.02942  0.63117
   0.12934 -0.02867  0.61384
   0.14416 -0.02780  0.59677
   0.16038 -0.02685  0.57867
   0.17777 -0.02583  0.55966
   0.19604 -0.02473  0.54190
   0.21497 -0.02352  0.52833
   0.23444 -0.02223  0.51813
   0.25432 -0.02092  0.50882
   0.27444 -0.01964  0.49920
   0.29468 -0.01843  0.48949
   0.31499 -0.01728  0.47955
   0.33540 -0.01620  0.46945
   0.35592 -0.01518  0.45917
   0.37656 -0.01421  0.44940
   0.39731 -0.01328  0.43987
   0.41810 -0.01239  0.43090
   0.43892 -0.01154  0.42270
   0.45972 -0.01073  0.41459
   0.48049 -0.00997  0.40684
   0.50126 -0.00926  0.39890
   0.52206 -0.00859  0.39083
   0.54291 -0.00797  0.38270
   0.56382 -0.00738  0.37455
   0.58480 -0.00683  0.36677
   0.60582 -0.00630  0.35904
   0.62684 -0.00579  0.35218
   0.64783 -0.00531  0.34539
   0.66877 -0.00487  0.33876
   0.68966 -0.00446  0.33198
   0.71052 -0.00410  0.32426
   0.73138 -0.00378  0.31617
   0.75227 -0.00348  0.30774
   0.77318 -0.00319  0.29943
   0.79413 -0.00290  0.29185
   0.81509 -0.00261  0.28526
   0.83602 -0.00230  0.27976
   0.85682 -0.00199  0.27486
   0.87733 -0.00169  0.27054
   0.89737 -0.00140  0.26685
   0.91674 -0.00113  0.26314
   0.93510 -0.00088  0.26113
   0.95201 -0.00065  0.26102
   0.96721 -0.00045  0.26405
   0.98070 -0.00026  0.27290
   0.99270 -0.00010  0.29694
   1.00000  0.00000  0.38150
