                                                
 Alfa =  10.00000 Re =  4000000.000 Xflap,Yflap =     0.000000    0.000000
#    x        y        Cp  
   1.00000  0.00080  0.41373
   0.99476  0.00155  0.23994
   0.98577  0.00284  0.16986
   0.97503  0.00435  0.11618
   0.96225  0.00613  0.06725
   0.94785  0.00809  0.02383
   0.93284  0.01009 -0.01030
   0.91774  0.01206 -0.04671
   0.90263  0.01400 -0.07512
   0.88747  0.01589 -0.10324
   0.87229  0.01775 -0.13229
   0.85712  0.01956 -0.15592
   0.84196  0.02132 -0.17926
   0.82681  0.02303 -0.20555
   0.81167  0.02469 -0.22738
   0.79651  0.02631 -0.24749
   0.78135  0.02788 -0.27000
   0.76617  0.02940 -0.28940
   0.75099  0.03087 -0.31194
   0.73581  0.03230 -0.33296
   0.72063  0.03368 -0.35079
   0.70545  0.03501 -0.37173
   0.69028  0.03629 -0.39468
   0.67510  0.03751 -0.41000
   0.65992  0.03869 -0.43211
   0.64473  0.03981 -0.45026
   0.62955  0.04088 -0.47148
   0.61436  0.04190 -0.49119
   0.59916  0.04287 -0.50862
   0.58397  0.04378 -0.53030
   0.56878  0.04464 -0.55238
   0.55361  0.04544 -0.57362
   0.53846  0.04619 -0.59456
   0.52332  0.04686 -0.61522
   0.50820  0.04747 -0.63885
   0.49308  0.04802 -0.65905
   0.47794  0.04849 -0.67848
   0.46279  0.04890 -0.70062
   0.44763  0.04924 -0.72002
   0.43248  0.04951 -0.74649
   0.41736  0.04972 -0.76768
   0.40225  0.04985 -0.79299
   0.38715  0.04990 -0.81434
   0.37205  0.04988 -0.84050
   0.35694  0.04978 -0.86419
   0.34183  0.04961 -0.88955
   0.32676  0.04936 -0.91841
   0.31169  0.04902 -0.94495
   0.29661  0.04861 -0.97264
   0.28153  0.04811 -1.00583
   0.26648  0.04754 -1.03868
   0.25146  0.04688 -1.07666
   0.23645  0.04613 -1.11492
   0.22146  0.04529 -1.15890
   0.20652  0.04436 -1.20624
   0.19163  0.04332 -1.26110
   0.17682  0.04218 -1.31810
   0.16206  0.04091 -1.38183
   0.14736  0.03951 -1.45425
   0.13269  0.03798 -1.53513
   0.11809  0.03631 -1.64059
   0.10370  0.03449 -1.76601
   0.08963  0.03249 -1.92070
   0.07587  0.03028 -2.07124
   0.06251  0.02788 -2.31912
   0.05028  0.02537 -2.60491
   0.03933  0.02276 -2.90868
   0.03054  0.02042 -3.45459
   0.02383  0.01827 -3.92941
   0.01842  0.01617 -4.12616
   0.01408  0.01428 -4.32727
   0.01070  0.01269 -4.02849
   0.00783  0.01154 -5.02342
   0.00544  0.01066 -7.32158
   0.00354  0.00982-10.30314
   0.00204  0.00893-14.17788
   0.00091  0.00789-18.39297
   0.00017  0.00658-17.32819
  -0.00014  0.00480 -9.91855
  -0.00008  0.00218 -4.71244
  -0.00003 -0.00123 -3.41412
  -0.00010 -0.00380 -4.99081
   0.00018 -0.00547 -6.62099
   0.00088 -0.00662 -4.90089
   0.00195 -0.00745 -2.13178
   0.00336 -0.00809 -0.58370
   0.00513 -0.00861  0.21280
   0.00730 -0.00909  0.61965
   0.00992 -0.00969  0.81903
   0.01280 -0.01063  0.88369
   0.01618 -0.01177  0.94575
   0.02054 -0.01295  0.98937
   0.02644 -0.01432  0.99950
   0.03407 -0.01594  0.97934
   0.04290 -0.01737  0.93979
   0.05361 -0.01867  0.89404
   0.06591 -0.01998  0.83994
   0.07957 -0.02116  0.79061
   0.09373 -0.02218  0.74440
   0.10847 -0.02305  0.70584
   0.12355 -0.02383  0.66986
   0.13863 -0.02454  0.63722
   0.15370 -0.02517  0.60795
   0.16883 -0.02572  0.58206
   0.18407 -0.02622  0.55896
   0.19941 -0.02668  0.53733
   0.21476 -0.02712  0.51626
   0.23007 -0.02752  0.49615
   0.24539 -0.02789  0.47891
   0.26076 -0.02824  0.46135
   0.27610 -0.02856  0.44405
   0.29143 -0.02885  0.42893
   0.30679 -0.02911  0.41371
   0.32214 -0.02935  0.39969
   0.33747 -0.02956  0.38486
   0.35283 -0.02974  0.37244
   0.36820 -0.02990  0.35894
   0.38356 -0.03003  0.34623
   0.39889 -0.03014  0.33408
   0.41421 -0.03020  0.32143
   0.42951 -0.03024  0.31129
   0.44481 -0.03024  0.30029
   0.46011 -0.03020  0.28837
   0.47541 -0.03013  0.27897
   0.49070 -0.03002  0.27021
   0.50600 -0.02987  0.25901
   0.52129 -0.02968  0.25170
   0.53658 -0.02946  0.24093
   0.55186 -0.02919  0.23404
   0.56713 -0.02889  0.22331
   0.58237 -0.02854  0.21765
   0.59759 -0.02814  0.20891
   0.61282 -0.02769  0.20303
   0.62807 -0.02719  0.19565
   0.64333 -0.02665  0.19185
   0.65859 -0.02606  0.18488
   0.67384 -0.02543  0.18020
   0.68907 -0.02476  0.17397
   0.70428 -0.02403  0.17000
   0.71950 -0.02326  0.16560
   0.73472 -0.02244  0.16433
   0.74996 -0.02156  0.15775
   0.76521 -0.02065  0.15770
   0.78045 -0.01969  0.15572
   0.79567 -0.01869  0.15379
   0.81087 -0.01764  0.15081
   0.82609 -0.01654  0.15078
   0.84132 -0.01539  0.15066
   0.85655 -0.01421  0.15262
   0.87177 -0.01298  0.15158
   0.88695 -0.01171  0.15390
   0.90212 -0.01039  0.15829
   0.91731 -0.00903  0.16303
   0.93249 -0.00762  0.16940
   0.94750 -0.00619  0.17667
   0.96193 -0.00476  0.19206
   0.97483 -0.00345  0.21074
   0.98567 -0.00232  0.23797
   0.99473 -0.00136  0.27308
   1.00000 -0.00080  0.41373
