                                                
 Alfa =  10.00000 Re =  4000000.000 Xflap,Yflap =     0.000000    0.000000
#    x        y        Cp  
   1.00000  0.00111  0.49104
   0.99427  0.00256  0.28254
   0.98480  0.00493  0.19213
   0.97405  0.00756  0.11738
   0.96185  0.01049  0.05254
   0.94819  0.01369 -0.00941
   0.93345  0.01704 -0.06919
   0.91832  0.02035 -0.12524
   0.90326  0.02349 -0.17369
   0.88830  0.02647 -0.21487
   0.87323  0.02931 -0.24864
   0.85793  0.03207 -0.28012
   0.84243  0.03476 -0.31415
   0.82688  0.03737 -0.34881
   0.81138  0.03986 -0.38452
   0.79596  0.04221 -0.41744
   0.78059  0.04443 -0.44679
   0.76521  0.04653 -0.47469
   0.74979  0.04849 -0.50102
   0.73433  0.05034 -0.52301
   0.71882  0.05206 -0.54455
   0.70327  0.05368 -0.56344
   0.68762  0.05519 -0.58069
   0.67187  0.05662 -0.59675
   0.65601  0.05796 -0.61386
   0.64012  0.05925 -0.63460
   0.62427  0.06046 -0.65946
   0.60849  0.06157 -0.68375
   0.59277  0.06259 -0.70701
   0.57704  0.06351 -0.72580
   0.56125  0.06434 -0.74480
   0.54540  0.06509 -0.76548
   0.52953  0.06576 -0.78873
   0.51368  0.06634 -0.81334
   0.49789  0.06684 -0.83767
   0.48217  0.06723 -0.86308
   0.46651  0.06752 -0.88816
   0.45088  0.06770 -0.91064
   0.43521  0.06776 -0.92838
   0.41943  0.06771 -0.94525
   0.40356  0.06757 -0.96305
   0.38767  0.06736 -0.98891
   0.37184  0.06707 -1.01819
   0.35613  0.06669 -1.04991
   0.34050  0.06619 -1.07596
   0.32489  0.06558 -1.10100
   0.30922  0.06485 -1.12504
   0.29346  0.06403 -1.15354
   0.27762  0.06311 -1.18639
   0.26175  0.06210 -1.22513
   0.24600  0.06101 -1.27159
   0.23055  0.05983 -1.33067
   0.21545  0.05853 -1.38952
   0.20050  0.05705 -1.43647
   0.18534  0.05535 -1.44270
   0.16982  0.05354 -1.47860
   0.15455  0.05178 -1.60476
   0.14031  0.05000 -1.77879
   0.12635  0.04787 -1.78003
   0.11212  0.04556 -1.87653
   0.09844  0.04323 -2.07967
   0.08502  0.04063 -2.18103
   0.07224  0.03797 -2.44122
   0.06115  0.03537 -2.78106
   0.05118  0.03255 -2.91094
   0.04199  0.02964 -3.05098
   0.03416  0.02704 -3.52448
   0.02788  0.02473 -4.12346
   0.02282  0.02254 -4.65168
   0.01861  0.02038 -5.04016
   0.01505  0.01822 -5.28734
   0.01200  0.01610 -5.50819
   0.00940  0.01405 -5.78038
   0.00719  0.01207 -6.13843
   0.00532  0.01014 -6.37976
   0.00373  0.00827 -6.78291
   0.00242  0.00641 -7.15911
   0.00139  0.00458 -7.34986
   0.00064  0.00279 -7.40481
   0.00016  0.00105 -7.22874
  -0.00005 -0.00066 -6.54929
  -0.00001 -0.00238 -5.38296
   0.00027 -0.00414 -4.20646
   0.00078 -0.00594 -3.15416
   0.00152 -0.00780 -2.24326
   0.00249 -0.00971 -1.54013
   0.00368 -0.01160 -1.09919
   0.00522 -0.01334 -0.52347
   0.00723 -0.01488  0.20244
   0.00959 -0.01640  0.53031
   0.01231 -0.01791  0.73987
   0.01550 -0.01937  0.87959
   0.01929 -0.02083  0.95837
   0.02384 -0.02233  0.99382
   0.02935 -0.02389  0.99885
   0.03607 -0.02551  0.98211
   0.04411 -0.02725  0.95034
   0.05349 -0.02908  0.90660
   0.06410 -0.03085  0.85703
   0.07604 -0.03246  0.80923
   0.08910 -0.03396  0.76005
   0.10258 -0.03520  0.71575
   0.11670 -0.03617  0.68804
   0.13166 -0.03715  0.65388
   0.14682 -0.03811  0.61593
   0.16194 -0.03891  0.58604
   0.17721 -0.03956  0.56730
   0.19264 -0.04022  0.53860
   0.20805 -0.04082  0.51115
   0.22361 -0.04129  0.49242
   0.23951 -0.04167  0.47607
   0.25572 -0.04201  0.45943
   0.27205 -0.04235  0.43981
   0.28828 -0.04266  0.42096
   0.30435 -0.04292  0.40213
   0.32030 -0.04312  0.38503
   0.33619 -0.04324  0.36911
   0.35209 -0.04330  0.35416
   0.36802 -0.04327  0.34141
   0.38400 -0.04318  0.32944
   0.40002 -0.04301  0.31826
   0.41603 -0.04280  0.30561
   0.43199 -0.04252  0.29409
   0.44788 -0.04217  0.28321
   0.46376 -0.04173  0.27428
   0.47965 -0.04122  0.26616
   0.49559 -0.04063  0.25906
   0.51153 -0.03997  0.25264
   0.52743 -0.03924  0.24559
   0.54330 -0.03845  0.23996
   0.55920 -0.03757  0.23689
   0.57521 -0.03661  0.23481
   0.59137 -0.03560  0.23337
   0.60755 -0.03455  0.22912
   0.62359 -0.03349  0.22186
   0.63942 -0.03237  0.21630
   0.65511 -0.03117  0.21445
   0.67084 -0.02985  0.21884
   0.68676 -0.02846  0.22487
   0.70289 -0.02702  0.22976
   0.71914 -0.02557  0.23085
   0.73541 -0.02413  0.23140
   0.75165 -0.02268  0.23161
   0.76786 -0.02121  0.23335
   0.78410 -0.01973  0.23597
   0.80038 -0.01824  0.23842
   0.81670 -0.01674  0.24115
   0.83305 -0.01526  0.24277
   0.84935 -0.01378  0.24658
   0.86556 -0.01232  0.24979
   0.88163 -0.01089  0.25383
   0.89764 -0.00948  0.25768
   0.91374 -0.00809  0.26284
   0.92994 -0.00673  0.26867
   0.94570 -0.00542  0.27558
   0.96023 -0.00424  0.28635
   0.97308 -0.00321  0.30165
   0.98429 -0.00233  0.32337
   0.99410 -0.00156  0.35998
   1.00000 -0.00111  0.49104
