                                                
 Alfa =  10.00000 Re =  4000000.000 Xflap,Yflap =     0.000000    0.000000
#    x        y        Cp  
   1.00000  0.00000  0.26714
   0.99496  0.00086  0.17241
   0.98571  0.00248  0.11211
   0.97383  0.00461  0.07082
   0.96063  0.00705  0.01707
   0.94729  0.00952 -0.03187
   0.93397  0.01196 -0.07167
   0.92056  0.01436 -0.10445
   0.90702  0.01674 -0.12830
   0.89346  0.01910 -0.15671
   0.87995  0.02145 -0.18683
   0.86645  0.02376 -0.21847
   0.85293  0.02603 -0.24152
   0.83939  0.02828 -0.27088
   0.82583  0.03050 -0.29724
   0.81230  0.03270 -0.32844
   0.79880  0.03484 -0.35699
   0.78531  0.03692 -0.38371
   0.77180  0.03894 -0.40835
   0.75828  0.04090 -0.43496
   0.74473  0.04282 -0.45971
   0.73118  0.04468 -0.48404
   0.71764  0.04648 -0.51137
   0.70410  0.04822 -0.53595
   0.69056  0.04988 -0.55914
   0.67701  0.05148 -0.58270
   0.66343  0.05302 -0.60345
   0.64985  0.05450 -0.62790
   0.63625  0.05592 -0.64905
   0.62266  0.05727 -0.67824
   0.60908  0.05856 -0.70124
   0.59550  0.05977 -0.72501
   0.58192  0.06091 -0.75104
   0.56833  0.06197 -0.76975
   0.55473  0.06295 -0.79392
   0.54113  0.06386 -0.81676
   0.52752  0.06470 -0.83742
   0.51391  0.06545 -0.86171
   0.50030  0.06613 -0.87997
   0.48669  0.06672 -0.90389
   0.47307  0.06724 -0.92320
   0.45944  0.06769 -0.94382
   0.44581  0.06805 -0.96695
   0.43217  0.06835 -0.98650
   0.41853  0.06857 -1.00964
   0.40488  0.06872 -1.03293
   0.39124  0.06880 -1.05669
   0.37760  0.06882 -1.08317
   0.36395  0.06876 -1.11125
   0.35031  0.06862 -1.14150
   0.33670  0.06841 -1.17564
   0.32312  0.06811 -1.20891
   0.30953  0.06771 -1.23520
   0.29592  0.06721 -1.26486
   0.28230  0.06664 -1.30104
   0.26871  0.06599 -1.34058
   0.25513  0.06524 -1.38245
   0.24156  0.06439 -1.43130
   0.22803  0.06345 -1.48309
   0.21453  0.06238 -1.53855
   0.20107  0.06119 -1.59748
   0.18764  0.05986 -1.65738
   0.17425  0.05837 -1.72248
   0.16086  0.05673 -1.78962
   0.14750  0.05493 -1.87189
   0.13422  0.05297 -1.98034
   0.12108  0.05082 -2.09695
   0.10806  0.04842 -2.21996
   0.09515  0.04575 -2.35742
   0.08239  0.04277 -2.51516
   0.06983  0.03945 -2.70173
   0.05754  0.03575 -2.92255
   0.04559  0.03161 -3.18230
   0.03406  0.02699 -3.53463
   0.02325  0.02188 -4.09211
   0.01396  0.01651 -4.92653
   0.00744  0.01168 -6.63609
   0.00397  0.00795 -6.86238
   0.00176  0.00493 -7.28000
   0.00048  0.00294-11.49062
  -0.00008  0.00144-16.99851
  -0.00005  0.00015-18.47120
   0.00070 -0.00108 -8.73881
   0.00233 -0.00232 -3.05377
   0.00521 -0.00353 -0.28763
   0.01037 -0.00521  0.59206
   0.01904 -0.00707  0.94898
   0.03073 -0.00839  0.99889
   0.04358 -0.00932  0.96620
   0.05691 -0.00993  0.92031
   0.07062 -0.01040  0.87487
   0.08421 -0.01075  0.83424
   0.09784 -0.01103  0.79808
   0.11156 -0.01127  0.76500
   0.12528 -0.01147  0.73508
   0.13899 -0.01165  0.70726
   0.15269 -0.01178  0.68232
   0.16640 -0.01188  0.65953
   0.18013 -0.01195  0.63891
   0.19387 -0.01200  0.61889
   0.20761 -0.01203  0.60088
   0.22135 -0.01204  0.58310
   0.23508 -0.01203  0.56710
   0.24881 -0.01199  0.55159
   0.26255 -0.01194  0.53749
   0.27630 -0.01186  0.52345
   0.29005 -0.01177  0.51018
   0.30380 -0.01167  0.49778
   0.31754 -0.01155  0.48454
   0.33128 -0.01141  0.47075
   0.34497 -0.01125  0.45808
   0.35863 -0.01102  0.44653
   0.37229 -0.01074  0.43822
   0.38597 -0.01041  0.42986
   0.39967 -0.01003  0.42233
   0.41339 -0.00962  0.41621
   0.42710 -0.00917  0.40841
   0.44081 -0.00870  0.40274
   0.45452 -0.00819  0.39732
   0.46822 -0.00764  0.39079
   0.48192 -0.00707  0.38717
   0.49563 -0.00647  0.38293
   0.50934 -0.00584  0.37942
   0.52306 -0.00518  0.37735
   0.53678 -0.00451  0.37366
   0.55051 -0.00381  0.37232
   0.56424 -0.00310  0.37068
   0.57798 -0.00238  0.36813
   0.59172 -0.00164  0.36826
   0.60547 -0.00091  0.36731
   0.61921 -0.00017  0.36807
   0.63295  0.00057  0.36789
   0.64667  0.00129  0.36882
   0.66039  0.00199  0.36870
   0.67409  0.00266  0.36820
   0.68780  0.00331  0.37009
   0.70150  0.00393  0.36860
   0.71520  0.00451  0.37091
   0.72889  0.00505  0.37025
   0.74258  0.00554  0.36901
   0.75624  0.00599  0.37270
   0.76988  0.00636  0.37158
   0.78348  0.00667  0.37236
   0.79708  0.00690  0.36950
   0.81069  0.00704  0.36875
   0.82433  0.00710  0.36482
   0.83793  0.00707  0.36462
   0.85145  0.00694  0.35916
   0.86502  0.00668  0.35045
   0.87868  0.00633  0.34290
   0.89226  0.00591  0.33936
   0.90573  0.00537  0.32632
   0.91929  0.00472  0.30450
   0.93287  0.00407  0.29385
   0.94627  0.00344  0.29577
   0.95980  0.00270  0.28729
   0.97326  0.00186  0.26987
   0.98544  0.00103  0.25424
   0.99489  0.00037  0.24887
   1.00000  0.00000  0.26714
