                                                
 Alfa =  10.00000 Re =  4000000.000 Xflap,Yflap =     0.000000    0.000000
#    x        y        Cp  
   1.00000  0.00105  0.37899
   0.99265  0.00293  0.18255
   0.98024  0.00604  0.10088
   0.96582  0.00953  0.03046
   0.94918  0.01340 -0.02055
   0.93075  0.01751 -0.05901
   0.91159  0.02171 -0.08777
   0.89258  0.02594 -0.12224
   0.87383  0.03022 -0.17198
   0.85524  0.03451 -0.22467
   0.83669  0.03878 -0.28079
   0.81811  0.04297 -0.33632
   0.79940  0.04704 -0.38725
   0.78049  0.05095 -0.42397
   0.76134  0.05474 -0.45362
   0.74197  0.05846 -0.48209
   0.72242  0.06215 -0.51073
   0.70281  0.06584 -0.54593
   0.68331  0.06955 -0.60173
   0.66405  0.07320 -0.66889
   0.64509  0.07671 -0.73907
   0.62640  0.08001 -0.81216
   0.60788  0.08306 -0.87952
   0.58938  0.08582 -0.93097
   0.57073  0.08829 -0.96393
   0.55181  0.09055 -0.99240
   0.53256  0.09264 -1.01767
   0.51299  0.09460 -1.04685
   0.49324  0.09646 -1.08903
   0.47351  0.09824 -1.15151
   0.45399  0.09986 -1.22581
   0.43475  0.10126 -1.29922
   0.41583  0.10239 -1.37357
   0.39714  0.10321 -1.43994
   0.37861  0.10371 -1.48591
   0.36010  0.10391 -1.52627
   0.34152  0.10385 -1.56551
   0.32276  0.10355 -1.60916
   0.30372  0.10304 -1.66371
   0.28430  0.10233 -1.75280
   0.26446  0.10135 -1.86871
   0.24443  0.10001 -1.99974
   0.22478  0.09822 -2.13397
   0.20619  0.09602 -2.26417
   0.18920  0.09349 -2.39211
   0.17385  0.09069 -2.50461
   0.15959  0.08751 -2.57945
   0.14555  0.08374 -2.53547
   0.13052  0.07906 -2.30618
   0.11504  0.07423 -2.19779
   0.10247  0.07080 -2.42064
   0.09326  0.06870 -3.38265
   0.08642  0.06689 -4.68077
   0.08119  0.06486 -5.64387
   0.07710  0.06248 -5.92070
   0.07385  0.05973 -5.20742
   0.07126  0.05666 -3.79335
   0.06911  0.05346 -2.60705
   0.06726  0.05027 -1.70278
   0.06561  0.04716 -1.02786
   0.06410  0.04420 -0.52097
   0.06267  0.04143 -0.14245
   0.06129  0.03886  0.14423
   0.05992  0.03652  0.35706
   0.05855  0.03444  0.51278
   0.05714  0.03262  0.62877
   0.05570  0.03107  0.70771
   0.05419  0.02981  0.76126
   0.05262  0.02885  0.79040
   0.05096  0.02820  0.79679
   0.04920  0.02788  0.77414
   0.04734  0.02787  0.70931
   0.04540  0.02812  0.60141
   0.04338  0.02856  0.44119
   0.04132  0.02915  0.21237
   0.03922  0.02982 -0.10906
   0.03709  0.03053 -0.55737
   0.03493  0.03123 -1.18109
   0.03277  0.03186 -2.03829
   0.03061  0.03237 -3.23626
   0.02846  0.03270 -4.82920
   0.02631  0.03276 -6.83990
   0.02420  0.03246 -8.60680
   0.02210  0.03170 -8.80753
   0.01998  0.03044 -7.88565
   0.01779  0.02865 -6.56249
   0.01546  0.02633 -5.29873
   0.01296  0.02355 -4.35108
   0.01032  0.02057 -4.10152
   0.00776  0.01764 -4.26428
   0.00550  0.01489 -4.58704
   0.00362  0.01233 -5.00070
   0.00213  0.00997 -5.45848
   0.00101  0.00775 -5.88721
   0.00025  0.00565 -6.15469
  -0.00017  0.00364 -6.12290
  -0.00024  0.00169 -5.62405
   0.00006 -0.00024 -4.53707
   0.00074 -0.00216 -3.12139
   0.00180 -0.00409 -1.90439
   0.00325 -0.00602 -0.95620
   0.00510 -0.00793 -0.25550
   0.00739 -0.00981  0.25108
   0.01020 -0.01156  0.60530
   0.01361 -0.01306  0.84126
   0.01771 -0.01409  0.96825
   0.02284 -0.01458  0.99998
   0.02948 -0.01471  0.98575
   0.03841 -0.01464  0.95051
   0.05015 -0.01430  0.90569
   0.06465 -0.01380  0.85733
   0.08153 -0.01325  0.80550
   0.09904 -0.01256  0.75305
   0.11636 -0.01144  0.72080
   0.13404 -0.00997  0.70191
   0.15247 -0.00842  0.68683
   0.17165 -0.00703  0.66449
   0.19133 -0.00576  0.64078
   0.21128 -0.00450  0.62054
   0.23134 -0.00322  0.60479
   0.25140 -0.00195  0.59175
   0.27138 -0.00071  0.58022
   0.29128  0.00048  0.57030
   0.31110  0.00159  0.56029
   0.33087  0.00262  0.55117
   0.35065  0.00357  0.54195
   0.37044  0.00444  0.53292
   0.39025  0.00522  0.52473
   0.41008  0.00593  0.51605
   0.42992  0.00656  0.50811
   0.44975  0.00710  0.50056
   0.46957  0.00755  0.49248
   0.48937  0.00791  0.48485
   0.50917  0.00819  0.47633
   0.52897  0.00837  0.46797
   0.54879  0.00847  0.45905
   0.56862  0.00849  0.44968
   0.58849  0.00843  0.44095
   0.60841  0.00831  0.43038
   0.62837  0.00812  0.41986
   0.64839  0.00790  0.40928
   0.66845  0.00765  0.39962
   0.68854  0.00740  0.39030
   0.70864  0.00716  0.38232
   0.72870  0.00693  0.37692
   0.74872  0.00669  0.37338
   0.76866  0.00642  0.36856
   0.78852  0.00609  0.36300
   0.80830  0.00567  0.35685
   0.82802  0.00517  0.34798
   0.84770  0.00461  0.33781
   0.86740  0.00400  0.32858
   0.88719  0.00336  0.31920
   0.90718  0.00272  0.31351
   0.92732  0.00206  0.30853
   0.94680  0.00137  0.30790
   0.96438  0.00066  0.30151
   0.97950 -0.00002  0.30216
   0.99240 -0.00065  0.30831
   1.00000 -0.00105  0.37899
