                                                
 Alfa =  10.00000 Re =  4000000.000 Xflap,Yflap =     0.000000    0.000000
#    x        y        Cp  
   1.00000  0.00000  0.20080
   0.99376 -0.00001  0.20330
   0.98163  0.00021  0.18485
   0.96856  0.00073  0.16084
   0.95509  0.00145  0.13814
   0.94160  0.00231  0.11485
   0.92812  0.00328  0.10069
   0.91460  0.00437  0.07971
   0.90106  0.00555  0.06068
   0.88751  0.00683  0.04199
   0.87395  0.00818  0.02066
   0.86038  0.00960  0.00067
   0.84678  0.01107 -0.02036
   0.83318  0.01259 -0.04192
   0.81956  0.01415 -0.06365
   0.80594  0.01575 -0.08533
   0.79232  0.01736 -0.10685
   0.77868  0.01901 -0.12976
   0.76503  0.02066 -0.15207
   0.75138  0.02233 -0.17538
   0.73772  0.02400 -0.19928
   0.72406  0.02567 -0.22249
   0.71041  0.02734 -0.24595
   0.69677  0.02899 -0.27306
   0.68313  0.03063 -0.29644
   0.66951  0.03224 -0.32222
   0.65590  0.03382 -0.34603
   0.64229  0.03537 -0.37135
   0.62868  0.03688 -0.39556
   0.61507  0.03835 -0.42037
   0.60146  0.03978 -0.44376
   0.58785  0.04117 -0.46916
   0.57425  0.04250 -0.49383
   0.56064  0.04379 -0.51801
   0.54703  0.04503 -0.54241
   0.53342  0.04621 -0.56496
   0.51981  0.04733 -0.58866
   0.50620  0.04841 -0.61491
   0.49258  0.04942 -0.63617
   0.47896  0.05038 -0.66194
   0.46533  0.05128 -0.68636
   0.45170  0.05213 -0.71189
   0.43807  0.05291 -0.73739
   0.42444  0.05364 -0.76435
   0.41081  0.05431 -0.79115
   0.39718  0.05491 -0.81955
   0.38355  0.05545 -0.84995
   0.36993  0.05593 -0.87898
   0.35630  0.05633 -0.91220
   0.34268  0.05666 -0.94515
   0.32907  0.05692 -0.97869
   0.31546  0.05709 -1.01597
   0.30186  0.05719 -1.05426
   0.28828  0.05719 -1.09450
   0.27470  0.05711 -1.13764
   0.26114  0.05692 -1.18125
   0.24760  0.05662 -1.22876
   0.23407  0.05621 -1.27844
   0.22056  0.05568 -1.33188
   0.20708  0.05502 -1.38811
   0.19363  0.05422 -1.44846
   0.18021  0.05327 -1.51420
   0.16684  0.05215 -1.58460
   0.15350  0.05087 -1.66129
   0.14023  0.04939 -1.74669
   0.12702  0.04771 -1.84050
   0.11390  0.04580 -1.94814
   0.10089  0.04364 -2.06902
   0.08801  0.04120 -2.21404
   0.07532  0.03844 -2.38135
   0.06290  0.03531 -2.58288
   0.05082  0.03177 -2.82167
   0.03918  0.02775 -3.12644
   0.02826  0.02322 -3.51584
   0.01864  0.01835 -4.04176
   0.01099  0.01347 -4.77005
   0.00593  0.00933 -5.64366
   0.00300  0.00623 -6.82080
   0.00137  0.00389 -7.93676
   0.00045  0.00201 -9.19555
   0.00003  0.00043-12.62720
   0.00020 -0.00101-11.73123
   0.00122 -0.00241 -3.90030
   0.00290 -0.00389 -1.39620
   0.00554 -0.00567 -0.06493
   0.01017 -0.00810  0.65576
   0.01840 -0.01127  0.96229
   0.02842 -0.01424  0.99821
   0.04013 -0.01701  0.95593
   0.05283 -0.01944  0.89224
   0.06561 -0.02144  0.82969
   0.07855 -0.02312  0.77242
   0.09170 -0.02454  0.72108
   0.10498 -0.02572  0.67600
   0.11830 -0.02668  0.63652
   0.13169 -0.02746  0.60223
   0.14514 -0.02808  0.57177
   0.15864 -0.02856  0.54475
   0.17217 -0.02892  0.52087
   0.18572 -0.02916  0.49957
   0.19930 -0.02931  0.48055
   0.21291 -0.02937  0.46367
   0.22654 -0.02935  0.44827
   0.24019 -0.02927  0.43391
   0.25385 -0.02912  0.42067
   0.26751 -0.02892  0.40875
   0.28119 -0.02868  0.39765
   0.29487 -0.02839  0.38795
   0.30856 -0.02805  0.37770
   0.32225 -0.02768  0.36937
   0.33596 -0.02728  0.36095
   0.34966 -0.02685  0.35309
   0.36337 -0.02639  0.34581
   0.37709 -0.02591  0.33950
   0.39081 -0.02540  0.33284
   0.40453 -0.02488  0.32644
   0.41826 -0.02434  0.32148
   0.43200 -0.02378  0.31561
   0.44573 -0.02322  0.30966
   0.45947 -0.02264  0.30592
   0.47321 -0.02205  0.30005
   0.48695 -0.02146  0.29565
   0.50070 -0.02086  0.29052
   0.51445 -0.02025  0.28697
   0.52820 -0.01964  0.28252
   0.54195 -0.01903  0.27798
   0.55571 -0.01842  0.27355
   0.56946 -0.01781  0.27028
   0.58322 -0.01719  0.26462
   0.59697 -0.01658  0.26209
   0.61072 -0.01597  0.25752
   0.62447 -0.01536  0.25353
   0.63822 -0.01475  0.24984
   0.65197 -0.01415  0.24564
   0.66572 -0.01355  0.24221
   0.67947 -0.01296  0.23770
   0.69322 -0.01236  0.23413
   0.70697 -0.01177  0.22964
   0.72072 -0.01119  0.22704
   0.73446 -0.01061  0.22323
   0.74821 -0.01004  0.21741
   0.76196 -0.00947  0.21548
   0.77571 -0.00891  0.21075
   0.78945 -0.00835  0.20711
   0.80320 -0.00780  0.20255
   0.81694 -0.00726  0.19935
   0.83068 -0.00672  0.19456
   0.84442 -0.00620  0.19073
   0.85817 -0.00568  0.18581
   0.87192 -0.00517  0.18054
   0.88566 -0.00466  0.17549
   0.89940 -0.00416  0.17006
   0.91316 -0.00367  0.16341
   0.92691 -0.00319  0.15834
   0.94065 -0.00269  0.15176
   0.95437 -0.00220  0.14582
   0.96808 -0.00167  0.13713
   0.98139 -0.00109  0.13277
   0.99370 -0.00040  0.15518
   1.00000  0.00000  0.20080
