                                                
 Alfa =  10.00000 Re =  4000000.000 Xflap,Yflap =     0.000000    0.000000
#    x        y        Cp  
   1.00000  0.00000  0.67820
   0.99348  0.00289  0.45579
   0.98272  0.00764  0.33447
   0.97062  0.01295  0.23953
   0.95706  0.01885  0.15349
   0.94215  0.02528  0.06633
   0.92639  0.03199 -0.02234
   0.91030  0.03867 -0.10905
   0.89416  0.04514 -0.18813
   0.87787  0.05138 -0.25337
   0.86129  0.05748 -0.31392
   0.84433  0.06349 -0.36969
   0.82694  0.06942 -0.42368
   0.80916  0.07529 -0.47696
   0.79112  0.08106 -0.53333
   0.77303  0.08669 -0.59534
   0.75506  0.09208 -0.65682
   0.73728  0.09722 -0.71824
   0.71966  0.10208 -0.77620
   0.70214  0.10668 -0.83047
   0.68455  0.11103 -0.87509
   0.66675  0.11521 -0.91289
   0.64862  0.11924 -0.94957
   0.63010  0.12317 -0.98526
   0.61122  0.12702 -1.02421
   0.59209  0.13078 -1.07185
   0.57292  0.13443 -1.13024
   0.55388  0.13791 -1.19503
   0.53507  0.14119 -1.26243
   0.51653  0.14423 -1.33100
   0.49821  0.14704 -1.39928
   0.48003  0.14960 -1.46328
   0.46193  0.15194 -1.52717
   0.44384  0.15407 -1.59198
   0.42573  0.15598 -1.65964
   0.40758  0.15770 -1.73254
   0.38940  0.15920 -1.81311
   0.37123  0.16048 -1.90427
   0.35312  0.16152 -2.00278
   0.33520  0.16229 -2.10821
   0.31761  0.16278 -2.22080
   0.30050  0.16297 -2.34443
   0.28402  0.16288 -2.49060
   0.26825  0.16248 -2.64635
   0.25321  0.16173 -2.80129
   0.23883  0.16063 -2.94831
   0.22505  0.15917 -3.08498
   0.21176  0.15732 -3.20236
   0.19887  0.15506 -3.29497
   0.18629  0.15238 -3.34049
   0.17393  0.14929 -3.36065
   0.16173  0.14578 -3.36419
   0.14963  0.14185 -3.35373
   0.13760  0.13750 -3.33389
   0.12566  0.13275 -3.30912
   0.11398  0.12769 -3.29116
   0.10282  0.12246 -3.29205
   0.09246  0.11727 -3.36244
   0.08305  0.11219 -3.46961
   0.07452  0.10711 -3.53021
   0.06667  0.10193 -3.48410
   0.05935  0.09664 -3.39500
   0.05253  0.09130 -3.29975
   0.04629  0.08608 -3.26131
   0.04070  0.08109 -3.27327
   0.03576  0.07634 -3.27967
   0.03144  0.07179 -3.25667
   0.02763  0.06741 -3.19980
   0.02429  0.06313 -3.06315
   0.02134  0.05892 -2.80223
   0.01865  0.05473 -2.51300
   0.01615  0.05059 -2.25128
   0.01377  0.04654 -2.05436
   0.01148  0.04263 -1.94966
   0.00931  0.03890 -1.95290
   0.00730  0.03538 -1.98382
   0.00550  0.03207 -2.02541
   0.00391  0.02895 -2.07287
   0.00252  0.02601 -2.11209
   0.00134  0.02321 -2.14925
   0.00035  0.02056 -2.17126
  -0.00046  0.01801 -2.18049
  -0.00108  0.01557 -2.15913
  -0.00152  0.01323 -2.11254
  -0.00178  0.01096 -2.01797
  -0.00186  0.00876 -1.88119
  -0.00175  0.00663 -1.69444
  -0.00145  0.00455 -1.44417
  -0.00095  0.00252 -1.15174
  -0.00023  0.00053 -0.81894
   0.00071 -0.00142 -0.46258
   0.00190 -0.00334 -0.13126
   0.00330 -0.00520  0.15511
   0.00494 -0.00699  0.39256
   0.00679 -0.00869  0.58605
   0.00887 -0.01026  0.73745
   0.01118 -0.01166  0.85139
   0.01373 -0.01284  0.93189
   0.01652 -0.01376  0.97870
   0.01960 -0.01445  0.99750
   0.02298 -0.01498  0.99930
   0.02670 -0.01543  0.99246
   0.03077 -0.01587  0.98065
   0.03526 -0.01631  0.96531
   0.04021 -0.01674  0.94714
   0.04569 -0.01717  0.92735
   0.05174 -0.01761  0.90501
   0.05843 -0.01805  0.88000
   0.06585 -0.01845  0.85234
   0.07410 -0.01873  0.82407
   0.08339 -0.01879  0.80142
   0.09407 -0.01863  0.78452
   0.10658 -0.01838  0.76686
   0.12105 -0.01818  0.74417
   0.13715 -0.01805  0.71974
   0.15432 -0.01799  0.69430
   0.17228 -0.01800  0.66852
   0.19100 -0.01801  0.64284
   0.21038 -0.01796  0.61999
   0.23028 -0.01782  0.60072
   0.25053 -0.01762  0.58379
   0.27100 -0.01737  0.56861
   0.29158 -0.01711  0.55477
   0.31224 -0.01686  0.54096
   0.33297 -0.01664  0.52711
   0.35377 -0.01643  0.51347
   0.37464 -0.01624  0.50049
   0.39557 -0.01604  0.48794
   0.41656 -0.01584  0.47653
   0.43758 -0.01563  0.46582
   0.45862 -0.01542  0.45548
   0.47967 -0.01520  0.44602
   0.50069 -0.01500  0.43624
   0.52169 -0.01479  0.42680
   0.54266 -0.01459  0.41736
   0.56358 -0.01438  0.40853
   0.58447 -0.01417  0.39991
   0.60534 -0.01394  0.39225
   0.62619 -0.01370  0.38566
   0.64701 -0.01347  0.37945
   0.66776 -0.01325  0.37270
   0.68834 -0.01308  0.36525
   0.70864 -0.01296  0.35514
   0.72855 -0.01287  0.34135
   0.74803 -0.01277  0.32802
   0.76714 -0.01260  0.31480
   0.78602 -0.01232  0.30463
   0.80485 -0.01187  0.29843
   0.82386 -0.01123  0.29929
   0.84323 -0.01042  0.30377
   0.86296 -0.00947  0.31021
   0.88284 -0.00843  0.31831
   0.90243 -0.00737  0.32507
   0.92118 -0.00634  0.32848
   0.93861 -0.00528  0.33596
   0.95445 -0.00418  0.35301
   0.96868 -0.00303  0.38199
   0.98144 -0.00188  0.42515
   0.99294 -0.00075  0.50012
   1.00000  0.00000  0.67820
