                                                
 Alfa =  10.00000 Re =  4000000.000 Xflap,Yflap =     0.000000    0.000000
#    x        y        Cp  
   1.00000  0.00000  0.35605
   0.99523  0.00085  0.19814
   0.98730  0.00220  0.10155
   0.97821  0.00368  0.05103
   0.96766  0.00528 -0.00256
   0.95537  0.00702 -0.04614
   0.94162  0.00877 -0.06654
   0.92805  0.01036 -0.08664
   0.91447  0.01187 -0.08921
   0.90049  0.01340 -0.09882
   0.88654  0.01496 -0.11189
   0.87284  0.01652 -0.13167
   0.85924  0.01810 -0.15437
   0.84563  0.01968 -0.17529
   0.83191  0.02127 -0.19691
   0.81805  0.02287 -0.21871
   0.80402  0.02446 -0.24148
   0.78985  0.02603 -0.25987
   0.77571  0.02756 -0.27648
   0.76161  0.02906 -0.29296
   0.74752  0.03053 -0.30701
   0.73340  0.03199 -0.32399
   0.71925  0.03345 -0.33929
   0.70505  0.03491 -0.35734
   0.69085  0.03638 -0.38343
   0.67668  0.03785 -0.40133
   0.66254  0.03930 -0.43095
   0.64841  0.04073 -0.45874
   0.63428  0.04213 -0.48533
   0.62015  0.04349 -0.51033
   0.60602  0.04479 -0.53963
   0.59186  0.04602 -0.56250
   0.57769  0.04718 -0.58016
   0.56349  0.04829 -0.60011
   0.54928  0.04935 -0.61910
   0.53505  0.05037 -0.63522
   0.52080  0.05136 -0.66189
   0.50654  0.05233 -0.68037
   0.49228  0.05328 -0.71224
   0.47804  0.05422 -0.74676
   0.46381  0.05512 -0.78885
   0.44960  0.05596 -0.82552
   0.43541  0.05673 -0.87148
   0.42125  0.05740 -0.91102
   0.40710  0.05797 -0.95379
   0.39298  0.05841 -0.99221
   0.37887  0.05872 -1.02418
   0.36477  0.05890 -1.05674
   0.35067  0.05895 -1.08790
   0.33657  0.05888 -1.11636
   0.32246  0.05869 -1.14900
   0.30833  0.05838 -1.17842
   0.29418  0.05795 -1.21514
   0.27999  0.05740 -1.25528
   0.26578  0.05672 -1.29557
   0.25154  0.05590 -1.34013
   0.23730  0.05493 -1.38369
   0.22309  0.05379 -1.43192
   0.20896  0.05249 -1.48039
   0.19495  0.05102 -1.53130
   0.18111  0.04938 -1.58920
   0.16741  0.04752 -1.64200
   0.15376  0.04541 -1.68687
   0.13998  0.04300 -1.70112
   0.12607  0.04033 -1.70237
   0.11238  0.03756 -1.72025
   0.09856  0.03472 -1.80086
   0.08513  0.03192 -2.00668
   0.07201  0.02890 -2.21333
   0.05892  0.02539 -2.33830
   0.04608  0.02152 -2.44235
   0.03593  0.01827 -2.57984
   0.02665  0.01537 -2.96767
   0.01699  0.01230 -4.62479
   0.00895  0.00863 -6.08614
   0.00538  0.00653 -7.64942
   0.00319  0.00496 -9.68357
   0.00170  0.00366-12.58693
   0.00071  0.00252-16.77905
   0.00012  0.00149-22.80580
  -0.00008  0.00055-27.77926
   0.00013 -0.00033-21.30339
   0.00077 -0.00115-10.36249
   0.00187 -0.00197 -4.45547
   0.00355 -0.00278 -1.55799
   0.00610 -0.00366 -0.08184
   0.01063 -0.00473  0.69335
   0.02019 -0.00594  0.98728
   0.03042 -0.00614  0.99082
   0.03987 -0.00600  0.95778
   0.05198 -0.00566  0.91126
   0.06487 -0.00525  0.86384
   0.07844 -0.00467  0.82107
   0.09194 -0.00391  0.79187
   0.10593 -0.00313  0.76634
   0.11997 -0.00246  0.74098
   0.13396 -0.00189  0.71711
   0.14813 -0.00138  0.69498
   0.16231 -0.00092  0.67568
   0.17644 -0.00050  0.65789
   0.19059 -0.00012  0.64228
   0.20480  0.00020  0.62705
   0.21906  0.00047  0.61188
   0.23335  0.00068  0.59856
   0.24762  0.00085  0.58405
   0.26190  0.00097  0.57201
   0.27618  0.00106  0.55896
   0.29047  0.00112  0.54781
   0.30474  0.00116  0.53715
   0.31900  0.00117  0.52750
   0.33324  0.00114  0.51952
   0.34746  0.00107  0.51043
   0.36166  0.00094  0.50342
   0.37585  0.00074  0.49438
   0.39003  0.00045  0.48452
   0.40420  0.00008  0.47414
   0.41837 -0.00038  0.46049
   0.43253 -0.00092  0.44611
   0.44670 -0.00151  0.43047
   0.46087 -0.00212  0.41472
   0.47506 -0.00273  0.39680
   0.48925 -0.00333  0.38570
   0.50346 -0.00388  0.36870
   0.51769 -0.00438  0.35827
   0.53193 -0.00484  0.35048
   0.54619 -0.00526  0.34024
   0.56046 -0.00566  0.33302
   0.57474 -0.00604  0.32507
   0.58902 -0.00641  0.31779
   0.60330 -0.00679  0.30780
   0.61757 -0.00717  0.29926
   0.63183 -0.00756  0.28505
   0.64607 -0.00794  0.27469
   0.66029 -0.00830  0.26509
   0.67451 -0.00864  0.24902
   0.68873 -0.00894  0.24065
   0.70296 -0.00920  0.22644
   0.71722 -0.00941  0.21790
   0.73150 -0.00956  0.20164
   0.74578 -0.00964  0.19740
   0.76005 -0.00963  0.18275
   0.77433 -0.00954  0.17397
   0.78859 -0.00934  0.17126
   0.80277 -0.00903  0.16421
   0.81681 -0.00861  0.16577
   0.83069 -0.00810  0.16831
   0.84443 -0.00751  0.17085
   0.85808 -0.00685  0.17794
   0.87172 -0.00614  0.18162
   0.88546 -0.00538  0.19025
   0.89947 -0.00458  0.19769
   0.91349 -0.00376  0.20960
   0.92707 -0.00298  0.21554
   0.94059 -0.00224  0.22712
   0.95447 -0.00156  0.23369
   0.96705 -0.00103  0.24048
   0.97783 -0.00063  0.24619
   0.98709 -0.00034  0.25691
   0.99516 -0.00012  0.28402
   1.00000  0.00000  0.35605
