                                                
 Alfa =  10.00000 Re =  4000000.000 Xflap,Yflap =     0.000000    0.000000
#    x        y        Cp  
   0.99998  0.00018  0.46164
   0.99444  0.00077  0.24989
   0.98525  0.00173  0.19415
   0.97480  0.00282  0.15344
   0.96287  0.00406  0.11778
   0.94943  0.00544  0.09035
   0.93525  0.00690  0.06571
   0.92126  0.00835  0.04734
   0.90707  0.00984  0.02955
   0.89279  0.01137  0.01303
   0.87867  0.01292 -0.00365
   0.86458  0.01453 -0.02062
   0.85041  0.01620 -0.04067
   0.83619  0.01794 -0.06025
   0.82193  0.01974 -0.08480
   0.80767  0.02159 -0.10853
   0.79342  0.02349 -0.13767
   0.77917  0.02542 -0.16828
   0.76493  0.02735 -0.20050
   0.75068  0.02928 -0.23235
   0.73643  0.03116 -0.26270
   0.72221  0.03299 -0.29166
   0.70799  0.03477 -0.31924
   0.69379  0.03649 -0.34626
   0.67958  0.03814 -0.36954
   0.66535  0.03973 -0.39381
   0.65111  0.04127 -0.41631
   0.63686  0.04275 -0.44015
   0.62261  0.04417 -0.46345
   0.60836  0.04553 -0.48848
   0.59412  0.04682 -0.50998
   0.57988  0.04805 -0.53173
   0.56562  0.04922 -0.55338
   0.55134  0.05033 -0.57434
   0.53704  0.05139 -0.59734
   0.52272  0.05239 -0.62105
   0.50841  0.05334 -0.64575
   0.49410  0.05423 -0.67324
   0.47983  0.05506 -0.70198
   0.46560  0.05581 -0.73270
   0.45140  0.05648 -0.76194
   0.43721  0.05706 -0.78833
   0.42301  0.05753 -0.81330
   0.40878  0.05792 -0.83720
   0.39454  0.05822 -0.86277
   0.38033  0.05843 -0.89097
   0.36616  0.05854 -0.92031
   0.35203  0.05855 -0.94556
   0.33790  0.05843 -0.96608
   0.32370  0.05821 -0.98060
   0.30942  0.05790 -0.99760
   0.29507  0.05753 -1.02039
   0.28071  0.05711 -1.05357
   0.26639  0.05663 -1.09381
   0.25214  0.05609 -1.13771
   0.23794  0.05546 -1.18274
   0.22378  0.05473 -1.23205
   0.20963  0.05390 -1.28515
   0.19550  0.05297 -1.34553
   0.18142  0.05192 -1.41687
   0.16741  0.05073 -1.49613
   0.15351  0.04939 -1.58419
   0.13973  0.04787 -1.68323
   0.12610  0.04614 -1.79489
   0.11265  0.04417 -1.91418
   0.09939  0.04191 -2.04012
   0.08636  0.03934 -2.17746
   0.07358  0.03643 -2.32524
   0.06108  0.03313 -2.48693
   0.04895  0.02946 -2.68610
   0.03738  0.02544 -2.97514
   0.02698  0.02124 -3.34726
   0.01836  0.01717 -3.94043
   0.01214  0.01365 -4.60651
   0.00800  0.01086 -5.33682
   0.00513  0.00857 -6.40057
   0.00303  0.00650 -7.43215
   0.00159  0.00467 -8.59552
   0.00065  0.00304 -9.74951
   0.00013  0.00153-10.61377
  -0.00000  0.00009-10.18199
   0.00026 -0.00133 -7.44196
   0.00092 -0.00279 -4.59122
   0.00201 -0.00432 -2.46558
   0.00363 -0.00599 -1.01487
   0.00596 -0.00780 -0.05858
   0.00911 -0.00967  0.52707
   0.01360 -0.01186  0.83496
   0.02027 -0.01446  0.97700
   0.02943 -0.01730  0.99695
   0.04054 -0.02010  0.95589
   0.05282 -0.02262  0.89563
   0.06563 -0.02482  0.83413
   0.07880 -0.02670  0.77785
   0.09231 -0.02830  0.72930
   0.10611 -0.02970  0.68684
   0.12010 -0.03094  0.64843
   0.13421 -0.03204  0.61463
   0.14837 -0.03302  0.58464
   0.16257 -0.03390  0.55754
   0.17680 -0.03470  0.53250
   0.19107 -0.03543  0.50984
   0.20538 -0.03609  0.48860
   0.21971 -0.03671  0.46857
   0.23406 -0.03727  0.44980
   0.24842 -0.03779  0.43240
   0.26278 -0.03826  0.41574
   0.27716 -0.03870  0.40027
   0.29155 -0.03910  0.38498
   0.30596 -0.03946  0.37108
   0.32036 -0.03980  0.35634
   0.33477 -0.04011  0.34352
   0.34918 -0.04039  0.32937
   0.36361 -0.04065  0.31754
   0.37806 -0.04088  0.30407
   0.39253 -0.04110  0.29154
   0.40699 -0.04130  0.27676
   0.42141 -0.04149  0.26119
   0.43577 -0.04163  0.24465
   0.45006 -0.04172  0.22918
   0.46430 -0.04172  0.21621
   0.47852 -0.04165  0.20492
   0.49274 -0.04149  0.19447
   0.50698 -0.04124  0.18628
   0.52123 -0.04092  0.17909
   0.53552 -0.04051  0.17328
   0.54981 -0.04005  0.16734
   0.56413 -0.03951  0.16231
   0.57844 -0.03892  0.15682
   0.59275 -0.03827  0.15218
   0.60707 -0.03757  0.14765
   0.62138 -0.03681  0.14395
   0.63570 -0.03599  0.14068
   0.65003 -0.03513  0.13680
   0.66437 -0.03422  0.13443
   0.67870 -0.03326  0.13074
   0.69303 -0.03226  0.12686
   0.70734 -0.03121  0.12539
   0.72163 -0.03011  0.12119
   0.73591 -0.02896  0.11980
   0.75016 -0.02775  0.11851
   0.76441 -0.02647  0.11883
   0.77866 -0.02513  0.12110
   0.79293 -0.02374  0.12383
   0.80724 -0.02230  0.12653
   0.82158 -0.02082  0.13137
   0.83595 -0.01931  0.13313
   0.85031 -0.01776  0.13799
   0.86461 -0.01619  0.14170
   0.87883 -0.01461  0.14646
   0.89303 -0.01302  0.15032
   0.90735 -0.01138  0.15646
   0.92150 -0.00975  0.16150
   0.93550 -0.00812  0.16818
   0.94966 -0.00643  0.17929
   0.96303 -0.00481  0.19192
   0.97490 -0.00335  0.21209
   0.98532 -0.00205  0.23540
   0.99447 -0.00089  0.27478
   1.00000 -0.00018  0.46164
