                                                
 Alfa =  10.00000 Re =  4000000.000 Xflap,Yflap =     0.000000    0.000000
#    x        y        Cp  
   0.99999  0.00122  0.22911
   0.99465  0.00178  0.11542
   0.98361  0.00292  0.06540
   0.97042  0.00422  0.02947
   0.95640  0.00558  0.00219
   0.94219  0.00697 -0.01910
   0.92794  0.00837 -0.04313
   0.91369  0.00976 -0.06709
   0.89943  0.01116 -0.08854
   0.88519  0.01256 -0.10642
   0.87094  0.01394 -0.12685
   0.85670  0.01531 -0.14471
   0.84246  0.01668 -0.16373
   0.82823  0.01802 -0.18028
   0.81400  0.01936 -0.19832
   0.79978  0.02067 -0.21361
   0.78555  0.02197 -0.23218
   0.77132  0.02326 -0.24721
   0.75709  0.02453 -0.26370
   0.74285  0.02578 -0.28089
   0.72861  0.02702 -0.29581
   0.71437  0.02825 -0.31372
   0.70013  0.02946 -0.32983
   0.68590  0.03066 -0.34763
   0.67167  0.03183 -0.36683
   0.65744  0.03299 -0.38007
   0.64321  0.03413 -0.40228
   0.62898  0.03525 -0.41976
   0.61476  0.03635 -0.43589
   0.60054  0.03743 -0.46018
   0.58633  0.03847 -0.47402
   0.57212  0.03950 -0.49978
   0.55792  0.04049 -0.51713
   0.54372  0.04146 -0.53893
   0.52953  0.04239 -0.55891
   0.51534  0.04330 -0.58281
   0.50115  0.04416 -0.60250
   0.48696  0.04500 -0.62799
   0.47279  0.04579 -0.64976
   0.45862  0.04654 -0.67482
   0.44445  0.04725 -0.69959
   0.43028  0.04793 -0.72404
   0.41612  0.04855 -0.75227
   0.40197  0.04913 -0.77966
   0.38782  0.04967 -0.80600
   0.37367  0.05015 -0.83790
   0.35954  0.05058 -0.86978
   0.34541  0.05095 -0.90166
   0.33130  0.05127 -0.93796
   0.31721  0.05153 -0.97292
   0.30312  0.05172 -1.01220
   0.28905  0.05184 -1.05540
   0.27501  0.05188 -1.09690
   0.26098  0.05185 -1.14458
   0.24698  0.05173 -1.19543
   0.23302  0.05152 -1.24906
   0.21909  0.05121 -1.30879
   0.20520  0.05079 -1.37112
   0.19136  0.05025 -1.44074
   0.17758  0.04958 -1.51549
   0.16387  0.04878 -1.60039
   0.15024  0.04781 -1.69224
   0.13671  0.04668 -1.79841
   0.12330  0.04535 -1.91230
   0.11005  0.04382 -2.04922
   0.09698  0.04205 -2.20152
   0.08416  0.04002 -2.38476
   0.07165  0.03769 -2.59633
   0.05955  0.03505 -2.85724
   0.04807  0.03209 -3.18143
   0.03749  0.02883 -3.60463
   0.02822  0.02537 -4.13206
   0.02056  0.02182 -4.70141
   0.01455  0.01835 -5.26288
   0.01005  0.01512 -5.79906
   0.00676  0.01219 -6.22043
   0.00438  0.00958 -6.57756
   0.00268  0.00725 -6.94364
   0.00149  0.00516 -7.21483
   0.00068  0.00328 -7.50080
   0.00019  0.00156 -7.98466
  -0.00000  0.00001 -8.77094
   0.00017 -0.00150 -8.91325
   0.00088 -0.00289 -6.83372
   0.00227 -0.00394 -2.24616
   0.00417 -0.00468 -0.31668
   0.00660 -0.00531  0.41268
   0.00979 -0.00590  0.77222
   0.01420 -0.00646  0.93985
   0.02054 -0.00701  0.99764
   0.02961 -0.00750  0.98663
   0.04128 -0.00783  0.94158
   0.05442 -0.00799  0.88965
   0.06820 -0.00801  0.84187
   0.08225 -0.00794  0.79999
   0.09643 -0.00783  0.76356
   0.11068 -0.00768  0.73158
   0.12498 -0.00751  0.70356
   0.13930 -0.00734  0.67847
   0.15362 -0.00717  0.65574
   0.16792 -0.00701  0.63496
   0.18222 -0.00686  0.61538
   0.19650 -0.00672  0.59841
   0.21071 -0.00662  0.58043
   0.22499 -0.00652  0.56366
   0.23931 -0.00642  0.54781
   0.25365 -0.00632  0.53391
   0.26798 -0.00622  0.52033
   0.28230 -0.00612  0.50707
   0.29662 -0.00602  0.49578
   0.31096 -0.00592  0.48352
   0.32529 -0.00582  0.47257
   0.33961 -0.00572  0.46222
   0.35394 -0.00562  0.45154
   0.36828 -0.00552  0.44235
   0.38262 -0.00542  0.43262
   0.39697 -0.00532  0.42383
   0.41131 -0.00522  0.41408
   0.42565 -0.00512  0.40705
   0.43999 -0.00502  0.39788
   0.45433 -0.00492  0.39037
   0.46867 -0.00482  0.38180
   0.48299 -0.00472  0.37515
   0.49731 -0.00462  0.36750
   0.51165 -0.00452  0.36010
   0.52599 -0.00442  0.35413
   0.54032 -0.00432  0.34528
   0.55464 -0.00422  0.34093
   0.56897 -0.00411  0.33294
   0.58331 -0.00402  0.32734
   0.59766 -0.00391  0.32036
   0.61201 -0.00381  0.31413
   0.62634 -0.00372  0.30678
   0.64067 -0.00361  0.30350
   0.65500 -0.00351  0.29569
   0.66933 -0.00341  0.29098
   0.68368 -0.00331  0.28541
   0.69802 -0.00321  0.27720
   0.71236 -0.00311  0.27411
   0.72668 -0.00301  0.26796
   0.74101 -0.00291  0.26070
   0.75535 -0.00281  0.25773
   0.76969 -0.00271  0.25112
   0.78404 -0.00261  0.24594
   0.79837 -0.00251  0.24065
   0.81269 -0.00241  0.23592
   0.82699 -0.00231  0.22924
   0.84130 -0.00221  0.22401
   0.85562 -0.00211  0.22057
   0.86994 -0.00201  0.21198
   0.88426 -0.00191  0.20943
   0.89860 -0.00181  0.20239
   0.91294 -0.00171  0.19780
   0.92729 -0.00161  0.19401
   0.94162 -0.00151  0.18917
   0.95592 -0.00141  0.18363
   0.97006 -0.00131  0.17958
   0.98343 -0.00121  0.17932
   0.99462 -0.00114  0.18710
   1.00001 -0.00110  0.22911
