                                                
 Alfa =  10.00000 Re =  4000000.000 Xflap,Yflap =     0.000000    0.000000
#    x        y        Cp  
   1.00000 -0.00670  0.18536
   0.99401 -0.00520  0.04422
   0.98350 -0.00262 -0.05014
   0.97134  0.00011 -0.10659
   0.95770  0.00297 -0.15883
   0.94334  0.00577 -0.18233
   0.92869  0.00854 -0.22750
   0.91391  0.01120 -0.26176
   0.89902  0.01377 -0.28855
   0.88391  0.01628 -0.32212
   0.86846  0.01875 -0.34775
   0.85327  0.02111 -0.38400
   0.83827  0.02335 -0.41904
   0.82332  0.02544 -0.44431
   0.80831  0.02742 -0.46239
   0.79311  0.02933 -0.48562
   0.77759  0.03119 -0.50776
   0.76236  0.03294 -0.53499
   0.74732  0.03458 -0.56307
   0.73230  0.03608 -0.58374
   0.71721  0.03745 -0.59612
   0.70185  0.03876 -0.60624
   0.68606  0.04002 -0.62821
   0.67031  0.04118 -0.63514
   0.65449  0.04230 -0.66768
   0.63899  0.04326 -0.67738
   0.62346  0.04413 -0.69155
   0.60749  0.04493 -0.68336
   0.59151  0.04573 -0.73005
   0.57553  0.04638 -0.71592
   0.55935  0.04703 -0.74328
   0.54339  0.04760 -0.76777
   0.52720  0.04808 -0.76152
   0.51106  0.04857 -0.81314
   0.49487  0.04890 -0.79861
   0.47832  0.04923 -0.81654
   0.46203  0.04957 -0.87040
   0.44594  0.04974 -0.86224
   0.42969  0.04990 -0.89428
   0.41371  0.05001 -0.92856
   0.39751  0.05000 -0.92502
   0.38135  0.05001 -0.98731
   0.36516  0.04985 -0.97847
   0.34862  0.04969 -1.00532
   0.33232  0.04953 -1.07301
   0.31622  0.04922 -1.07534
   0.29998  0.04890 -1.12256
   0.28401  0.04853 -1.17631
   0.26791  0.04804 -1.21107
   0.25198  0.04748 -1.25698
   0.23593  0.04684 -1.31625
   0.22008  0.04610 -1.35437
   0.20428  0.04532 -1.44220
   0.18892  0.04444 -1.50205
   0.17372  0.04346 -1.58236
   0.15845  0.04239 -1.70395
   0.14317  0.04109 -1.76077
   0.12785  0.03970 -1.92032
   0.11270  0.03810 -2.00951
   0.09782  0.03645 -2.25513
   0.08377  0.03464 -2.47094
   0.07055  0.03269 -2.75059
   0.05880  0.03068 -3.05707
   0.04865  0.02873 -3.46949
   0.04020  0.02685 -3.95352
   0.03317  0.02502 -4.44681
   0.02730  0.02326 -5.00958
   0.02238  0.02154 -5.63098
   0.01821  0.01984 -6.25948
   0.01462  0.01814 -6.91693
   0.01153  0.01644 -7.58065
   0.00886  0.01475 -8.53202
   0.00658  0.01305 -9.74607
   0.00469  0.01128-10.61976
   0.00315  0.00942-10.91015
   0.00194  0.00749-10.78408
   0.00105  0.00554-10.25767
   0.00045  0.00362 -9.60875
   0.00010  0.00172 -8.82371
   0.00000 -0.00015 -7.86494
   0.00014 -0.00202 -6.68807
   0.00052 -0.00392 -5.48617
   0.00117 -0.00586 -4.31988
   0.00212 -0.00781 -3.21407
   0.00339 -0.00974 -2.17584
   0.00500 -0.01160 -1.26590
   0.00696 -0.01335 -0.49687
   0.00931 -0.01506  0.06277
   0.01207 -0.01675  0.42306
   0.01526 -0.01846  0.66152
   0.01896 -0.02016  0.82165
   0.02327 -0.02187  0.92222
   0.02836 -0.02360  0.97745
   0.03445 -0.02538  0.99885
   0.04174 -0.02721  0.99498
   0.05051 -0.02910  0.97282
   0.06098 -0.03108  0.93800
   0.07296 -0.03306  0.89574
   0.08625 -0.03500  0.84937
   0.10009 -0.03671  0.81007
   0.11463 -0.03842  0.76475
   0.12966 -0.03997  0.72558
   0.14491 -0.04135  0.69128
   0.16021 -0.04262  0.65486
   0.17562 -0.04370  0.62678
   0.19116 -0.04467  0.60321
   0.20686 -0.04562  0.57101
   0.22233 -0.04642  0.54864
   0.23788 -0.04712  0.52687
   0.25379 -0.04776  0.50346
   0.26968 -0.04829  0.48636
   0.28574 -0.04878  0.46123
   0.30171 -0.04913  0.44992
   0.31778 -0.04946  0.42326
   0.33378 -0.04963  0.41690
   0.34982 -0.04980  0.38987
   0.36586 -0.04980  0.38645
   0.38185 -0.04979  0.36059
   0.39788 -0.04962  0.35764
   0.41378 -0.04943  0.33523
   0.42964 -0.04911  0.33016
   0.44509 -0.04875  0.31150
   0.46023 -0.04829  0.29840
   0.47521 -0.04770  0.29068
   0.49011 -0.04699  0.28471
   0.50501 -0.04621  0.27447
   0.51998 -0.04530  0.26485
   0.53509 -0.04425  0.26095
   0.55034 -0.04307  0.24697
   0.56568 -0.04165  0.24670
   0.58091 -0.04000  0.26246
   0.59603 -0.03828  0.26493
   0.61125 -0.03644  0.26774
   0.62677 -0.03442  0.28601
   0.64227 -0.03239  0.28201
   0.65766 -0.03023  0.29060
   0.67326 -0.02791  0.31167
   0.68916 -0.02553  0.31141
   0.70526 -0.02296  0.33825
   0.72193 -0.02029  0.35246
   0.73878 -0.01760  0.36955
   0.75540 -0.01494  0.38621
   0.77141 -0.01238  0.41365
   0.78713 -0.01004  0.42158
   0.80230 -0.00778  0.45891
   0.81756 -0.00588  0.46255
   0.83291 -0.00420  0.47415
   0.84821 -0.00276  0.48478
   0.86313 -0.00159  0.49948
   0.87789 -0.00079  0.50564
   0.89221 -0.00036  0.51328
   0.90635 -0.00034  0.51189
   0.92030 -0.00071  0.50873
   0.93388 -0.00148  0.50552
   0.94737 -0.00272  0.48120
   0.96050 -0.00426  0.46155
   0.97280 -0.00604  0.44363
   0.98406 -0.00808  0.40116
   0.99409 -0.01020  0.35133
   1.00000 -0.01160  0.18536
