                                                
 Alfa =  10.00000 Re =  4000000.000 Xflap,Yflap =     0.000000    0.000000
#    x        y        Cp  
   1.00000  0.00000  0.26828
   0.99420  0.00101  0.20420
   0.98331  0.00307  0.11152
   0.97039  0.00561  0.03751
   0.95659  0.00828 -0.02407
   0.94257  0.01089 -0.06699
   0.92833  0.01344 -0.09812
   0.91392  0.01595 -0.12584
   0.89944  0.01843 -0.15479
   0.88494  0.02087 -0.18166
   0.87041  0.02328 -0.20836
   0.85588  0.02567 -0.23607
   0.84136  0.02802 -0.26343
   0.82684  0.03033 -0.29079
   0.81234  0.03260 -0.31659
   0.79783  0.03483 -0.34358
   0.78332  0.03702 -0.37026
   0.76881  0.03915 -0.39737
   0.75432  0.04124 -0.42444
   0.73985  0.04327 -0.45198
   0.72538  0.04524 -0.47744
   0.71092  0.04715 -0.50443
   0.69645  0.04899 -0.52846
   0.68197  0.05077 -0.55556
   0.66750  0.05248 -0.58048
   0.65302  0.05412 -0.60441
   0.63854  0.05570 -0.63095
   0.62406  0.05721 -0.65514
   0.60958  0.05864 -0.68128
   0.59510  0.06000 -0.70528
   0.58062  0.06129 -0.73086
   0.56614  0.06250 -0.75505
   0.55166  0.06363 -0.77910
   0.53716  0.06468 -0.80373
   0.52267  0.06566 -0.82828
   0.50816  0.06656 -0.85318
   0.49365  0.06738 -0.87836
   0.47915  0.06812 -0.90468
   0.46466  0.06879 -0.93148
   0.45017  0.06937 -0.95814
   0.43569  0.06986 -0.98474
   0.42120  0.07027 -1.01254
   0.40671  0.07059 -1.04066
   0.39223  0.07082 -1.06883
   0.37775  0.07097 -1.09992
   0.36329  0.07102 -1.13072
   0.34883  0.07099 -1.16304
   0.33438  0.07085 -1.19602
   0.31994  0.07062 -1.23132
   0.30551  0.07029 -1.26819
   0.29111  0.06986 -1.30886
   0.27674  0.06932 -1.35033
   0.26240  0.06867 -1.39622
   0.24809  0.06790 -1.44281
   0.23381  0.06700 -1.49325
   0.21956  0.06598 -1.54770
   0.20536  0.06482 -1.60906
   0.19124  0.06352 -1.67549
   0.17720  0.06207 -1.74811
   0.16323  0.06044 -1.82726
   0.14937  0.05864 -1.91455
   0.13564  0.05664 -2.01519
   0.12206  0.05443 -2.12589
   0.10867  0.05199 -2.25478
   0.09551  0.04930 -2.40229
   0.08266  0.04635 -2.57705
   0.07028  0.04312 -2.79240
   0.05851  0.03961 -3.03246
   0.04750  0.03580 -3.30308
   0.03749  0.03178 -3.60493
   0.02875  0.02768 -3.94438
   0.02151  0.02373 -4.33780
   0.01579  0.02008 -4.78022
   0.01143  0.01681 -5.20173
   0.00813  0.01391 -5.64546
   0.00562  0.01131 -6.01065
   0.00368  0.00892 -6.41083
   0.00219  0.00672 -7.01047
   0.00113  0.00470 -7.52402
   0.00044  0.00283 -7.76643
   0.00008  0.00113 -8.06405
   0.00002 -0.00047 -7.80935
   0.00030 -0.00204 -6.38004
   0.00093 -0.00363 -4.82796
   0.00202 -0.00520 -2.97329
   0.00367 -0.00669 -1.22799
   0.00595 -0.00812 -0.10195
   0.00886 -0.00953  0.46666
   0.01241 -0.01101  0.75013
   0.01682 -0.01252  0.91206
   0.02241 -0.01402  0.98663
   0.02961 -0.01543  0.99810
   0.03877 -0.01669  0.96899
   0.04983 -0.01772  0.92058
   0.06224 -0.01846  0.86887
   0.07550 -0.01893  0.82024
   0.08929 -0.01918  0.77737
   0.10342 -0.01925  0.73999
   0.11776 -0.01919  0.70758
   0.13222 -0.01902  0.67880
   0.14676 -0.01877  0.65322
   0.16135 -0.01845  0.63061
   0.17598 -0.01807  0.61035
   0.19065 -0.01765  0.59172
   0.20535 -0.01718  0.57516
   0.22007 -0.01668  0.55983
   0.23480 -0.01615  0.54562
   0.24955 -0.01559  0.53311
   0.26431 -0.01502  0.52076
   0.27908 -0.01442  0.50997
   0.29387 -0.01380  0.49981
   0.30866 -0.01318  0.49014
   0.32347 -0.01254  0.48133
   0.33829 -0.01189  0.47288
   0.35311 -0.01124  0.46494
   0.36793 -0.01058  0.45752
   0.38276 -0.00992  0.45038
   0.39759 -0.00926  0.44360
   0.41241 -0.00859  0.43773
   0.42724 -0.00793  0.43166
   0.44206 -0.00726  0.42671
   0.45689 -0.00660  0.42093
   0.47170 -0.00594  0.41641
   0.48652 -0.00530  0.41136
   0.50132 -0.00466  0.40704
   0.51612 -0.00403  0.40288
   0.53091 -0.00341  0.39914
   0.54569 -0.00281  0.39482
   0.56047 -0.00222  0.39134
   0.57524 -0.00166  0.38697
   0.59000 -0.00111  0.38384
   0.60477 -0.00058  0.37994
   0.61953 -0.00007  0.37666
   0.63429  0.00042  0.37271
   0.64905  0.00089  0.36982
   0.66380  0.00134  0.36659
   0.67855  0.00176  0.36248
   0.69330  0.00215  0.36021
   0.70804  0.00252  0.35670
   0.72277  0.00286  0.35377
   0.73750  0.00318  0.35106
   0.75221  0.00346  0.34805
   0.76692  0.00370  0.34457
   0.78162  0.00391  0.34199
   0.79632  0.00408  0.33918
   0.81101  0.00422  0.33569
   0.82569  0.00431  0.33282
   0.84035  0.00435  0.32941
   0.85500  0.00435  0.32648
   0.86962  0.00430  0.32386
   0.88422  0.00419  0.31971
   0.89880  0.00402  0.31689
   0.91335  0.00378  0.31363
   0.92784  0.00346  0.30827
   0.94222  0.00305  0.30449
   0.95645  0.00255  0.29901
   0.97032  0.00195  0.29654
   0.98320  0.00125  0.29189
   0.99414  0.00050  0.30200
   1.00000  0.00000  0.26828
