                                                
 Alfa =  10.00000 Re =  4000000.000 Xflap,Yflap =     0.000000    0.000000
#    x        y        Cp  
   1.00000  0.00160  0.47228
   0.99364  0.00377  0.29369
   0.98314  0.00736  0.21124
   0.97132  0.01144  0.13929
   0.95806  0.01605  0.07185
   0.94351  0.02115 -0.00143
   0.92820  0.02652 -0.08137
   0.91275  0.03187 -0.16255
   0.89744  0.03700 -0.23603
   0.88223  0.04187 -0.29303
   0.86696  0.04654 -0.34147
   0.85151  0.05107 -0.38502
   0.83578  0.05551 -0.42425
   0.81972  0.05988 -0.46193
   0.80332  0.06422 -0.49839
   0.78663  0.06852 -0.53896
   0.76974  0.07277 -0.58125
   0.75275  0.07695 -0.62557
   0.73573  0.08102 -0.67097
   0.71876  0.08499 -0.71796
   0.70186  0.08884 -0.76825
   0.68508  0.09257 -0.82271
   0.66843  0.09615 -0.88154
   0.65189  0.09958 -0.94108
   0.63548  0.10283 -1.00265
   0.61919  0.10589 -1.06323
   0.60298  0.10875 -1.12278
   0.58686  0.11139 -1.17834
   0.57079  0.11381 -1.23026
   0.55476  0.11602 -1.28010
   0.53874  0.11802 -1.32733
   0.52271  0.11981 -1.37350
   0.50663  0.12140 -1.41719
   0.49047  0.12277 -1.45739
   0.47418  0.12394 -1.49482
   0.45775  0.12491 -1.53052
   0.44118  0.12570 -1.56781
   0.42451  0.12629 -1.60663
   0.40780  0.12671 -1.65021
   0.39117  0.12696 -1.70514
   0.37472  0.12704 -1.77347
   0.35855  0.12691 -1.84746
   0.34267  0.12656 -1.92142
   0.32709  0.12595 -1.99551
   0.31176  0.12508 -2.06379
   0.29661  0.12391 -2.12318
   0.28155  0.12242 -2.16484
   0.26651  0.12060 -2.19834
   0.25143  0.11847 -2.22446
   0.23629  0.11601 -2.24953
   0.22113  0.11324 -2.27136
   0.20598  0.11017 -2.29710
   0.19094  0.10683 -2.32924
   0.17613  0.10325 -2.37182
   0.16160  0.09942 -2.41812
   0.14735  0.09533 -2.46702
   0.13334  0.09098 -2.51852
   0.11962  0.08637 -2.57754
   0.10637  0.08156 -2.64742
   0.09385  0.07668 -2.75802
   0.08232  0.07181 -2.90964
   0.07194  0.06700 -3.05915
   0.06271  0.06226 -3.19619
   0.05453  0.05754 -3.28096
   0.04720  0.05279 -3.26528
   0.04056  0.04799 -3.12766
   0.03454  0.04327 -2.99807
   0.02915  0.03881 -2.90822
   0.02436  0.03472 -2.90749
   0.02016  0.03104 -3.05378
   0.01650  0.02768 -3.23294
   0.01332  0.02458 -3.40045
   0.01058  0.02171 -3.60486
   0.00823  0.01906 -3.84935
   0.00626  0.01660 -4.09531
   0.00461  0.01430 -4.32348
   0.00325  0.01212 -4.52615
   0.00215  0.01005 -4.68697
   0.00129  0.00805 -4.78546
   0.00064  0.00611 -4.78379
   0.00020  0.00422 -4.66330
  -0.00002  0.00236 -4.40612
  -0.00004  0.00051 -3.96377
   0.00017 -0.00132 -3.33456
   0.00059 -0.00316 -2.64293
   0.00122 -0.00500 -1.99596
   0.00205 -0.00683 -1.40327
   0.00309 -0.00866 -0.89272
   0.00434 -0.01047 -0.45462
   0.00581 -0.01225 -0.08377
   0.00752 -0.01398  0.22572
   0.00950 -0.01563  0.47728
   0.01176 -0.01715  0.67926
   0.01433 -0.01847  0.83460
   0.01726 -0.01953  0.93556
   0.02061 -0.02037  0.98487
   0.02443 -0.02104  0.99965
   0.02877 -0.02168  0.99573
   0.03369 -0.02234  0.98033
   0.03921 -0.02298  0.95561
   0.04534 -0.02352  0.92359
   0.05210 -0.02387  0.88747
   0.05966 -0.02393  0.85259
   0.06834 -0.02366  0.82116
   0.07856 -0.02301  0.79318
   0.09067 -0.02199  0.76829
   0.10469 -0.02064  0.74640
   0.12027 -0.01910  0.72459
   0.13673 -0.01749  0.70515
   0.15346 -0.01589  0.68795
   0.17036 -0.01436  0.67131
   0.18751 -0.01288  0.65602
   0.20490 -0.01143  0.64196
   0.22245 -0.01003  0.62977
   0.24003 -0.00868  0.61874
   0.25756 -0.00741  0.60863
   0.27500 -0.00623  0.59929
   0.29234 -0.00514  0.59021
   0.30961 -0.00415  0.58108
   0.32686 -0.00324  0.57151
   0.34414 -0.00242  0.56219
   0.36149 -0.00167  0.55244
   0.37892 -0.00099  0.54313
   0.39647 -0.00036  0.53365
   0.41413  0.00022  0.52416
   0.43190  0.00077  0.51504
   0.44974  0.00129  0.50622
   0.46765  0.00179  0.49759
   0.48556  0.00229  0.49045
   0.50342  0.00280  0.48431
   0.52116  0.00331  0.48091
   0.53875  0.00380  0.47835
   0.55618  0.00425  0.47593
   0.57345  0.00463  0.47353
   0.59063  0.00493  0.47064
   0.60777  0.00511  0.46542
   0.62497  0.00518  0.45832
   0.64229  0.00516  0.44952
   0.65978  0.00507  0.44091
   0.67744  0.00492  0.43109
   0.69528  0.00473  0.42236
   0.71322  0.00453  0.41433
   0.73120  0.00432  0.40831
   0.74914  0.00410  0.40200
   0.76703  0.00385  0.39602
   0.78483  0.00358  0.39075
   0.80256  0.00327  0.38462
   0.82024  0.00293  0.37707
   0.83789  0.00257  0.37088
   0.85551  0.00221  0.36331
   0.87308  0.00185  0.35863
   0.89054  0.00152  0.35482
   0.90784  0.00123  0.35608
   0.92482  0.00096  0.36215
   0.94114  0.00065  0.36852
   0.95631  0.00025  0.37366
   0.97004 -0.00022  0.37634
   0.98232 -0.00072  0.38226
   0.99330 -0.00125  0.39884
   1.00000 -0.00160  0.47228
