                                                
 Alfa =  10.00000 Re =  4000000.000 Xflap,Yflap =     0.000000    0.000000
#    x        y        Cp  
   1.00000  0.00000  0.37206
   0.97800  0.00242  0.21312
   0.94092  0.00748  0.03177
   0.91878  0.01039 -0.00393
   0.90139  0.01263 -0.03620
   0.88636  0.01454 -0.06048
   0.87278  0.01623 -0.08100
   0.86020  0.01777 -0.09900
   0.84836  0.01921 -0.11558
   0.83708  0.02056 -0.13020
   0.82624  0.02184 -0.14441
   0.81575  0.02307 -0.15752
   0.80555  0.02425 -0.17004
   0.79558  0.02539 -0.18163
   0.78580  0.02650 -0.19380
   0.77617  0.02758 -0.20420
   0.76667  0.02864 -0.21572
   0.75727  0.02967 -0.22601
   0.74795  0.03070 -0.23664
   0.73868  0.03170 -0.24675
   0.72944  0.03269 -0.25756
   0.72023  0.03368 -0.26740
   0.71102  0.03465 -0.27752
   0.70180  0.03562 -0.28765
   0.69256  0.03658 -0.29752
   0.68327  0.03754 -0.30799
   0.67392  0.03850 -0.31798
   0.66450  0.03946 -0.32877
   0.65499  0.04042 -0.33878
   0.64537  0.04138 -0.34994
   0.63563  0.04235 -0.36023
   0.62574  0.04333 -0.37199
   0.61570  0.04431 -0.38318
   0.60546  0.04531 -0.39486
   0.59501  0.04632 -0.40707
   0.58431  0.04735 -0.41995
   0.57334  0.04840 -0.43290
   0.56206  0.04947 -0.44697
   0.55042  0.05057 -0.46184
   0.53837  0.05170 -0.47698
   0.52584  0.05287 -0.49374
   0.51276  0.05408 -0.51164
   0.49904  0.05535 -0.53093
   0.48454  0.05667 -0.55243
   0.46911  0.05808 -0.57634
   0.45254  0.05959 -0.60331
   0.43453  0.06121 -0.63441
   0.41464  0.06300 -0.67201
   0.39220  0.06502 -0.71793
   0.36610  0.06735 -0.77866
   0.33428  0.07020 -0.86582
   0.29250  0.07396 -1.00754
   0.23656  0.07904 -1.33915
   0.18841  0.08271 -1.95024
   0.15021  0.08316 -2.54339
   0.11877  0.08060 -2.99463
   0.09269  0.07588 -3.32222
   0.07135  0.06988 -3.67457
   0.05406  0.06301 -3.92482
   0.04002  0.05556 -4.05837
   0.02881  0.04785 -4.19732
   0.02006  0.03991 -3.99522
   0.01319  0.03172 -3.41935
   0.00776  0.02366 -3.06863
   0.00375  0.01614 -2.91218
   0.00121  0.00916 -2.63928
   0.00006  0.00252 -2.12223
   0.00037 -0.00403 -1.18882
   0.00216 -0.01073 -0.26503
   0.00544 -0.01776  0.37709
   0.01032 -0.02514  0.76311
   0.01681 -0.03257  0.95187
   0.02505 -0.03974  0.99964
   0.03539 -0.04665  0.95064
   0.04828 -0.05334  0.84456
   0.06414 -0.05964  0.70824
   0.08357 -0.06528  0.56183
   0.10732 -0.06978  0.41836
   0.13610 -0.07226  0.31700
   0.17152 -0.07186  0.29265
   0.21620 -0.06848  0.32429
   0.27171 -0.06363  0.32179
   0.31583 -0.05988  0.30611
   0.34633 -0.05729  0.29753
   0.37001 -0.05527  0.29082
   0.38970 -0.05359  0.28531
   0.40677 -0.05212  0.28098
   0.42198 -0.05082  0.27689
   0.43579 -0.04964  0.27351
   0.44850 -0.04854  0.27042
   0.46034 -0.04752  0.26767
   0.47146 -0.04657  0.26503
   0.48197 -0.04566  0.26259
   0.49197 -0.04480  0.26032
   0.50152 -0.04398  0.25822
   0.51068 -0.04318  0.25659
   0.51950 -0.04242  0.25441
   0.52802 -0.04169  0.25289
   0.53627 -0.04097  0.25094
   0.54428 -0.04028  0.24980
   0.55208 -0.03960  0.24795
   0.55967 -0.03894  0.24678
   0.56709 -0.03830  0.24512
   0.57434 -0.03767  0.24378
   0.58145 -0.03705  0.24273
   0.58842 -0.03645  0.24144
   0.59527 -0.03585  0.24026
   0.60201 -0.03526  0.23897
   0.60863 -0.03469  0.23795
   0.61517 -0.03412  0.23680
   0.62161 -0.03356  0.23616
   0.62797 -0.03300  0.23486
   0.63426 -0.03245  0.23371
   0.64048 -0.03191  0.23292
   0.64664 -0.03137  0.23204
   0.65274 -0.03084  0.23114
   0.65879 -0.03031  0.22994
   0.66479 -0.02978  0.23013
   0.67076 -0.02926  0.22818
   0.67668 -0.02874  0.22809
   0.68257 -0.02823  0.22705
   0.68844 -0.02771  0.22634
   0.69428 -0.02720  0.22566
   0.70009 -0.02669  0.22464
   0.70590 -0.02618  0.22466
   0.71169 -0.02568  0.22336
   0.71747 -0.02517  0.22305
   0.72325 -0.02466  0.22195
   0.72903 -0.02415  0.22197
   0.73482 -0.02364  0.22127
   0.74062 -0.02313  0.22056
   0.74643 -0.02262  0.21994
   0.75226 -0.02211  0.21987
   0.75811 -0.02159  0.21905
   0.76400 -0.02107  0.21868
   0.76992 -0.02055  0.21813
   0.77588 -0.02002  0.21791
   0.78190 -0.01949  0.21709
   0.78797 -0.01895  0.21761
   0.79410 -0.01841  0.21686
   0.80031 -0.01786  0.21610
   0.80661 -0.01730  0.21656
   0.81300 -0.01674  0.21609
   0.81951 -0.01616  0.21593
   0.82614 -0.01557  0.21592
   0.83292 -0.01497  0.21596
   0.83987 -0.01436  0.21554
   0.84701 -0.01372  0.21644
   0.85439 -0.01307  0.21613
   0.86204 -0.01238  0.21675
   0.87002 -0.01168  0.21724
   0.87840 -0.01093  0.21819
   0.88730 -0.01013  0.21906
   0.89687 -0.00928  0.22066
   0.90736 -0.00835  0.22263
   0.91921 -0.00729  0.22548
   0.93340 -0.00602  0.23177
   0.95311 -0.00425  0.23631
   0.98600 -0.00129  0.39747
   0.99890 -0.00101  0.37206
