                                                
 Alfa =  10.00000 Re =  4000000.000 Xflap,Yflap =     0.000000    0.000000
#    x        y        Cp  
   1.00000  0.00000  0.39378
   0.99262  0.00153  0.29155
   0.98061  0.00407  0.23588
   0.96732  0.00697  0.19246
   0.95261  0.01029  0.15325
   0.93653  0.01404  0.11400
   0.91930  0.01819  0.07266
   0.90122  0.02267  0.02985
   0.88248  0.02743 -0.01513
   0.86314  0.03244 -0.06231
   0.84332  0.03764 -0.11174
   0.82313  0.04299 -0.16278
   0.80274  0.04842 -0.21685
   0.78233  0.05387 -0.27452
   0.76202  0.05926 -0.33468
   0.74187  0.06457 -0.39555
   0.72186  0.06974 -0.45660
   0.70200  0.07478 -0.51891
   0.68231  0.07967 -0.58349
   0.66282  0.08437 -0.64954
   0.64350  0.08888 -0.71609
   0.62434  0.09319 -0.78318
   0.60532  0.09728 -0.85076
   0.58642  0.10117 -0.92098
   0.56767  0.10482 -0.99218
   0.54909  0.10823 -1.06587
   0.53072  0.11138 -1.14123
   0.51256  0.11426 -1.21810
   0.49459  0.11685 -1.29396
   0.47672  0.11917 -1.36980
   0.45901  0.12121 -1.44823
   0.44161  0.12294 -1.53856
   0.42473  0.12433 -1.63853
   0.40834  0.12533 -1.73013
   0.39222  0.12589 -1.79094
   0.37603  0.12602 -1.81237
   0.35954  0.12576 -1.82367
   0.34271  0.12517 -1.83776
   0.32572  0.12428 -1.86856
   0.30878  0.12309 -1.90154
   0.29195  0.12158 -1.93324
   0.27521  0.11976 -1.96078
   0.25854  0.11763 -1.98703
   0.24195  0.11520 -2.01431
   0.22550  0.11247 -2.04460
   0.20925  0.10947 -2.07514
   0.19333  0.10622 -2.11162
   0.17784  0.10275 -2.15475
   0.16289  0.09909 -2.20104
   0.14854  0.09526 -2.24884
   0.13483  0.09130 -2.30018
   0.12183  0.08723 -2.35462
   0.10964  0.08312 -2.40876
   0.09837  0.07903 -2.46627
   0.08807  0.07503 -2.53202
   0.07872  0.07117 -2.60298
   0.07030  0.06745 -2.67567
   0.06271  0.06389 -2.75601
   0.05587  0.06047 -2.83677
   0.04970  0.05720 -2.91111
   0.04411  0.05405 -2.98970
   0.03902  0.05100 -3.07187
   0.03439  0.04807 -3.15073
   0.03018  0.04522 -3.22852
   0.02633  0.04248 -3.30546
   0.02283  0.03982 -3.39148
   0.01962  0.03725 -3.50456
   0.01670  0.03476 -3.65351
   0.01405  0.03232 -3.78797
   0.01164  0.02994 -3.91922
   0.00947  0.02758 -4.02521
   0.00752  0.02525 -4.10980
   0.00577  0.02293 -4.18094
   0.00421  0.02065 -4.31187
   0.00286  0.01837 -4.55138
   0.00174  0.01607 -4.55229
   0.00088  0.01374 -4.28335
   0.00023  0.01140 -3.94535
  -0.00020  0.00905 -3.56751
  -0.00043  0.00670 -3.17370
  -0.00046  0.00437 -2.76534
  -0.00031  0.00204 -2.36037
   0.00005 -0.00026 -1.93644
   0.00061 -0.00254 -1.49507
   0.00138 -0.00481 -1.07446
   0.00235 -0.00708 -0.68876
   0.00354 -0.00934 -0.34214
   0.00495 -0.01159 -0.04354
   0.00658 -0.01384  0.21215
   0.00845 -0.01604  0.42364
   0.01054 -0.01820  0.59626
   0.01287 -0.02031  0.73164
   0.01545 -0.02240  0.83197
   0.01829 -0.02446  0.90336
   0.02141 -0.02651  0.95154
   0.02482 -0.02857  0.98129
   0.02855 -0.03064  0.99632
   0.03263 -0.03275  0.99991
   0.03710 -0.03492  0.99446
   0.04199 -0.03712  0.98144
   0.04737 -0.03939  0.96239
   0.05328 -0.04170  0.93830
   0.05980 -0.04408  0.90982
   0.06703 -0.04654  0.87793
   0.07506 -0.04908  0.84291
   0.08401 -0.05172  0.80515
   0.09397 -0.05445  0.76475
   0.10503 -0.05725  0.72217
   0.11720 -0.06010  0.67831
   0.13045 -0.06294  0.63401
   0.14467 -0.06572  0.59048
   0.15970 -0.06840  0.54745
   0.17544 -0.07095  0.50528
   0.19177 -0.07333  0.46471
   0.20859 -0.07551  0.42537
   0.22580 -0.07748  0.38812
   0.24327 -0.07922  0.35245
   0.26090 -0.08071  0.31814
   0.27858 -0.08195  0.28524
   0.29626 -0.08292  0.25456
   0.31397 -0.08362  0.22670
   0.33175 -0.08403  0.20187
   0.34951 -0.08419  0.17734
   0.36702 -0.08409  0.14961
   0.38412 -0.08368  0.12388
   0.40091 -0.08291  0.10633
   0.41775 -0.08171  0.10628
   0.43504 -0.08010  0.11572
   0.45295 -0.07813  0.12692
   0.47137 -0.07589  0.13422
   0.49005 -0.07339  0.14170
   0.50889 -0.07067  0.15048
   0.52795 -0.06771  0.16166
   0.54729 -0.06453  0.17376
   0.56692 -0.06115  0.18703
   0.58682 -0.05759  0.20074
   0.60693 -0.05388  0.21495
   0.62720 -0.05004  0.22911
   0.64763 -0.04609  0.24398
   0.66821 -0.04204  0.26086
   0.68892 -0.03793  0.27810
   0.70965 -0.03382  0.29534
   0.73023 -0.02977  0.31231
   0.75054 -0.02583  0.32884
   0.77056 -0.02203  0.34511
   0.79024 -0.01841  0.36095
   0.80950 -0.01500  0.37708
   0.82825 -0.01185  0.39178
   0.84650 -0.00898  0.40610
   0.86437 -0.00641  0.41659
   0.88187 -0.00412  0.42622
   0.89881 -0.00212  0.43784
   0.91486 -0.00043  0.45490
   0.92985  0.00084  0.46949
   0.94382  0.00164  0.47840
   0.95694  0.00199  0.47884
   0.96937  0.00190  0.46929
   0.98123  0.00145  0.45358
   0.99262  0.00068  0.43311
   1.00000  0.00000  0.39378
