                                                
 Alfa =  10.00000 Re =  4000000.000 Xflap,Yflap =     0.000000    0.000000
#    x        y        Cp  
   1.00000  0.00100  0.30890
   0.99444  0.00205  0.17445
   0.98388  0.00402  0.12183
   0.97101  0.00643  0.07728
   0.95692  0.00910  0.03866
   0.94231  0.01190  0.00258
   0.92757  0.01477 -0.03126
   0.91277  0.01769 -0.06605
   0.89789  0.02065 -0.10114
   0.88296  0.02364 -0.13671
   0.86799  0.02664 -0.17066
   0.85304  0.02964 -0.20679
   0.83814  0.03261 -0.24165
   0.82328  0.03555 -0.27839
   0.80845  0.03845 -0.31202
   0.79364  0.04130 -0.34727
   0.77884  0.04411 -0.38305
   0.76407  0.04687 -0.41941
   0.74934  0.04956 -0.45676
   0.73466  0.05218 -0.49206
   0.72000  0.05471 -0.52838
   0.70534  0.05715 -0.56299
   0.69068  0.05952 -0.59579
   0.67603  0.06179 -0.63024
   0.66139  0.06397 -0.66541
   0.64676  0.06606 -0.69866
   0.63214  0.06804 -0.73074
   0.61751  0.06991 -0.76163
   0.60289  0.07169 -0.79321
   0.58824  0.07335 -0.82213
   0.57356  0.07492 -0.84981
   0.55885  0.07639 -0.88037
   0.54415  0.07777 -0.91052
   0.52945  0.07904 -0.94221
   0.51476  0.08020 -0.97205
   0.50006  0.08127 -1.00449
   0.48537  0.08222 -1.03696
   0.47069  0.08307 -1.06808
   0.45602  0.08380 -1.10174
   0.44136  0.08442 -1.13479
   0.42672  0.08492 -1.16857
   0.41209  0.08529 -1.20249
   0.39747  0.08554 -1.23671
   0.38287  0.08567 -1.27058
   0.36829  0.08566 -1.30668
   0.35373  0.08551 -1.34185
   0.33919  0.08523 -1.37818
   0.32468  0.08481 -1.41479
   0.31018  0.08425 -1.45187
   0.29572  0.08353 -1.48985
   0.28129  0.08267 -1.53080
   0.26689  0.08165 -1.57186
   0.25255  0.08047 -1.61440
   0.23825  0.07913 -1.66097
   0.22401  0.07762 -1.70763
   0.20983  0.07594 -1.75924
   0.19574  0.07407 -1.81250
   0.18174  0.07202 -1.87153
   0.16785  0.06977 -1.93318
   0.15408  0.06731 -2.00109
   0.14045  0.06464 -2.07378
   0.12700  0.06174 -2.15567
   0.11375  0.05860 -2.24414
   0.10075  0.05521 -2.34445
   0.08805  0.05157 -2.45476
   0.07573  0.04768 -2.58226
   0.06387  0.04354 -2.73289
   0.05269  0.03920 -2.90702
   0.04249  0.03479 -3.11201
   0.03347  0.03043 -3.35589
   0.02574  0.02625 -3.66887
   0.01955  0.02245 -3.98191
   0.01480  0.01918 -4.32349
   0.01108  0.01630 -4.67964
   0.00806  0.01367 -5.19851
   0.00561  0.01121 -5.71962
   0.00373  0.00897 -6.19170
   0.00233  0.00698 -6.73409
   0.00133  0.00520 -7.21679
   0.00063  0.00354 -7.53703
   0.00020  0.00194 -7.62731
   0.00001  0.00036 -7.31304
   0.00009 -0.00126 -6.54766
   0.00050 -0.00293 -5.30161
   0.00128 -0.00456 -3.81870
   0.00246 -0.00608 -2.35033
   0.00406 -0.00740 -0.97162
   0.00611 -0.00855 -0.03360
   0.00859 -0.00956  0.47014
   0.01160 -0.01049  0.75821
   0.01531 -0.01139  0.90734
   0.01997 -0.01227  0.97927
   0.02593 -0.01313  0.99998
   0.03365 -0.01397  0.98583
   0.04340 -0.01471  0.94975
   0.05505 -0.01532  0.90313
   0.06807 -0.01575  0.85519
   0.08189 -0.01599  0.81057
   0.09619 -0.01608  0.77082
   0.11077 -0.01603  0.73573
   0.12551 -0.01588  0.70482
   0.14037 -0.01564  0.67743
   0.15530 -0.01532  0.65315
   0.17028 -0.01494  0.63113
   0.18530 -0.01450  0.61183
   0.20036 -0.01401  0.59416
   0.21545 -0.01348  0.57827
   0.23057 -0.01292  0.56388
   0.24572 -0.01233  0.55051
   0.26089 -0.01171  0.53851
   0.27608 -0.01107  0.52727
   0.29129 -0.01041  0.51710
   0.30652 -0.00974  0.50783
   0.32176 -0.00907  0.49896
   0.33702 -0.00838  0.49100
   0.35229 -0.00770  0.48310
   0.36756 -0.00702  0.47565
   0.38282 -0.00634  0.46864
   0.39807 -0.00567  0.46257
   0.41331 -0.00501  0.45586
   0.42855 -0.00435  0.45055
   0.44377 -0.00371  0.44444
   0.45900 -0.00308  0.43887
   0.47422 -0.00246  0.43424
   0.48943 -0.00185  0.42889
   0.50463 -0.00126  0.42451
   0.51983 -0.00069  0.42006
   0.53503 -0.00013  0.41518
   0.55022  0.00041  0.41124
   0.56540  0.00093  0.40773
   0.58058  0.00142  0.40287
   0.59575  0.00190  0.40020
   0.61091  0.00235  0.39623
   0.62606  0.00277  0.39250
   0.64120  0.00317  0.38941
   0.65633  0.00353  0.38604
   0.67146  0.00386  0.38259
   0.68656  0.00416  0.37895
   0.70166  0.00442  0.37692
   0.71674  0.00464  0.37222
   0.73182  0.00482  0.36900
   0.74688  0.00495  0.36530
   0.76195  0.00504  0.36115
   0.77700  0.00509  0.35804
   0.79205  0.00509  0.35271
   0.80709  0.00504  0.34922
   0.82212  0.00494  0.34545
   0.83712  0.00478  0.34067
   0.85210  0.00457  0.33674
   0.86705  0.00429  0.33035
   0.88198  0.00395  0.32462
   0.89690  0.00354  0.31909
   0.91182  0.00306  0.30955
   0.92673  0.00251  0.30160
   0.94161  0.00190  0.29284
   0.95633  0.00124  0.28203
   0.97057  0.00053  0.27205
   0.98363 -0.00015  0.26125
   0.99435 -0.00071  0.26065
   1.00000 -0.00100  0.30890
