                                                
 Alfa =  10.00000 Re =  4000000.000 Xflap,Yflap =     0.000000    0.000000
#    x        y        Cp  
   1.00000 -0.00670  0.21349
   0.99342 -0.00498  0.06314
   0.98225 -0.00215 -0.01086
   0.96959  0.00090 -0.07934
   0.95578  0.00403 -0.11877
   0.94120  0.00724 -0.17090
   0.92619  0.01041 -0.20999
   0.91092  0.01352 -0.24875
   0.89550  0.01656 -0.29156
   0.87993  0.01951 -0.33060
   0.86422  0.02235 -0.36250
   0.84834  0.02508 -0.39054
   0.83219  0.02775 -0.41746
   0.81575  0.03039 -0.45405
   0.79950  0.03288 -0.48396
   0.78334  0.03524 -0.51421
   0.76708  0.03749 -0.54642
   0.75054  0.03963 -0.55518
   0.73415  0.04171 -0.59758
   0.71792  0.04363 -0.62650
   0.70165  0.04542 -0.65235
   0.68515  0.04708 -0.65058
   0.66863  0.04873 -0.70056
   0.65232  0.05020 -0.72201
   0.63602  0.05152 -0.74030
   0.61949  0.05274 -0.74409
   0.60272  0.05392 -0.78407
   0.58604  0.05494 -0.80020
   0.56918  0.05584 -0.80114
   0.55198  0.05671 -0.84294
   0.53467  0.05741 -0.83248
   0.51730  0.05809 -0.87937
   0.49977  0.05861 -0.86383
   0.48223  0.05914 -0.92238
   0.46477  0.05950 -0.91511
   0.44730  0.05984 -0.96764
   0.42974  0.06000 -0.95394
   0.41218  0.06019 -1.01719
   0.39469  0.06020 -1.01095
   0.37708  0.06021 -1.06457
   0.35969  0.06010 -1.08360
   0.34226  0.05993 -1.14254
   0.32494  0.05960 -1.14332
   0.30765  0.05926 -1.20498
   0.29081  0.05882 -1.25332
   0.27407  0.05827 -1.29768
   0.25717  0.05759 -1.34044
   0.24049  0.05683 -1.39818
   0.22385  0.05594 -1.45388
   0.20703  0.05493 -1.51721
   0.19046  0.05383 -1.59445
   0.17403  0.05264 -1.72480
   0.15773  0.05120 -1.77484
   0.14166  0.04967 -1.93712
   0.12598  0.04792 -2.02238
   0.11093  0.04611 -2.19414
   0.09699  0.04427 -2.42970
   0.08419  0.04229 -2.61285
   0.07282  0.04033 -2.86182
   0.06284  0.03840 -3.15197
   0.05421  0.03650 -3.40741
   0.04669  0.03469 -3.74769
   0.04020  0.03296 -4.23513
   0.03457  0.03122 -4.65804
   0.02962  0.02946 -5.04075
   0.02523  0.02766 -5.37913
   0.02131  0.02585 -5.71384
   0.01779  0.02405 -6.20468
   0.01465  0.02224 -6.76716
   0.01186  0.02039 -7.32361
   0.00939  0.01850 -7.85865
   0.00722  0.01656 -8.38533
   0.00536  0.01454 -8.72981
   0.00380  0.01245 -8.75280
   0.00253  0.01029 -8.47646
   0.00154  0.00811 -8.02174
   0.00081  0.00592 -7.42430
   0.00033  0.00376 -6.79323
   0.00006  0.00162 -6.11065
   0.00001 -0.00050 -5.39386
   0.00016 -0.00263 -4.62649
   0.00053 -0.00478 -3.86531
   0.00113 -0.00697 -3.11052
   0.00198 -0.00917 -2.39946
   0.00311 -0.01135 -1.70082
   0.00453 -0.01349 -1.07361
   0.00624 -0.01555 -0.50932
   0.00826 -0.01754 -0.04751
   0.01059 -0.01946  0.30097
   0.01323 -0.02133  0.55078
   0.01620 -0.02316  0.72931
   0.01954 -0.02497  0.85024
   0.02327 -0.02678  0.92662
   0.02743 -0.02859  0.97264
   0.03210 -0.03037  0.99535
   0.03740 -0.03213  0.99953
   0.04346 -0.03385  0.98954
   0.05047 -0.03561  0.96959
   0.05854 -0.03748  0.94057
   0.06782 -0.03938  0.90639
   0.07846 -0.04134  0.86676
   0.09045 -0.04327  0.82668
   0.10356 -0.04518  0.78445
   0.11766 -0.04700  0.74600
   0.13265 -0.04880  0.70271
   0.14824 -0.05043  0.66528
   0.16408 -0.05187  0.63395
   0.17999 -0.05320  0.60221
   0.19605 -0.05443  0.57142
   0.21242 -0.05556  0.53675
   0.22913 -0.05646  0.51957
   0.24606 -0.05731  0.49019
   0.26282 -0.05802  0.46769
   0.27971 -0.05859  0.44945
   0.29697 -0.05912  0.42132
   0.31422 -0.05945  0.40317
   0.33171 -0.05962  0.39608
   0.34905 -0.05979  0.36659
   0.36615 -0.05980  0.35936
   0.38286 -0.05978  0.33325
   0.39915 -0.05961  0.31744
   0.41521 -0.05930  0.30432
   0.43119 -0.05886  0.29252
   0.44723 -0.05831  0.28033
   0.46343 -0.05764  0.25807
   0.47972 -0.05672  0.26120
   0.49603 -0.05569  0.24018
   0.51224 -0.05442  0.24708
   0.52819 -0.05307  0.23193
   0.54373 -0.05154  0.23085
   0.55893 -0.04983  0.23762
   0.57443 -0.04794  0.23381
   0.59017 -0.04578  0.25378
   0.60596 -0.04351  0.25948
   0.62181 -0.04112  0.26713
   0.63779 -0.03856  0.27852
   0.65407 -0.03581  0.29302
   0.67095 -0.03283  0.31453
   0.68884 -0.02961  0.33512
   0.70742 -0.02626  0.35230
   0.72626 -0.02287  0.37055
   0.74491 -0.01952  0.38993
   0.76296 -0.01626  0.41609
   0.78021 -0.01327  0.44531
   0.79701 -0.01065  0.45166
   0.81353 -0.00819  0.47412
   0.82982 -0.00602  0.48891
   0.84574 -0.00415  0.50955
   0.86109 -0.00271  0.52497
   0.87617 -0.00178  0.52261
   0.89106 -0.00117  0.53114
   0.90546 -0.00097  0.53932
   0.91941 -0.00128  0.53128
   0.93314 -0.00199  0.52383
   0.94634 -0.00310  0.51888
   0.95911 -0.00468  0.48800
   0.97136 -0.00653  0.46710
   0.98282 -0.00867  0.42261
   0.99346 -0.01098  0.36401
   1.00000 -0.01250  0.21349
