                                                
 Alfa =  10.00000 Re =  4000000.000 Xflap,Yflap =     0.000000    0.000000
#    x        y        Cp  
   1.00000  0.00000  0.27710
   0.99496  0.00079  0.16440
   0.98700  0.00203  0.10827
   0.97849  0.00336  0.07126
   0.96936  0.00477  0.03671
   0.95952  0.00629  0.01254
   0.94888  0.00792 -0.01641
   0.93735  0.00968 -0.04143
   0.92487  0.01157 -0.06695
   0.91140  0.01360 -0.09305
   0.89705  0.01574 -0.11930
   0.88266  0.01787 -0.14605
   0.86859  0.01993 -0.16998
   0.85460  0.02196 -0.19276
   0.84053  0.02397 -0.21601
   0.82626  0.02599 -0.24045
   0.81174  0.02800 -0.26050
   0.79706  0.03000 -0.28486
   0.78251  0.03194 -0.30355
   0.76804  0.03383 -0.32324
   0.75357  0.03569 -0.34104
   0.73906  0.03754 -0.35979
   0.72447  0.03937 -0.37977
   0.70981  0.04119 -0.39849
   0.69507  0.04301 -0.42040
   0.68030  0.04482 -0.44565
   0.66554  0.04661 -0.47031
   0.65077  0.04838 -0.49563
   0.63600  0.05012 -0.52423
   0.62126  0.05182 -0.55010
   0.60656  0.05348 -0.57806
   0.59188  0.05508 -0.60520
   0.57722  0.05664 -0.63257
   0.56256  0.05814 -0.65922
   0.54790  0.05959 -0.68670
   0.53323  0.06100 -0.71404
   0.51855  0.06236 -0.74442
   0.50385  0.06367 -0.77463
   0.48914  0.06492 -0.80615
   0.47442  0.06613 -0.84059
   0.45969  0.06728 -0.87676
   0.44495  0.06837 -0.91384
   0.43022  0.06940 -0.95417
   0.41550  0.07036 -0.99708
   0.40080  0.07125 -1.04391
   0.38613  0.07207 -1.09811
   0.37150  0.07278 -1.15706
   0.35693  0.07338 -1.21767
   0.34241  0.07382 -1.27911
   0.32795  0.07411 -1.34135
   0.31356  0.07420 -1.40051
   0.29923  0.07409 -1.45587
   0.28496  0.07375 -1.49950
   0.27075  0.07320 -1.53795
   0.25658  0.07243 -1.57472
   0.24244  0.07147 -1.60821
   0.22830  0.07030 -1.64220
   0.21412  0.06894 -1.67763
   0.19985  0.06738 -1.71532
   0.18545  0.06562 -1.75740
   0.17092  0.06367 -1.80948
   0.15639  0.06154 -1.87632
   0.14210  0.05928 -1.98665
   0.12833  0.05689 -2.13196
   0.11507  0.05426 -2.27339
   0.10209  0.05124 -2.38293
   0.08901  0.04767 -2.36522
   0.07546  0.04366 -2.38415
   0.06171  0.03948 -2.78512
   0.04933  0.03508 -3.18150
   0.03936  0.03074 -3.29039
   0.03083  0.02644 -3.39126
   0.02163  0.02116 -3.62355
   0.01197  0.01471 -4.09250
   0.00738  0.01126 -5.03890
   0.00468  0.00895 -6.05387
   0.00284  0.00709 -7.23609
   0.00153  0.00550 -8.64305
   0.00062  0.00408-10.29917
   0.00006  0.00278-11.91842
  -0.00019  0.00156-12.94790
  -0.00011  0.00041-11.93882
   0.00031 -0.00071 -8.41299
   0.00110 -0.00179 -4.84836
   0.00228 -0.00287 -2.43448
   0.00391 -0.00396 -0.91358
   0.00612 -0.00505  0.01646
   0.00921 -0.00615  0.57870
   0.01391 -0.00711  0.90170
   0.02160 -0.00707  0.99999
   0.03151 -0.00623  0.97965
   0.04284 -0.00574  0.93771
   0.05602 -0.00512  0.88592
   0.07011 -0.00412  0.84821
   0.08432 -0.00317  0.81546
   0.09885 -0.00236  0.78208
   0.11366 -0.00160  0.75253
   0.12848 -0.00089  0.72717
   0.14331 -0.00023  0.70411
   0.15805  0.00038  0.68295
   0.17278  0.00094  0.66310
   0.18755  0.00147  0.64438
   0.20238  0.00198  0.62703
   0.21724  0.00249  0.61153
   0.23209  0.00298  0.59740
   0.24692  0.00347  0.58419
   0.26176  0.00394  0.57167
   0.27663  0.00440  0.56072
   0.29150  0.00485  0.54974
   0.30634  0.00528  0.53997
   0.32117  0.00570  0.53089
   0.33598  0.00609  0.52190
   0.35078  0.00646  0.51424
   0.36558  0.00681  0.50565
   0.38037  0.00713  0.49831
   0.39517  0.00741  0.49091
   0.40997  0.00767  0.48328
   0.42477  0.00788  0.47613
   0.43958  0.00807  0.46836
   0.45439  0.00822  0.46107
   0.46921  0.00834  0.45416
   0.48403  0.00843  0.44642
   0.49885  0.00850  0.43852
   0.51367  0.00853  0.43243
   0.52848  0.00854  0.42527
   0.54329  0.00852  0.41839
   0.55809  0.00847  0.41082
   0.57290  0.00840  0.40467
   0.58771  0.00830  0.39683
   0.60253  0.00818  0.38981
   0.61737  0.00803  0.38316
   0.63224  0.00786  0.37533
   0.64712  0.00768  0.36870
   0.66198  0.00747  0.35968
   0.67684  0.00726  0.35400
   0.69170  0.00703  0.34645
   0.70657  0.00679  0.34006
   0.72137  0.00655  0.33293
   0.73611  0.00630  0.32653
   0.75077  0.00604  0.32000
   0.76541  0.00577  0.31401
   0.78005  0.00550  0.30698
   0.79477  0.00521  0.30242
   0.80959  0.00490  0.29289
   0.82422  0.00459  0.28986
   0.83859  0.00427  0.28133
   0.85277  0.00395  0.27621
   0.86686  0.00362  0.26863
   0.88102  0.00328  0.26210
   0.89548  0.00292  0.25629
   0.91005  0.00254  0.24862
   0.92376  0.00218  0.24322
   0.93646  0.00184  0.23743
   0.94818  0.00151  0.23109
   0.95898  0.00121  0.22788
   0.96896  0.00092  0.22249
   0.97822  0.00065  0.22218
   0.98684  0.00040  0.22144
   0.99490  0.00016  0.23513
   1.00000  0.00000  0.27710
