                                                
 Alfa =  10.00000 Re =  4000000.000 Xflap,Yflap =     0.000000    0.000000
#    x        y        Cp  
   1.00000  0.00040  0.43537
   0.99373  0.00137  0.23378
   0.98378  0.00288  0.16751
   0.97308  0.00447  0.11727
   0.96154  0.00615  0.07678
   0.94906  0.00793  0.04196
   0.93554  0.00980  0.00955
   0.92092  0.01176 -0.01955
   0.90521  0.01380 -0.04604
   0.88856  0.01589 -0.06897
   0.87124  0.01800 -0.08793
   0.85355  0.02011 -0.10517
   0.83572  0.02222 -0.12120
   0.81787  0.02434 -0.13919
   0.79999  0.02649 -0.15921
   0.78206  0.02866 -0.18033
   0.76407  0.03087 -0.20278
   0.74603  0.03309 -0.22606
   0.72794  0.03534 -0.25029
   0.70984  0.03760 -0.27597
   0.69177  0.03987 -0.30333
   0.67377  0.04214 -0.33213
   0.65588  0.04438 -0.36318
   0.63808  0.04659 -0.39355
   0.62035  0.04877 -0.42563
   0.60263  0.05090 -0.45644
   0.58483  0.05299 -0.48575
   0.56693  0.05505 -0.51532
   0.54902  0.05710 -0.54981
   0.53128  0.05910 -0.59390
   0.51381  0.06101 -0.63847
   0.49652  0.06279 -0.67605
   0.47921  0.06447 -0.71114
   0.46183  0.06607 -0.74524
   0.44440  0.06759 -0.78603
   0.42706  0.06902 -0.82982
   0.40986  0.07033 -0.87596
   0.39279  0.07151 -0.92092
   0.37582  0.07256 -0.96600
   0.35889  0.07346 -1.00942
   0.34196  0.07423 -1.05181
   0.32498  0.07485 -1.09396
   0.30797  0.07535 -1.13921
   0.29093  0.07572 -1.18856
   0.27394  0.07597 -1.24581
   0.25704  0.07609 -1.30817
   0.24028  0.07607 -1.37942
   0.22371  0.07591 -1.45913
   0.20738  0.07559 -1.54857
   0.19141  0.07509 -1.65021
   0.17585  0.07440 -1.76116
   0.16077  0.07350 -1.87959
   0.14616  0.07237 -2.00785
   0.13204  0.07101 -2.14783
   0.11854  0.06941 -2.29644
   0.10582  0.06760 -2.45503
   0.09405  0.06563 -2.63809
   0.08331  0.06353 -2.83957
   0.07365  0.06131 -3.03902
   0.06500  0.05901 -3.22915
   0.05725  0.05664 -3.40684
   0.05027  0.05421 -3.57768
   0.04394  0.05173 -3.74383
   0.03822  0.04922 -3.89890
   0.03308  0.04670 -4.04108
   0.02848  0.04420 -4.16722
   0.02439  0.04175 -4.29890
   0.02074  0.03936 -4.46612
   0.01751  0.03702 -4.64936
   0.01464  0.03473 -4.80624
   0.01210  0.03246 -4.93083
   0.00986  0.03020 -5.00573
   0.00788  0.02797 -5.04677
   0.00616  0.02575 -5.02828
   0.00468  0.02356 -4.99274
   0.00341  0.02139 -4.92720
   0.00234  0.01924 -4.80933
   0.00149  0.01712 -4.64595
   0.00083  0.01505 -4.44460
   0.00037  0.01303 -4.19012
   0.00009  0.01105 -3.88444
  -0.00000  0.00910 -3.50630
   0.00010  0.00714 -3.05331
   0.00039  0.00518 -2.55493
   0.00091  0.00320 -2.03991
   0.00169  0.00123 -1.50631
   0.00275 -0.00071 -0.91892
   0.00411 -0.00257 -0.37166
   0.00574 -0.00436  0.06106
   0.00764 -0.00606  0.38439
   0.00979 -0.00771  0.61367
   0.01223 -0.00932  0.77162
   0.01496 -0.01089  0.87748
   0.01802 -0.01245  0.94309
   0.02145 -0.01403  0.98065
   0.02532 -0.01567  0.99740
   0.02968 -0.01740  0.99914
   0.03463 -0.01921  0.98911
   0.04022 -0.02112  0.96959
   0.04654 -0.02311  0.94283
   0.05365 -0.02519  0.90998
   0.06169 -0.02739  0.87177
   0.07083 -0.02970  0.82871
   0.08113 -0.03210  0.78127
   0.09251 -0.03450  0.73136
   0.10484 -0.03680  0.68199
   0.11803 -0.03895  0.63585
   0.13197 -0.04091  0.59310
   0.14654 -0.04268  0.55417
   0.16156 -0.04424  0.51795
   0.17693 -0.04561  0.48431
   0.19256 -0.04677  0.45370
   0.20842 -0.04772  0.42697
   0.22454 -0.04848  0.40447
   0.24096 -0.04905  0.38468
   0.25766 -0.04948  0.36673
   0.27461 -0.04977  0.34944
   0.29173 -0.04994  0.33365
   0.30895 -0.05000  0.31848
   0.32619 -0.04996  0.30283
   0.34341 -0.04982  0.28754
   0.36061 -0.04956  0.27450
   0.37781 -0.04919  0.26225
   0.39502 -0.04870  0.25137
   0.41222 -0.04810  0.24183
   0.42937 -0.04738  0.23290
   0.44651 -0.04655  0.22649
   0.46374 -0.04559  0.22266
   0.48116 -0.04451  0.22120
   0.49879 -0.04334  0.22032
   0.51652 -0.04211  0.21721
   0.53418 -0.04083  0.21228
   0.55175 -0.03948  0.20937
   0.56935 -0.03804  0.21033
   0.58714 -0.03652  0.21314
   0.60516 -0.03495  0.21486
   0.62336 -0.03334  0.21566
   0.64160 -0.03173  0.21593
   0.65981 -0.03010  0.21593
   0.67805 -0.02847  0.21610
   0.69628 -0.02684  0.21550
   0.71443 -0.02522  0.21501
   0.73248 -0.02361  0.21442
   0.75045 -0.02201  0.21347
   0.76833 -0.02042  0.21332
   0.78616 -0.01883  0.21268
   0.80397 -0.01725  0.21278
   0.82181 -0.01566  0.21276
   0.83974 -0.01406  0.21347
   0.85784 -0.01245  0.21474
   0.87604 -0.01082  0.21745
   0.89421 -0.00922  0.22053
   0.91220 -0.00764  0.22433
   0.92929 -0.00617  0.22909
   0.94500 -0.00484  0.23431
   0.95917 -0.00367  0.24167
   0.97188 -0.00263  0.25101
   0.98330 -0.00172  0.26767
   0.99363 -0.00090  0.29453
   1.00000 -0.00040  0.43537
