                                                
 Alfa =  10.00000 Re =  4000000.000 Xflap,Yflap =     0.000000    0.000000
#    x        y        Cp  
   1.00000  0.00440  0.43746
   0.99371  0.00527  0.30262
   0.98332  0.00673  0.24492
   0.97159  0.00843  0.20390
   0.95836  0.01039  0.16899
   0.94367  0.01264  0.13663
   0.92797  0.01511  0.10736
   0.91191  0.01772  0.07794
   0.89589  0.02041  0.05071
   0.87997  0.02316  0.02103
   0.86404  0.02598 -0.00672
   0.84804  0.02887 -0.03731
   0.83193  0.03183 -0.06764
   0.81569  0.03486 -0.09912
   0.79935  0.03794 -0.13261
   0.78295  0.04106 -0.16554
   0.76653  0.04419 -0.20134
   0.75015  0.04731 -0.23638
   0.73382  0.05041 -0.27276
   0.71753  0.05347 -0.30896
   0.70127  0.05649 -0.34454
   0.68501  0.05947 -0.37945
   0.66870  0.06241 -0.41329
   0.65233  0.06531 -0.44844
   0.63591  0.06818 -0.48418
   0.61946  0.07102 -0.52264
   0.60302  0.07383 -0.56338
   0.58666  0.07659 -0.61163
   0.57044  0.07928 -0.66373
   0.55438  0.08187 -0.71784
   0.53850  0.08433 -0.77406
   0.52276  0.08665 -0.82933
   0.50712  0.08882 -0.88469
   0.49152  0.09082 -0.93467
   0.47589  0.09265 -0.98065
   0.46018  0.09433 -1.02517
   0.44438  0.09586 -1.07012
   0.42849  0.09724 -1.11602
   0.41256  0.09848 -1.16520
   0.39667  0.09958 -1.22045
   0.38093  0.10052 -1.28728
   0.36541  0.10128 -1.35702
   0.35014  0.10182 -1.42858
   0.33510  0.10214 -1.49962
   0.32026  0.10222 -1.56861
   0.30554  0.10202 -1.63135
   0.29084  0.10153 -1.68352
   0.27605  0.10074 -1.72391
   0.26112  0.09964 -1.76063
   0.24602  0.09823 -1.79472
   0.23082  0.09652 -1.82760
   0.21565  0.09453 -1.86404
   0.20071  0.09229 -1.90862
   0.18620  0.08986 -1.97680
   0.17223  0.08722 -2.04826
   0.15869  0.08432 -2.11104
   0.14535  0.08105 -2.14682
   0.13186  0.07732 -2.14244
   0.11807  0.07311 -2.13579
   0.10429  0.06856 -2.14919
   0.09120  0.06398 -2.25232
   0.07932  0.05945 -2.39362
   0.06841  0.05478 -2.45408
   0.05815  0.04988 -2.45281
   0.04870  0.04494 -2.46921
   0.04044  0.04029 -2.54086
   0.03344  0.03605 -2.62963
   0.02753  0.03218 -2.72304
   0.02248  0.02861 -2.84181
   0.01812  0.02526 -2.94834
   0.01439  0.02214 -3.03615
   0.01124  0.01930 -3.19235
   0.00862  0.01674 -3.43857
   0.00647  0.01443 -3.68552
   0.00472  0.01230 -3.92528
   0.00330  0.01031 -4.14332
   0.00216  0.00842 -4.31411
   0.00128  0.00662 -4.41323
   0.00063  0.00487 -4.40534
   0.00020  0.00316 -4.24357
  -0.00000  0.00147 -3.89322
   0.00001 -0.00021 -3.32932
   0.00026 -0.00189 -2.58549
   0.00073 -0.00357 -1.85326
   0.00141 -0.00527 -1.20542
   0.00230 -0.00697 -0.64803
   0.00342 -0.00868 -0.19774
   0.00477 -0.01038  0.16873
   0.00637 -0.01207  0.45625
   0.00827 -0.01373  0.67607
   0.01048 -0.01530  0.83540
   0.01305 -0.01671  0.94043
   0.01605 -0.01786  0.99169
   0.01956 -0.01875  0.99864
   0.02373 -0.01942  0.98233
   0.02871 -0.02003  0.95571
   0.03466 -0.02069  0.91996
   0.04170 -0.02132  0.87807
   0.04981 -0.02184  0.83280
   0.05912 -0.02215  0.79198
   0.07015 -0.02224  0.75688
   0.08327 -0.02219  0.72107
   0.09785 -0.02204  0.68463
   0.11307 -0.02176  0.65504
   0.12879 -0.02136  0.63111
   0.14494 -0.02090  0.61140
   0.16138 -0.02045  0.59273
   0.17795 -0.02002  0.57522
   0.19451 -0.01964  0.55916
   0.21103 -0.01930  0.54400
   0.22752 -0.01901  0.52996
   0.24399 -0.01877  0.51648
   0.26046 -0.01858  0.50369
   0.27694 -0.01844  0.49135
   0.29343 -0.01835  0.47974
   0.30992 -0.01832  0.46782
   0.32641 -0.01834  0.45637
   0.34288 -0.01841  0.44519
   0.35934 -0.01855  0.43341
   0.37578 -0.01874  0.42185
   0.39222 -0.01900  0.40951
   0.40866 -0.01931  0.39627
   0.42512 -0.01969  0.38178
   0.44161 -0.02010  0.36689
   0.45814 -0.02054  0.35123
   0.47470 -0.02098  0.33589
   0.49130 -0.02143  0.32018
   0.50793 -0.02185  0.30547
   0.52458 -0.02224  0.29167
   0.54124 -0.02260  0.27817
   0.55789 -0.02292  0.26525
   0.57452 -0.02320  0.25225
   0.59112 -0.02345  0.23948
   0.60768 -0.02365  0.22655
   0.62419 -0.02380  0.21329
   0.64064 -0.02390  0.20049
   0.65703 -0.02394  0.18801
   0.67336 -0.02390  0.17543
   0.68964 -0.02379  0.16446
   0.70588 -0.02359  0.15336
   0.72210 -0.02329  0.14424
   0.73831 -0.02290  0.13602
   0.75451 -0.02241  0.12839
   0.77070 -0.02182  0.12189
   0.78686 -0.02112  0.11554
   0.80299 -0.02032  0.11214
   0.81905 -0.01942  0.10743
   0.83505 -0.01841  0.10482
   0.85096 -0.01730  0.10386
   0.86680 -0.01607  0.10411
   0.88259 -0.01472  0.10669
   0.89836 -0.01325  0.11035
   0.91414 -0.01165  0.11633
   0.92981 -0.00991  0.12622
   0.94498 -0.00808  0.14135
   0.95916 -0.00622  0.16315
   0.97200 -0.00440  0.19289
   0.98349 -0.00267  0.23473
   0.99375 -0.00103  0.29347
   1.00000  0.00000  0.43746
