                                                
 Alfa =  10.00000 Re =  4000000.000 Xflap,Yflap =     0.000000    0.000000
#    x        y        Cp  
   1.00000  0.00000  0.48250
   0.99428  0.00199  0.23940
   0.98457  0.00511  0.11893
   0.97352  0.00831  0.04220
   0.96120  0.01152 -0.00407
   0.94773  0.01469 -0.02661
   0.93315  0.01784 -0.02560
   0.91766  0.02103 -0.01450
   0.90214  0.02428 -0.00007
   0.88690  0.02769 -0.01027
   0.87154  0.03139 -0.03644
   0.85587  0.03539 -0.07202
   0.83993  0.03960 -0.10695
   0.82402  0.04393 -0.13650
   0.80829  0.04836 -0.17283
   0.79266  0.05294 -0.21601
   0.77694  0.05773 -0.27377
   0.76092  0.06276 -0.34634
   0.74462  0.06795 -0.42936
   0.72839  0.07310 -0.51768
   0.71248  0.07807 -0.60933
   0.69687  0.08280 -0.69711
   0.68148  0.08727 -0.78288
   0.66623  0.09149 -0.86363
   0.65104  0.09546 -0.93904
   0.63590  0.09917 -1.01157
   0.62077  0.10263 -1.07985
   0.60567  0.10582 -1.14469
   0.59057  0.10875 -1.20357
   0.57544  0.11141 -1.25815
   0.56027  0.11381 -1.30671
   0.54503  0.11596 -1.35035
   0.52971  0.11786 -1.38873
   0.51430  0.11952 -1.42395
   0.49879  0.12094 -1.45504
   0.48320  0.12213 -1.48463
   0.46752  0.12309 -1.51275
   0.45176  0.12384 -1.53872
   0.43595  0.12437 -1.56549
   0.42008  0.12470 -1.59089
   0.40417  0.12481 -1.61742
   0.38822  0.12473 -1.64437
   0.37226  0.12444 -1.67108
   0.35627  0.12395 -1.69942
   0.34029  0.12327 -1.72994
   0.32432  0.12240 -1.76243
   0.30838  0.12133 -1.79687
   0.29248  0.12006 -1.83438
   0.27664  0.11860 -1.87493
   0.26088  0.11694 -1.91803
   0.24521  0.11507 -1.96632
   0.22966  0.11299 -2.01762
   0.21425  0.11071 -2.07387
   0.19902  0.10820 -2.13526
   0.18399  0.10547 -2.20072
   0.16917  0.10251 -2.27155
   0.15460  0.09931 -2.34850
   0.14037  0.09588 -2.43830
   0.12656  0.09223 -2.53439
   0.11320  0.08834 -2.63747
   0.10037  0.08423 -2.74586
   0.08821  0.07994 -2.87343
   0.07682  0.07551 -3.00192
   0.06626  0.07095 -3.12217
   0.05661  0.06634 -3.25716
   0.04795  0.06179 -3.42278
   0.04036  0.05736 -3.58679
   0.03381  0.05308 -3.73452
   0.02819  0.04896 -3.84222
   0.02335  0.04496 -3.85098
   0.01915  0.04107 -3.78964
   0.01551  0.03737 -3.73654
   0.01238  0.03391 -3.77471
   0.00974  0.03072 -3.85788
   0.00753  0.02776 -3.91237
   0.00571  0.02499 -3.88841
   0.00419  0.02238 -3.75780
   0.00289  0.01985 -3.60787
   0.00176  0.01738 -3.48622
   0.00075  0.01498 -3.53071
  -0.00009  0.01267 -3.64743
  -0.00074  0.01047 -3.77669
  -0.00118  0.00839 -3.90525
  -0.00141  0.00643 -3.97614
  -0.00140  0.00457 -3.94554
  -0.00114  0.00281 -3.68583
  -0.00059  0.00114 -3.15535
   0.00029 -0.00044 -2.25898
   0.00155 -0.00191 -1.29848
   0.00315 -0.00319 -0.45856
   0.00507 -0.00429  0.14502
   0.00727 -0.00526  0.50883
   0.00975 -0.00615  0.71890
   0.01256 -0.00699  0.85030
   0.01576 -0.00782  0.92824
   0.01942 -0.00869  0.97205
   0.02368 -0.00960  0.99405
   0.02867 -0.01058  0.99997
   0.03461 -0.01164  0.99308
   0.04175 -0.01280  0.97539
   0.05034 -0.01406  0.94836
   0.06056 -0.01539  0.91425
   0.07253 -0.01673  0.87620
   0.08616 -0.01807  0.83585
   0.10098 -0.01938  0.79514
   0.11653 -0.02057  0.75710
   0.13259 -0.02166  0.72190
   0.14900 -0.02262  0.68957
   0.16562 -0.02349  0.65988
   0.18236 -0.02424  0.63253
   0.19919 -0.02490  0.60747
   0.21612 -0.02547  0.58454
   0.23312 -0.02595  0.56348
   0.25017 -0.02636  0.54363
   0.26727 -0.02670  0.52503
   0.28438 -0.02696  0.50774
   0.30150 -0.02715  0.49160
   0.31866 -0.02728  0.47665
   0.33584 -0.02734  0.46258
   0.35305 -0.02735  0.44922
   0.37027 -0.02729  0.43675
   0.38750 -0.02718  0.42492
   0.40473 -0.02701  0.41365
   0.42198 -0.02679  0.40320
   0.43923 -0.02651  0.39278
   0.45648 -0.02618  0.38358
   0.47373 -0.02580  0.37437
   0.49096 -0.02536  0.36561
   0.50818 -0.02487  0.35792
   0.52540 -0.02432  0.35036
   0.54261 -0.02371  0.34349
   0.55983 -0.02305  0.33725
   0.57704 -0.02232  0.33154
   0.59424 -0.02155  0.32610
   0.61142 -0.02072  0.32062
   0.62855 -0.01982  0.31543
   0.64560 -0.01887  0.31073
   0.66257 -0.01784  0.30737
   0.67945 -0.01672  0.30535
   0.69628 -0.01550  0.30501
   0.71310 -0.01418  0.30788
   0.72993 -0.01276  0.31255
   0.74684 -0.01123  0.32021
   0.76386 -0.00962  0.33224
   0.78100 -0.00796  0.34490
   0.79812 -0.00631  0.35824
   0.81506 -0.00475  0.36955
   0.83178 -0.00330  0.37982
   0.84832 -0.00198  0.39028
   0.86466 -0.00082  0.39832
   0.88079  0.00016  0.40519
   0.89672  0.00094  0.41145
   0.91243  0.00151  0.41538
   0.92786  0.00185  0.41634
   0.94296  0.00196  0.41516
   0.95743  0.00184  0.41626
   0.97098  0.00149  0.41081
   0.98326  0.00099  0.40833
   0.99388  0.00041  0.41490
   1.00000  0.00000  0.48250
