                                                
 Alfa =  10.00000 Re =  4000000.000 Xflap,Yflap =     0.000000    0.000000
#    x        y        Cp  
   1.00000  0.00000  0.39438
   0.99298  0.00246  0.31251
   0.98180  0.00688  0.17157
   0.96969  0.01185  0.02303
   0.95684  0.01693 -0.10327
   0.94341  0.02181 -0.19526
   0.92927  0.02647 -0.25128
   0.91428  0.03099 -0.28474
   0.89839  0.03544 -0.30692
   0.88172  0.03990 -0.33176
   0.86447  0.04435 -0.35833
   0.84681  0.04878 -0.38862
   0.82886  0.05318 -0.41877
   0.81071  0.05754 -0.45185
   0.79241  0.06184 -0.48467
   0.77401  0.06610 -0.51900
   0.75553  0.07030 -0.55526
   0.73700  0.07444 -0.59296
   0.71846  0.07852 -0.63344
   0.69994  0.08252 -0.67567
   0.68142  0.08644 -0.71924
   0.66293  0.09028 -0.76434
   0.64445  0.09403 -0.81162
   0.62600  0.09769 -0.86145
   0.60759  0.10125 -0.91362
   0.58924  0.10469 -0.96796
   0.57093  0.10802 -1.02539
   0.55268  0.11122 -1.08539
   0.53451  0.11428 -1.14822
   0.51641  0.11720 -1.21506
   0.49840  0.11995 -1.28468
   0.48050  0.12253 -1.35840
   0.46270  0.12492 -1.43549
   0.44503  0.12712 -1.51673
   0.42750  0.12910 -1.60193
   0.41012  0.13085 -1.69197
   0.39294  0.13235 -1.78731
   0.37598  0.13358 -1.88674
   0.35925  0.13452 -1.98683
   0.34273  0.13514 -2.08464
   0.32640  0.13544 -2.18012
   0.31026  0.13541 -2.27535
   0.29431  0.13504 -2.36864
   0.27856  0.13431 -2.45913
   0.26302  0.13321 -2.54560
   0.24770  0.13175 -2.62885
   0.23259  0.12990 -2.70195
   0.21767  0.12766 -2.76621
   0.20295  0.12503 -2.82287
   0.18844  0.12202 -2.87721
   0.17420  0.11864 -2.92968
   0.16027  0.11490 -2.97615
   0.14668  0.11080 -3.01696
   0.13349  0.10638 -3.05337
   0.12076  0.10166 -3.09091
   0.10858  0.09669 -3.12453
   0.09704  0.09152 -3.15520
   0.08619  0.08622 -3.18274
   0.07612  0.08086 -3.20643
   0.06686  0.07550 -3.23077
   0.05845  0.07022 -3.25153
   0.05088  0.06509 -3.27280
   0.04415  0.06016 -3.29062
   0.03817  0.05543 -3.30385
   0.03287  0.05093 -3.31665
   0.02818  0.04663 -3.32299
   0.02404  0.04255 -3.32676
   0.02041  0.03870 -3.33329
   0.01723  0.03507 -3.34688
   0.01445  0.03165 -3.36275
   0.01201  0.02839 -3.35558
   0.00987  0.02527 -3.33753
   0.00799  0.02225 -3.29215
   0.00633  0.01933 -3.24133
   0.00487  0.01651 -3.19488
   0.00362  0.01382 -3.15368
   0.00254  0.01126 -3.18767
   0.00164  0.00885 -3.30039
   0.00093  0.00657 -3.40973
   0.00042  0.00439 -3.44482
   0.00010  0.00228 -3.40953
  -0.00000  0.00020 -3.22987
   0.00011 -0.00189 -2.88009
   0.00045 -0.00399 -2.45243
   0.00103 -0.00610 -1.99703
   0.00188 -0.00822 -1.53300
   0.00304 -0.01032 -1.01948
   0.00453 -0.01234 -0.48527
   0.00636 -0.01430 -0.02980
   0.00853 -0.01622  0.31486
   0.01099 -0.01811  0.55804
   0.01369 -0.02001  0.71360
   0.01665 -0.02194  0.81879
   0.01989 -0.02390  0.89425
   0.02347 -0.02589  0.94585
   0.02744 -0.02792  0.97893
   0.03188 -0.03000  0.99603
   0.03686 -0.03213  0.99979
   0.04248 -0.03432  0.99236
   0.04880 -0.03659  0.97562
   0.05594 -0.03893  0.95093
   0.06400 -0.04134  0.91980
   0.07307 -0.04380  0.88319
   0.08324 -0.04628  0.84245
   0.09454 -0.04876  0.79900
   0.10695 -0.05117  0.75384
   0.12037 -0.05348  0.70829
   0.13464 -0.05563  0.66326
   0.14960 -0.05758  0.61920
   0.16506 -0.05928  0.57710
   0.18089 -0.06072  0.53721
   0.19697 -0.06189  0.49944
   0.21320 -0.06277  0.46387
   0.22948 -0.06336  0.42954
   0.24570 -0.06364  0.39780
   0.26177 -0.06360  0.36719
   0.27766 -0.06320  0.34094
   0.29339 -0.06242  0.32132
   0.30907 -0.06123  0.30973
   0.32481 -0.05964  0.30496
   0.34077 -0.05761  0.30955
   0.35710 -0.05517  0.32206
   0.37396 -0.05235  0.33862
   0.39139 -0.04921  0.35648
   0.40936 -0.04581  0.37478
   0.42776 -0.04227  0.39214
   0.44640 -0.03868  0.40595
   0.46506 -0.03513  0.41738
   0.48365 -0.03165  0.42706
   0.50219 -0.02827  0.43511
   0.52071 -0.02498  0.44204
   0.53925 -0.02177  0.44831
   0.55778 -0.01866  0.45423
   0.57629 -0.01564  0.46032
   0.59474 -0.01273  0.46558
   0.61315 -0.00994  0.47125
   0.63150 -0.00728  0.47668
   0.64978 -0.00474  0.48160
   0.66800 -0.00235  0.48665
   0.68616 -0.00011  0.49101
   0.70426  0.00197  0.49541
   0.72229  0.00389  0.49946
   0.74025  0.00564  0.50312
   0.75813  0.00720  0.50676
   0.77592  0.00858  0.51022
   0.79359  0.00975  0.51328
   0.81113  0.01071  0.51616
   0.82852  0.01145  0.51876
   0.84574  0.01196  0.52073
   0.86273  0.01222  0.52268
   0.87943  0.01223  0.52461
   0.89576  0.01197  0.52574
   0.91162  0.01143  0.52663
   0.92692  0.01059  0.52613
   0.94157  0.00943  0.52312
   0.95552  0.00796  0.51663
   0.96872  0.00615  0.50592
   0.98115  0.00404  0.48891
   0.99275  0.00168  0.46888
   1.00000  0.00000  0.39438
