                                                
 Alfa =  10.00000 Re =  4000000.000 Xflap,Yflap =     0.000000    0.000000
#    x        y        Cp  
   1.00000  0.00000  0.59731
   0.99173  0.00509  0.22975
   0.97890  0.01241  0.00349
   0.96542  0.01940 -0.17055
   0.95110  0.02606 -0.30637
   0.93568  0.03244 -0.39749
   0.91887  0.03865 -0.45416
   0.90051  0.04484 -0.49395
   0.88070  0.05111 -0.54844
   0.85986  0.05733 -0.61131
   0.83846  0.06332 -0.67213
   0.81687  0.06897 -0.72967
   0.79522  0.07425 -0.78036
   0.77341  0.07918 -0.82389
   0.75126  0.08383 -0.86085
   0.72864  0.08824 -0.89568
   0.70549  0.09246 -0.92937
   0.68185  0.09651 -0.96512
   0.65786  0.10036 -1.00336
   0.63363  0.10403 -1.04449
   0.60926  0.10750 -1.08781
   0.58482  0.11079 -1.13796
   0.56034  0.11389 -1.19477
   0.53588  0.11679 -1.25744
   0.51154  0.11947 -1.32598
   0.48745  0.12190 -1.40263
   0.46375  0.12405 -1.48967
   0.44050  0.12588 -1.58067
   0.41770  0.12737 -1.67441
   0.39524  0.12847 -1.76769
   0.37299  0.12917 -1.85604
   0.35084  0.12947 -1.94342
   0.32883  0.12936 -2.03431
   0.30709  0.12884 -2.12790
   0.28586  0.12792 -2.23576
   0.26540  0.12662 -2.35822
   0.24581  0.12490 -2.48020
   0.22702  0.12275 -2.59566
   0.20890  0.12014 -2.70019
   0.19123  0.11702 -2.77481
   0.17382  0.11337 -2.80420
   0.15677  0.10933 -2.84128
   0.14059  0.10515 -2.95577
   0.12585  0.10102 -3.17901
   0.11266  0.09686 -3.39377
   0.10080  0.09254 -3.55812
   0.08998  0.08799 -3.57463
   0.07997  0.08325 -3.49644
   0.07071  0.07854 -3.48601
   0.06227  0.07402 -3.65075
   0.05469  0.06965 -3.83737
   0.04794  0.06537 -3.98459
   0.04191  0.06112 -4.03851
   0.03652  0.05691 -4.04008
   0.03168  0.05275 -4.01241
   0.02733  0.04865 -3.96018
   0.02341  0.04460 -3.88565
   0.01988  0.04062 -3.77800
   0.01670  0.03669 -3.65439
   0.01381  0.03285 -3.53533
   0.01119  0.02910 -3.44943
   0.00884  0.02548 -3.44976
   0.00678  0.02202 -3.47315
   0.00501  0.01870 -3.49093
   0.00352  0.01551 -3.47862
   0.00231  0.01243 -3.42767
   0.00136  0.00943 -3.32994
   0.00066  0.00651 -3.16878
   0.00021  0.00363 -2.94178
   0.00001  0.00079 -2.63347
   0.00007 -0.00205 -2.23710
   0.00038 -0.00488 -1.79834
   0.00093 -0.00771 -1.37601
   0.00171 -0.01054 -0.97952
   0.00273 -0.01336 -0.61371
   0.00398 -0.01615 -0.28804
   0.00549 -0.01891  0.00445
   0.00725 -0.02162  0.25705
   0.00927 -0.02425  0.47463
   0.01158 -0.02676  0.65425
   0.01417 -0.02911  0.79789
   0.01705 -0.03124  0.90253
   0.02019 -0.03316  0.96537
   0.02359 -0.03488  0.99449
   0.02721 -0.03645  0.99945
   0.03102 -0.03787  0.98809
   0.03501 -0.03915  0.96500
   0.03917 -0.04028  0.93390
   0.04348 -0.04123  0.89771
   0.04792 -0.04202  0.85888
   0.05249 -0.04261  0.82062
   0.05715 -0.04303  0.78670
   0.06191 -0.04331  0.75734
   0.06675 -0.04351  0.72982
   0.07167 -0.04367  0.70114
   0.07662 -0.04386  0.66463
   0.08156 -0.04412  0.60028
   0.08637 -0.04434  0.51320
   0.09099 -0.04441  0.40726
   0.09538 -0.04424  0.28663
   0.09950 -0.04374  0.16408
   0.10336 -0.04283  0.08202
   0.10698 -0.04150  0.07418
   0.11040 -0.03977  0.11462
   0.11367 -0.03769  0.18242
   0.11682 -0.03526  0.26717
   0.11990 -0.03252  0.35459
   0.12293 -0.02947  0.44015
   0.12596 -0.02612  0.52003
   0.12901 -0.02249  0.59131
   0.13214 -0.01859  0.65506
   0.13540 -0.01444  0.71014
   0.13884 -0.01006  0.75762
   0.14255 -0.00550  0.79743
   0.14664 -0.00082  0.82974
   0.15123  0.00384  0.85228
   0.15644  0.00838  0.86383
   0.16236  0.01274  0.86975
   0.16904  0.01690  0.87113
   0.17654  0.02081  0.86903
   0.18490  0.02448  0.86379
   0.19415  0.02788  0.85603
   0.20431  0.03106  0.84815
   0.21545  0.03404  0.84064
   0.22769  0.03676  0.83185
   0.24118  0.03920  0.82128
   0.25606  0.04131  0.80850
   0.27244  0.04308  0.79320
   0.29036  0.04451  0.77572
   0.30975  0.04567  0.75858
   0.33047  0.04658  0.74283
   0.35228  0.04722  0.72703
   0.37492  0.04758  0.71129
   0.39815  0.04769  0.69583
   0.42187  0.04757  0.68123
   0.44603  0.04723  0.66717
   0.47055  0.04670  0.65368
   0.49532  0.04598  0.64076
   0.52018  0.04510  0.62913
   0.54499  0.04405  0.61843
   0.56969  0.04280  0.60778
   0.59426  0.04135  0.59709
   0.61878  0.03968  0.58489
   0.64334  0.03779  0.57204
   0.66802  0.03568  0.55816
   0.69289  0.03337  0.54344
   0.71800  0.03087  0.52766
   0.74336  0.02820  0.51058
   0.76894  0.02540  0.49347
   0.79469  0.02253  0.47661
   0.82044  0.01963  0.46238
   0.84596  0.01672  0.44891
   0.87085  0.01380  0.43530
   0.89468  0.01089  0.41957
   0.91707  0.00805  0.39524
   0.93781  0.00550  0.37195
   0.95684  0.00341  0.36417
   0.97424  0.00181  0.37802
   0.99014  0.00062  0.42640
   1.00000  0.00000  0.59731
