                                                
 Alfa =  10.00000 Re =  4000000.000 Xflap,Yflap =     0.000000    0.000000
#    x        y        Cp  
   1.00000  0.00000  0.34416
   0.99507  0.00089  0.18963
   0.98684  0.00235  0.12871
   0.97736  0.00402  0.07831
   0.96628  0.00595  0.03783
   0.95334  0.00817 -0.00400
   0.93915  0.01057 -0.03799
   0.92530  0.01287 -0.06751
   0.91130  0.01516 -0.09827
   0.89689  0.01749 -0.12370
   0.88264  0.01976 -0.15055
   0.86860  0.02197 -0.17096
   0.85462  0.02415 -0.19796
   0.84057  0.02632 -0.22080
   0.82638  0.02849 -0.24294
   0.81200  0.03067 -0.26604
   0.79747  0.03286 -0.29461
   0.78287  0.03503 -0.31846
   0.76829  0.03718 -0.34880
   0.75370  0.03928 -0.37639
   0.73907  0.04134 -0.40723
   0.72449  0.04332 -0.43204
   0.70998  0.04522 -0.45800
   0.69551  0.04702 -0.48141
   0.68105  0.04874 -0.49565
   0.66657  0.05038 -0.51102
   0.65206  0.05198 -0.52378
   0.63750  0.05353 -0.53632
   0.62289  0.05507 -0.55003
   0.60824  0.05660 -0.56881
   0.59358  0.05815 -0.58930
   0.57892  0.05970 -0.62177
   0.56429  0.06125 -0.65462
   0.54970  0.06276 -0.69087
   0.53514  0.06423 -0.72718
   0.52063  0.06563 -0.76659
   0.50613  0.06694 -0.80055
   0.49164  0.06816 -0.83387
   0.47713  0.06928 -0.85777
   0.46257  0.07030 -0.88287
   0.44797  0.07126 -0.90710
   0.43332  0.07215 -0.93237
   0.41864  0.07298 -0.95936
   0.40393  0.07378 -0.98989
   0.38922  0.07453 -1.03192
   0.37456  0.07525 -1.07864
   0.35994  0.07589 -1.13107
   0.34539  0.07646 -1.18861
   0.33089  0.07693 -1.24645
   0.31644  0.07727 -1.30618
   0.30202  0.07748 -1.36861
   0.28758  0.07754 -1.42865
   0.27311  0.07743 -1.48948
   0.25859  0.07714 -1.55210
   0.24404  0.07667 -1.61544
   0.22950  0.07601 -1.68132
   0.21501  0.07515 -1.75133
   0.20065  0.07408 -1.82548
   0.18651  0.07282 -1.91191
   0.17262  0.07134 -2.00065
   0.15888  0.06959 -2.09309
   0.14510  0.06753 -2.17505
   0.13099  0.06507 -2.24693
   0.11656  0.06222 -2.33287
   0.10225  0.05909 -2.45806
   0.08888  0.05587 -2.70783
   0.07656  0.05243 -2.99087
   0.06406  0.04819 -3.16846
   0.05102  0.04281 -3.28294
   0.04075  0.03785 -3.47358
   0.03304  0.03355 -3.67431
   0.02604  0.02898 -3.85650
   0.01766  0.02222 -3.34672
   0.00982  0.01525 -3.49731
   0.00606  0.01175 -4.28932
   0.00373  0.00935 -5.08608
   0.00210  0.00743 -6.04899
   0.00095  0.00581 -7.24266
   0.00015  0.00439 -8.68225
  -0.00033  0.00312-10.34496
  -0.00051  0.00196-11.62785
  -0.00040  0.00091-11.30119
   0.00004 -0.00006 -8.28279
   0.00085 -0.00095 -4.44395
   0.00206 -0.00178 -1.92221
   0.00374 -0.00255 -0.48148
   0.00602 -0.00323  0.32283
   0.00920 -0.00378  0.75878
   0.01403 -0.00387  0.96948
   0.02145 -0.00237  0.99559
   0.02955 -0.00038  0.97885
   0.03835  0.00080  0.95322
   0.04953  0.00171  0.91035
   0.06366  0.00312  0.86946
   0.07780  0.00466  0.84390
   0.09151  0.00589  0.81892
   0.10553  0.00684  0.79347
   0.11987  0.00756  0.76578
   0.13437  0.00815  0.73777
   0.14890  0.00871  0.71202
   0.16341  0.00934  0.69357
   0.17789  0.01002  0.67950
   0.19238  0.01068  0.66855
   0.20687  0.01126  0.65616
   0.22140  0.01172  0.64244
   0.23597  0.01209  0.62850
   0.25059  0.01238  0.61393
   0.26527  0.01260  0.60018
   0.28000  0.01279  0.58668
   0.29477  0.01295  0.57330
   0.30956  0.01310  0.56258
   0.32435  0.01325  0.55307
   0.33912  0.01338  0.54411
   0.35385  0.01348  0.53515
   0.36856  0.01354  0.52823
   0.38322  0.01356  0.52048
   0.39786  0.01351  0.51209
   0.41249  0.01340  0.50095
   0.42711  0.01323  0.49183
   0.44175  0.01301  0.48003
   0.45640  0.01277  0.46933
   0.47107  0.01251  0.45735
   0.48577  0.01224  0.44723
   0.50049  0.01199  0.43735
   0.51523  0.01176  0.42961
   0.52997  0.01155  0.42296
   0.54471  0.01135  0.41653
   0.55945  0.01115  0.41235
   0.57418  0.01093  0.40610
   0.58890  0.01070  0.40073
   0.60361  0.01043  0.39507
   0.61831  0.01013  0.38773
   0.63300  0.00980  0.38015
   0.64768  0.00945  0.37161
   0.66237  0.00906  0.36587
   0.67708  0.00866  0.35583
   0.69180  0.00824  0.34796
   0.70656  0.00780  0.34007
   0.72132  0.00736  0.33122
   0.73603  0.00691  0.32307
   0.75071  0.00646  0.31484
   0.76536  0.00602  0.30695
   0.78003  0.00558  0.29868
   0.79475  0.00515  0.29192
   0.80947  0.00473  0.28691
   0.82402  0.00433  0.27780
   0.83839  0.00394  0.27589
   0.85263  0.00353  0.27031
   0.86678  0.00311  0.26358
   0.88097  0.00267  0.25729
   0.89533  0.00217  0.24846
   0.90996  0.00162  0.23323
   0.92430  0.00107  0.21506
   0.93853  0.00057  0.19902
   0.95292  0.00018  0.18596
   0.96590 -0.00004  0.18514
   0.97706 -0.00012  0.19210
   0.98665 -0.00012  0.20715
   0.99499 -0.00006  0.23739
   1.00000  0.00000  0.34416
