                                                
 Alfa =  10.00000 Re =  4000000.000 Xflap,Yflap =     0.000000    0.000000
#    x        y        Cp  
   1.00000  0.00000  0.40434
   0.99262  0.00047  0.29218
   0.98067  0.00130  0.25031
   0.96754  0.00231  0.22462
   0.95319  0.00353  0.20507
   0.93776  0.00498  0.18765
   0.92155  0.00666  0.17087
   0.90489  0.00856  0.15379
   0.88798  0.01067  0.13466
   0.87090  0.01298  0.11317
   0.85364  0.01550  0.08993
   0.83624  0.01819  0.06504
   0.81870  0.02107  0.03807
   0.80102  0.02412  0.00885
   0.78318  0.02733 -0.02344
   0.76516  0.03069 -0.05794
   0.74698  0.03419 -0.09509
   0.72863  0.03780 -0.13525
   0.71015  0.04150 -0.17740
   0.69161  0.04525 -0.22288
   0.67306  0.04903 -0.27041
   0.65457  0.05279 -0.31992
   0.63617  0.05649 -0.37151
   0.61790  0.06012 -0.42357
   0.59975  0.06365 -0.47671
   0.58171  0.06705 -0.52901
   0.56378  0.07033 -0.58178
   0.54592  0.07348 -0.63474
   0.52814  0.07648 -0.68853
   0.51042  0.07934 -0.74349
   0.49273  0.08204 -0.79968
   0.47508  0.08459 -0.85713
   0.45746  0.08696 -0.91629
   0.43989  0.08915 -0.97626
   0.42242  0.09114 -1.03793
   0.40510  0.09292 -1.10014
   0.38799  0.09447 -1.16633
   0.37114  0.09578 -1.23229
   0.35457  0.09684 -1.29966
   0.33824  0.09764 -1.36498
   0.32207  0.09817 -1.42813
   0.30595  0.09843 -1.48912
   0.28975  0.09839 -1.54055
   0.27332  0.09804 -1.58628
   0.25660  0.09740 -1.63088
   0.23965  0.09645 -1.67869
   0.22268  0.09523 -1.73464
   0.20606  0.09379 -1.80263
   0.19019  0.09218 -1.91155
   0.17530  0.09041 -2.04318
   0.16131  0.08839 -2.16799
   0.14795  0.08603 -2.26142
   0.13490  0.08326 -2.29724
   0.12201  0.08009 -2.31848
   0.10946  0.07665 -2.34340
   0.09765  0.07313 -2.41330
   0.08694  0.06966 -2.55092
   0.07733  0.06621 -2.67200
   0.06860  0.06268 -2.70621
   0.06056  0.05910 -2.70104
   0.05320  0.05557 -2.71589
   0.04658  0.05224 -2.82361
   0.04073  0.04911 -3.00287
   0.03560  0.04614 -3.17595
   0.03108  0.04326 -3.31763
   0.02707  0.04044 -3.41940
   0.02350  0.03762 -3.43159
   0.02027  0.03478 -3.35861
   0.01733  0.03193 -3.24865
   0.01465  0.02910 -3.13121
   0.01221  0.02633 -3.05066
   0.00999  0.02364 -3.04663
   0.00802  0.02107 -3.06020
   0.00630  0.01861 -3.07626
   0.00482  0.01625 -3.08865
   0.00356  0.01399 -3.08878
   0.00249  0.01181 -3.05940
   0.00163  0.00969 -3.00820
   0.00094  0.00762 -2.90551
   0.00044  0.00560 -2.76015
   0.00012  0.00360 -2.55273
  -0.00003  0.00163 -2.27510
   0.00002 -0.00034 -1.92561
   0.00027 -0.00231 -1.49653
   0.00070 -0.00429 -1.07239
   0.00132 -0.00629 -0.68263
   0.00213 -0.00830 -0.32905
   0.00313 -0.01035 -0.02494
   0.00434 -0.01242  0.23400
   0.00576 -0.01452  0.44748
   0.00741 -0.01664  0.62147
   0.00931 -0.01878  0.75737
   0.01147 -0.02091  0.86026
   0.01390 -0.02300  0.93256
   0.01661 -0.02501  0.97686
   0.01960 -0.02694  0.99718
   0.02290 -0.02879  0.99875
   0.02652 -0.03059  0.98682
   0.03049 -0.03237  0.96515
   0.03488 -0.03412  0.93637
   0.03975 -0.03585  0.90241
   0.04517 -0.03755  0.86553
   0.05124 -0.03925  0.82684
   0.05804 -0.04094  0.78696
   0.06568 -0.04264  0.74684
   0.07428 -0.04435  0.70674
   0.08388 -0.04611  0.66124
   0.09447 -0.04784  0.61230
   0.10604 -0.04944  0.56733
   0.11866 -0.05083  0.53047
   0.13239 -0.05202  0.49986
   0.14724 -0.05302  0.47377
   0.16308 -0.05388  0.44723
   0.17967 -0.05462  0.42082
   0.19675 -0.05521  0.39658
   0.21417 -0.05565  0.37445
   0.23188 -0.05595  0.35444
   0.24982 -0.05611  0.33630
   0.26794 -0.05615  0.31978
   0.28622 -0.05607  0.30511
   0.30460 -0.05590  0.29101
   0.32307 -0.05563  0.27724
   0.34159 -0.05528  0.26431
   0.36014 -0.05483  0.25234
   0.37871 -0.05431  0.24075
   0.39728 -0.05370  0.23050
   0.41585 -0.05300  0.22028
   0.43440 -0.05223  0.21121
   0.45295 -0.05138  0.20269
   0.47150 -0.05045  0.19484
   0.49006 -0.04943  0.18803
   0.50864 -0.04833  0.18211
   0.52727 -0.04715  0.17739
   0.54595 -0.04589  0.17315
   0.56468 -0.04456  0.16954
   0.58348 -0.04317  0.16652
   0.60230 -0.04172  0.16314
   0.62112 -0.04022  0.15966
   0.63993 -0.03868  0.15593
   0.65869 -0.03708  0.15305
   0.67742 -0.03543  0.15063
   0.69612 -0.03371  0.14900
   0.71483 -0.03193  0.14938
   0.73358 -0.03009  0.15066
   0.75239 -0.02820  0.15248
   0.77129 -0.02627  0.15455
   0.79028 -0.02431  0.15661
   0.80936 -0.02233  0.15793
   0.82853 -0.02035  0.15763
   0.84770 -0.01835  0.15725
   0.86676 -0.01636  0.15678
   0.88554 -0.01438  0.15671
   0.90385 -0.01244  0.15442
   0.92148 -0.01052  0.15157
   0.93818 -0.00861  0.15173
   0.95371 -0.00670  0.16012
   0.96795 -0.00480  0.17958
   0.98091 -0.00295  0.21146
   0.99271 -0.00115  0.26592
   1.00000  0.00000  0.40434
