                                                
 Alfa =  10.00000 Re =  4000000.000 Xflap,Yflap =     0.000000    0.000000
#    x        y        Cp  
   1.00000  0.00000  0.44639
   0.99384  0.00151  0.27143
   0.98366  0.00398  0.18360
   0.97215  0.00675  0.11972
   0.95908  0.00987  0.06382
   0.94443  0.01333  0.01227
   0.92858  0.01702 -0.03885
   0.91215  0.02080 -0.08527
   0.89566  0.02452 -0.12976
   0.87923  0.02817 -0.17322
   0.86285  0.03174 -0.21379
   0.84648  0.03522 -0.25370
   0.83011  0.03862 -0.29210
   0.81371  0.04192 -0.32859
   0.79727  0.04512 -0.36323
   0.78078  0.04823 -0.39481
   0.76421  0.05125 -0.42384
   0.74756  0.05419 -0.45245
   0.73084  0.05706 -0.48049
   0.71403  0.05986 -0.50865
   0.69714  0.06261 -0.53761
   0.68017  0.06531 -0.56864
   0.66315  0.06795 -0.60137
   0.64609  0.07054 -0.63539
   0.62903  0.07306 -0.67101
   0.61200  0.07551 -0.70891
   0.59507  0.07788 -0.74987
   0.57827  0.08017 -0.79576
   0.56164  0.08233 -0.84299
   0.54518  0.08437 -0.89145
   0.52887  0.08626 -0.93932
   0.51267  0.08800 -0.98635
   0.49652  0.08957 -1.02908
   0.48034  0.09098 -1.06644
   0.46407  0.09223 -1.10139
   0.44767  0.09334 -1.13599
   0.43115  0.09432 -1.17051
   0.41454  0.09516 -1.20898
   0.39792  0.09588 -1.25289
   0.38139  0.09648 -1.30655
   0.36504  0.09694 -1.36650
   0.34891  0.09722 -1.42761
   0.33301  0.09732 -1.48955
   0.31732  0.09722 -1.55168
   0.30176  0.09690 -1.61093
   0.28627  0.09634 -1.66284
   0.27075  0.09555 -1.71223
   0.25519  0.09451 -1.76027
   0.23958  0.09323 -1.80926
   0.22397  0.09170 -1.86217
   0.20846  0.08995 -1.92083
   0.19319  0.08800 -1.99278
   0.17828  0.08585 -2.08171
   0.16380  0.08348 -2.17457
   0.14974  0.08087 -2.26874
   0.13604  0.07798 -2.36060
   0.12269  0.07480 -2.45077
   0.10979  0.07135 -2.53889
   0.09752  0.06768 -2.62843
   0.08603  0.06384 -2.72575
   0.07538  0.05986 -2.79728
   0.06547  0.05574 -2.80638
   0.05630  0.05159 -2.81093
   0.04795  0.04758 -2.86139
   0.04055  0.04384 -2.98049
   0.03416  0.04045 -3.14132
   0.02871  0.03740 -3.34233
   0.02406  0.03468 -3.64539
   0.02008  0.03218 -4.08924
   0.01664  0.02977 -4.45594
   0.01365  0.02739 -4.69016
   0.01104  0.02499 -4.77970
   0.00877  0.02263 -4.83210
   0.00681  0.02034 -4.86492
   0.00513  0.01812 -4.90708
   0.00371  0.01598 -4.93827
   0.00252  0.01391 -4.96381
   0.00155  0.01190 -4.96407
   0.00078  0.00996 -4.92935
   0.00020  0.00807 -4.84628
  -0.00019  0.00623 -4.68646
  -0.00039  0.00442 -4.43084
  -0.00040  0.00266 -4.04019
  -0.00020  0.00092 -3.53486
   0.00022 -0.00079 -2.84113
   0.00087 -0.00249 -2.08608
   0.00175 -0.00417 -1.39799
   0.00286 -0.00585 -0.80109
   0.00420 -0.00751 -0.31355
   0.00579 -0.00917  0.07473
   0.00764 -0.01081  0.37710
   0.00977 -0.01242  0.60493
   0.01220 -0.01396  0.77114
   0.01492 -0.01538  0.88618
   0.01796 -0.01665  0.95670
   0.02137 -0.01779  0.99122
   0.02520 -0.01881  0.99998
   0.02953 -0.01976  0.99206
   0.03449 -0.02065  0.97293
   0.04023 -0.02147  0.94628
   0.04693 -0.02223  0.91508
   0.05479 -0.02296  0.88007
   0.06394 -0.02365  0.84107
   0.07443 -0.02426  0.80059
   0.08624 -0.02474  0.76044
   0.09935 -0.02504  0.72233
   0.11366 -0.02512  0.68856
   0.12899 -0.02499  0.65970
   0.14508 -0.02468  0.63516
   0.16167 -0.02428  0.61235
   0.17854 -0.02380  0.59082
   0.19556 -0.02325  0.57160
   0.21265 -0.02264  0.55508
   0.22979 -0.02199  0.54083
   0.24697 -0.02129  0.52820
   0.26419 -0.02059  0.51685
   0.28145 -0.01988  0.50647
   0.29874 -0.01920  0.49630
   0.31608 -0.01855  0.48538
   0.33345 -0.01793  0.47424
   0.35088 -0.01733  0.46350
   0.36834 -0.01675  0.45251
   0.38585 -0.01617  0.44222
   0.40341 -0.01559  0.43256
   0.42099 -0.01500  0.42376
   0.43859 -0.01439  0.41567
   0.45622 -0.01379  0.40795
   0.47385 -0.01317  0.40108
   0.49147 -0.01255  0.39426
   0.50908 -0.01193  0.38834
   0.52666 -0.01130  0.38274
   0.54421 -0.01069  0.37747
   0.56173 -0.01008  0.37242
   0.57921 -0.00948  0.36779
   0.59669 -0.00891  0.36252
   0.61417 -0.00835  0.35755
   0.63167 -0.00782  0.35182
   0.64921 -0.00730  0.34660
   0.66678 -0.00679  0.34095
   0.68437 -0.00629  0.33602
   0.70198 -0.00580  0.33136
   0.71956 -0.00531  0.32796
   0.73711 -0.00483  0.32487
   0.75459 -0.00439  0.32151
   0.77199 -0.00397  0.31844
   0.78930 -0.00360  0.31448
   0.80651 -0.00329  0.30927
   0.82363 -0.00302  0.30208
   0.84066 -0.00279  0.29495
   0.85763 -0.00256  0.28747
   0.87456 -0.00234  0.28113
   0.89151 -0.00209  0.27584
   0.90851 -0.00180  0.27353
   0.92552 -0.00147  0.27513
   0.94207 -0.00113  0.27853
   0.95743 -0.00082  0.28423
   0.97112 -0.00055  0.29274
   0.98311 -0.00032  0.30736
   0.99365 -0.00012  0.34198
   1.00000  0.00000  0.44639
