                                                
 Alfa =  10.00000 Re =  4000000.000 Xflap,Yflap =     0.000000    0.000000
#    x        y        Cp  
   1.00000 -0.00115  0.27479
   0.99441  0.00016  0.13177
   0.98305  0.00277  0.04692
   0.96989  0.00572 -0.02028
   0.95636  0.00866 -0.07109
   0.94281  0.01151 -0.11619
   0.92956  0.01420 -0.13993
   0.91672  0.01679 -0.19499
   0.90360  0.01926 -0.19531
   0.89000  0.02185 -0.23520
   0.87617  0.02442 -0.25420
   0.86228  0.02696 -0.28636
   0.84842  0.02948 -0.31071
   0.83455  0.03196 -0.34072
   0.82065  0.03442 -0.36666
   0.80675  0.03685 -0.39945
   0.79290  0.03924 -0.43115
   0.77902  0.04158 -0.46085
   0.76513  0.04390 -0.49581
   0.75129  0.04615 -0.53214
   0.73748  0.04833 -0.56888
   0.72368  0.05043 -0.60451
   0.70988  0.05244 -0.63928
   0.69610  0.05436 -0.67274
   0.68233  0.05618 -0.70818
   0.66858  0.05787 -0.74128
   0.65483  0.05943 -0.76770
   0.64108  0.06087 -0.79445
   0.62731  0.06218 -0.81463
   0.61352  0.06337 -0.83267
   0.59970  0.06444 -0.84937
   0.58584  0.06540 -0.85775
   0.57193  0.06627 -0.87369
   0.55799  0.06706 -0.88514
   0.54402  0.06777 -0.89566
   0.53001  0.06842 -0.91306
   0.51601  0.06900 -0.93096
   0.50201  0.06952 -0.95100
   0.48801  0.06998 -0.97121
   0.47401  0.07037 -0.99586
   0.46005  0.07069 -1.02171
   0.44610  0.07092 -1.04294
   0.43213  0.07108 -1.06501
   0.41817  0.07115 -1.08841
   0.40422  0.07114 -1.11294
   0.39027  0.07104 -1.13279
   0.37630  0.07086 -1.15556
   0.36233  0.07061 -1.17946
   0.34834  0.07028 -1.20020
   0.33432  0.06988 -1.22879
   0.32030  0.06943 -1.26239
   0.30630  0.06891 -1.30150
   0.29234  0.06831 -1.34355
   0.27843  0.06764 -1.39168
   0.26454  0.06687 -1.44095
   0.25071  0.06599 -1.49819
   0.23696  0.06498 -1.55552
   0.22324  0.06383 -1.60797
   0.20954  0.06253 -1.66628
   0.19591  0.06107 -1.72468
   0.18231  0.05945 -1.78462
   0.16874  0.05764 -1.84775
   0.15522  0.05566 -1.92174
   0.14181  0.05349 -2.00426
   0.12850  0.05111 -2.08860
   0.11526  0.04850 -2.18184
   0.10217  0.04565 -2.29197
   0.08921  0.04253 -2.39987
   0.07637  0.03912 -2.52814
   0.06365  0.03542 -2.68454
   0.05111  0.03142 -2.90785
   0.03900  0.02719 -3.28494
   0.02788  0.02283 -3.87878
   0.01857  0.01855 -4.78586
   0.01155  0.01457 -6.04758
   0.00699  0.01122 -7.37333
   0.00409  0.00841 -8.60903
   0.00223  0.00598 -9.37684
   0.00105  0.00389-10.10876
   0.00032  0.00206-11.71902
   0.00000  0.00048-14.60149
   0.00021 -0.00105-15.37907
   0.00122 -0.00240 -7.03651
   0.00297 -0.00352 -2.04056
   0.00539 -0.00473 -0.54418
   0.00886 -0.00615  0.29648
   0.01420 -0.00787  0.76557
   0.02184 -0.00960  0.96478
   0.03149 -0.01095  0.99890
   0.04285 -0.01173  0.96390
   0.05525 -0.01192  0.91197
   0.06827 -0.01167  0.86149
   0.08161 -0.01110  0.81639
   0.09505 -0.01025  0.77807
   0.10855 -0.00916  0.74674
   0.12214 -0.00785  0.72237
   0.13584 -0.00636  0.70357
   0.14967 -0.00473  0.68998
   0.16362 -0.00302  0.67914
   0.17762 -0.00129  0.67105
   0.19157  0.00043  0.66506
   0.20543  0.00206  0.65971
   0.21922  0.00359  0.65464
   0.23297  0.00499  0.64904
   0.24672  0.00625  0.64217
   0.26049  0.00738  0.63523
   0.27428  0.00837  0.62674
   0.28813  0.00925  0.61826
   0.30201  0.01003  0.60967
   0.31592  0.01070  0.60039
   0.32985  0.01129  0.59185
   0.34382  0.01180  0.58297
   0.35784  0.01225  0.57236
   0.37187  0.01264  0.56577
   0.38590  0.01297  0.55655
   0.39996  0.01326  0.54789
   0.41405  0.01351  0.53955
   0.42813  0.01372  0.53354
   0.44220  0.01389  0.52512
   0.45629  0.01403  0.51755
   0.47040  0.01414  0.51158
   0.48448  0.01421  0.50416
   0.49858  0.01425  0.49815
   0.51269  0.01426  0.49050
   0.52679  0.01424  0.48524
   0.54089  0.01420  0.47857
   0.55501  0.01412  0.47202
   0.56914  0.01403  0.46659
   0.58324  0.01391  0.46110
   0.59734  0.01376  0.45649
   0.61146  0.01359  0.45050
   0.62555  0.01338  0.44690
   0.63962  0.01315  0.44126
   0.65369  0.01287  0.43741
   0.66777  0.01255  0.43096
   0.68182  0.01219  0.42750
   0.69586  0.01178  0.41991
   0.70991  0.01132  0.41620
   0.72395  0.01082  0.40874
   0.73798  0.01026  0.40231
   0.75202  0.00966  0.39458
   0.76610  0.00902  0.38642
   0.78017  0.00834  0.37774
   0.79427  0.00763  0.37151
   0.80840  0.00691  0.36189
   0.82252  0.00617  0.35546
   0.83661  0.00541  0.35036
   0.85068  0.00462  0.34294
   0.86476  0.00380  0.33526
   0.87884  0.00295  0.32987
   0.89289  0.00207  0.32108
   0.90691  0.00115  0.31367
   0.92092  0.00019  0.30513
   0.93465 -0.00080  0.28950
   0.94749 -0.00172  0.31133
   0.95898 -0.00281  0.22321
   0.97036 -0.00348  0.29304
   0.98270 -0.00448  0.25579
   0.99426 -0.00543  0.26101
   1.00000 -0.00589  0.27479
