                                                
 Alfa =  10.00000 Re =  4000000.000 Xflap,Yflap =     0.000000    0.000000
#    x        y        Cp  
   1.00000  0.00500  0.53545
   0.99316  0.00754  0.32486
   0.98210  0.01157  0.21518
   0.96995  0.01586  0.12654
   0.95664  0.02042  0.05172
   0.94216  0.02519 -0.01316
   0.92665  0.03012 -0.06981
   0.91037  0.03513 -0.12011
   0.89352  0.04018 -0.16807
   0.87622  0.04524 -0.21535
   0.85855  0.05031 -0.26169
   0.84061  0.05535 -0.30825
   0.82253  0.06036 -0.35526
   0.80442  0.06530 -0.40401
   0.78642  0.07016 -0.45981
   0.76862  0.07488 -0.51910
   0.75108  0.07943 -0.58091
   0.73378  0.08378 -0.64175
   0.71666  0.08791 -0.70177
   0.69965  0.09183 -0.75808
   0.68263  0.09554 -0.80561
   0.66549  0.09907 -0.84984
   0.64819  0.10244 -0.89165
   0.63070  0.10568 -0.93380
   0.61306  0.10879 -0.97809
   0.59534  0.11177 -1.02792
   0.57767  0.11460 -1.08650
   0.56016  0.11725 -1.14931
   0.54286  0.11968 -1.21300
   0.52577  0.12188 -1.27610
   0.50887  0.12382 -1.33739
   0.49207  0.12552 -1.39285
   0.47530  0.12696 -1.44153
   0.45850  0.12816 -1.48771
   0.44164  0.12912 -1.53169
   0.42470  0.12985 -1.57564
   0.40773  0.13035 -1.62045
   0.39077  0.13062 -1.66860
   0.37390  0.13066 -1.72115
   0.35717  0.13045 -1.77382
   0.34061  0.13000 -1.82715
   0.32420  0.12930 -1.88008
   0.30790  0.12832 -1.93081
   0.29165  0.12707 -1.97848
   0.27539  0.12553 -2.02419
   0.25909  0.12369 -2.06870
   0.24278  0.12155 -2.11438
   0.22656  0.11913 -2.16293
   0.21058  0.11644 -2.21536
   0.19503  0.11354 -2.28210
   0.18006  0.11045 -2.36412
   0.16570  0.10717 -2.44754
   0.15188  0.10364 -2.52361
   0.13840  0.09981 -2.57809
   0.12520  0.09568 -2.62649
   0.11247  0.09134 -2.68377
   0.10055  0.08696 -2.77794
   0.08976  0.08270 -2.95794
   0.08013  0.07852 -3.13549
   0.07147  0.07426 -3.20981
   0.06352  0.06987 -3.17702
   0.05619  0.06541 -3.11988
   0.04947  0.06101 -3.08275
   0.04340  0.05678 -3.09391
   0.03800  0.05276 -3.11863
   0.03320  0.04893 -3.14263
   0.02892  0.04529 -3.15297
   0.02510  0.04179 -3.15487
   0.02167  0.03841 -3.12311
   0.01856  0.03512 -3.07531
   0.01572  0.03194 -3.02918
   0.01314  0.02887 -3.00060
   0.01080  0.02595 -3.04986
   0.00871  0.02317 -3.13834
   0.00688  0.02056 -3.23059
   0.00530  0.01807 -3.32258
   0.00394  0.01571 -3.39994
   0.00280  0.01344 -3.45509
   0.00186  0.01126 -3.48326
   0.00111  0.00914 -3.46454
   0.00054  0.00707 -3.39280
   0.00016  0.00505 -3.26400
  -0.00005  0.00305 -3.04180
  -0.00007  0.00107 -2.74044
   0.00010 -0.00090 -2.33472
   0.00048 -0.00288 -1.86448
   0.00104 -0.00486 -1.39621
   0.00180 -0.00685 -0.96848
   0.00275 -0.00886 -0.58314
   0.00390 -0.01088 -0.24349
   0.00526 -0.01291  0.04691
   0.00684 -0.01494  0.29192
   0.00866 -0.01696  0.49599
   0.01073 -0.01894  0.66080
   0.01307 -0.02085  0.79088
   0.01568 -0.02264  0.88748
   0.01857 -0.02432  0.95058
   0.02175 -0.02590  0.98540
   0.02525 -0.02741  0.99896
   0.02906 -0.02889  0.99780
   0.03322 -0.03033  0.98584
   0.03778 -0.03172  0.96537
   0.04279 -0.03305  0.93854
   0.04831 -0.03429  0.90729
   0.05443 -0.03542  0.87394
   0.06126 -0.03644  0.84079
   0.06896 -0.03734  0.80872
   0.07768 -0.03819  0.77585
   0.08746 -0.03899  0.73817
   0.09827 -0.03967  0.69926
   0.11011 -0.04011  0.66552
   0.12306 -0.04027  0.63789
   0.13724 -0.04015  0.61562
   0.15265 -0.03980  0.59670
   0.16921 -0.03926  0.57845
   0.18669 -0.03857  0.56212
   0.20484 -0.03779  0.54719
   0.22346 -0.03694  0.53228
   0.24241 -0.03604  0.51858
   0.26153 -0.03512  0.50600
   0.28071 -0.03419  0.49430
   0.29991 -0.03325  0.48330
   0.31912 -0.03233  0.47250
   0.33834 -0.03141  0.46195
   0.35760 -0.03050  0.45182
   0.37690 -0.02959  0.44242
   0.39623 -0.02868  0.43301
   0.41558 -0.02776  0.42472
   0.43496 -0.02684  0.41665
   0.45434 -0.02592  0.40912
   0.47373 -0.02500  0.40204
   0.49311 -0.02408  0.39513
   0.51250 -0.02316  0.38864
   0.53188 -0.02224  0.38241
   0.55126 -0.02131  0.37649
   0.57065 -0.02039  0.37059
   0.59003 -0.01947  0.36561
   0.60942 -0.01855  0.36005
   0.62881 -0.01763  0.35543
   0.64821 -0.01671  0.35069
   0.66760 -0.01579  0.34650
   0.68699 -0.01487  0.34245
   0.70638 -0.01395  0.33859
   0.72576 -0.01303  0.33524
   0.74513 -0.01211  0.33193
   0.76449 -0.01119  0.32944
   0.78383 -0.01027  0.32691
   0.80316 -0.00935  0.32474
   0.82247 -0.00843  0.32365
   0.84175 -0.00752  0.32263
   0.86094 -0.00661  0.32252
   0.87999 -0.00570  0.32358
   0.89881 -0.00481  0.32550
   0.91729 -0.00393  0.32986
   0.93513 -0.00308  0.33622
   0.95185 -0.00228  0.34583
   0.96703 -0.00156  0.36070
   0.98058 -0.00092  0.38366
   0.99266 -0.00035  0.42475
   1.00000  0.00000  0.53545
