                                                
 Alfa =  10.00000 Re =  4000000.000 Xflap,Yflap =     0.000000    0.000000
#    x        y        Cp  
   1.00000  0.00125  0.32588
   0.99260  0.00303  0.18518
   0.98027  0.00595  0.12410
   0.96638  0.00922  0.06680
   0.95099  0.01279  0.01907
   0.93427  0.01662 -0.02153
   0.91642  0.02069 -0.06320
   0.89776  0.02495 -0.10861
   0.87858  0.02932 -0.15386
   0.85915  0.03371 -0.19949
   0.83960  0.03807 -0.23953
   0.82002  0.04243 -0.28353
   0.80054  0.04675 -0.34105
   0.78103  0.05096 -0.38024
   0.76143  0.05514 -0.42947
   0.74200  0.05922 -0.48450
   0.72273  0.06315 -0.53615
   0.70360  0.06693 -0.59077
   0.68464  0.07054 -0.64476
   0.66583  0.07397 -0.69828
   0.64717  0.07720 -0.75153
   0.62862  0.08022 -0.80455
   0.61019  0.08303 -0.85599
   0.59182  0.08559 -0.89800
   0.57339  0.08797 -0.93740
   0.55507  0.09016 -0.99654
   0.53686  0.09210 -1.03464
   0.51857  0.09381 -1.07089
   0.50036  0.09532 -1.12201
   0.48215  0.09657 -1.14920
   0.46382  0.09761 -1.18222
   0.44548  0.09844 -1.21978
   0.42707  0.09904 -1.24245
   0.40850  0.09944 -1.26709
   0.38985  0.09967 -1.30297
   0.37124  0.09971 -1.34234
   0.35260  0.09956 -1.37242
   0.33395  0.09923 -1.41565
   0.31539  0.09872 -1.46224
   0.29690  0.09802 -1.50659
   0.27853  0.09713 -1.55967
   0.26033  0.09606 -1.61514
   0.24233  0.09480 -1.67967
   0.22466  0.09336 -1.75311
   0.20736  0.09172 -1.82458
   0.19050  0.08992 -1.91134
   0.17426  0.08795 -2.01221
   0.15874  0.08584 -2.11355
   0.14404  0.08361 -2.23330
   0.13031  0.08130 -2.37466
   0.11763  0.07891 -2.52584
   0.10598  0.07647 -2.68222
   0.09535  0.07400 -2.85375
   0.08567  0.07149 -3.03704
   0.07688  0.06898 -3.23202
   0.06894  0.06645 -3.46406
   0.06177  0.06391 -3.70076
   0.05528  0.06131 -3.91217
   0.04941  0.05865 -4.06911
   0.04406  0.05591 -4.15216
   0.03918  0.05313 -4.19913
   0.03471  0.05032 -4.23092
   0.03062  0.04750 -4.24490
   0.02686  0.04470 -4.26076
   0.02342  0.04191 -4.30093
   0.02027  0.03916 -4.35650
   0.01741  0.03642 -4.39365
   0.01483  0.03370 -4.40690
   0.01251  0.03100 -4.37514
   0.01043  0.02831 -4.27808
   0.00858  0.02565 -4.15949
   0.00693  0.02301 -4.02547
   0.00547  0.02041 -3.88796
   0.00419  0.01784 -3.78730
   0.00307  0.01532 -3.67848
   0.00212  0.01283 -3.56827
   0.00135  0.01040 -3.44475
   0.00075  0.00803 -3.30437
   0.00033  0.00571 -3.13125
   0.00007  0.00345 -2.91922
  -0.00000  0.00121 -2.66069
   0.00011 -0.00103 -2.34168
   0.00041 -0.00328 -1.98513
   0.00093 -0.00554 -1.61246
   0.00169 -0.00781 -1.21101
   0.00272 -0.01006 -0.78006
   0.00402 -0.01227 -0.36234
   0.00558 -0.01441 -0.00843
   0.00738 -0.01648  0.27692
   0.00943 -0.01849  0.50194
   0.01172 -0.02044  0.67122
   0.01425 -0.02234  0.79388
   0.01702 -0.02420  0.88039
   0.02006 -0.02602  0.93849
   0.02337 -0.02782  0.97443
   0.02696 -0.02963  0.99346
   0.03087 -0.03144  0.99993
   0.03511 -0.03327  0.99653
   0.03975 -0.03510  0.98516
   0.04484 -0.03694  0.96748
   0.05044 -0.03879  0.94485
   0.05663 -0.04067  0.91792
   0.06349 -0.04256  0.88832
   0.07110 -0.04449  0.85619
   0.07956 -0.04645  0.82235
   0.08897 -0.04844  0.78679
   0.09941 -0.05047  0.74992
   0.11095 -0.05252  0.71168
   0.12358 -0.05455  0.67296
   0.13731 -0.05653  0.63605
   0.15211 -0.05843  0.60054
   0.16782 -0.06024  0.56430
   0.18432 -0.06190  0.53221
   0.20157 -0.06343  0.50283
   0.21931 -0.06486  0.46990
   0.23737 -0.06610  0.44179
   0.25577 -0.06717  0.41662
   0.27440 -0.06809  0.39083
   0.29317 -0.06885  0.36718
   0.31206 -0.06946  0.34506
   0.33101 -0.06991  0.32361
   0.34996 -0.07021  0.30173
   0.36884 -0.07035  0.28082
   0.38763 -0.07032  0.26097
   0.40632 -0.07009  0.24334
   0.42495 -0.06967  0.22804
   0.44350 -0.06906  0.21323
   0.46196 -0.06825  0.20000
   0.48035 -0.06723  0.18999
   0.49870 -0.06600  0.18237
   0.51692 -0.06459  0.17077
   0.53498 -0.06294  0.16644
   0.55307 -0.06104  0.16803
   0.57112 -0.05894  0.16484
   0.58908 -0.05658  0.16814
   0.60712 -0.05393  0.17905
   0.62539 -0.05099  0.19616
   0.64398 -0.04781  0.21385
   0.66284 -0.04441  0.23264
   0.68200 -0.04081  0.25510
   0.70150 -0.03706  0.27986
   0.72120 -0.03328  0.30024
   0.74090 -0.02953  0.31729
   0.76046 -0.02582  0.33765
   0.77963 -0.02224  0.35985
   0.79838 -0.01885  0.37868
   0.81670 -0.01570  0.39741
   0.83451 -0.01281  0.41505
   0.85179 -0.01023  0.43151
   0.86852 -0.00798  0.44628
   0.88469 -0.00609  0.45903
   0.90028 -0.00458  0.46916
   0.91529 -0.00344  0.47779
   0.92968 -0.00269  0.48377
   0.94344 -0.00234  0.48678
   0.95660 -0.00240  0.48383
   0.96918 -0.00287  0.47455
   0.98118 -0.00374  0.45325
   0.99264 -0.00497  0.42286
   1.00000 -0.00597  0.32588
