                                                
 Alfa =  10.00000 Re =  4000000.000 Xflap,Yflap =     0.000000    0.000000
#    x        y        Cp  
   1.00000  0.00000  0.24203
   0.99413  0.00169  0.15168
   0.98229  0.00529  0.02571
   0.96952  0.00917 -0.10094
   0.95669  0.01288 -0.18701
   0.94387  0.01632 -0.24718
   0.93090  0.01955 -0.29078
   0.91777  0.02261 -0.32053
   0.90450  0.02554 -0.34786
   0.89116  0.02838 -0.37545
   0.87777  0.03111 -0.40297
   0.86436  0.03377 -0.43040
   0.85092  0.03634 -0.45653
   0.83746  0.03883 -0.48354
   0.82398  0.04125 -0.50904
   0.81048  0.04360 -0.53599
   0.79697  0.04587 -0.56442
   0.78345  0.04808 -0.59137
   0.76992  0.05020 -0.61852
   0.75639  0.05224 -0.64529
   0.74286  0.05420 -0.67180
   0.72931  0.05607 -0.69774
   0.71576  0.05786 -0.72099
   0.70219  0.05956 -0.74706
   0.68861  0.06118 -0.76991
   0.67502  0.06272 -0.79501
   0.66142  0.06417 -0.81841
   0.64782  0.06553 -0.84107
   0.63421  0.06680 -0.86394
   0.62060  0.06799 -0.88547
   0.60698  0.06908 -0.90788
   0.59334  0.07009 -0.92747
   0.57970  0.07101 -0.94818
   0.56606  0.07184 -0.96936
   0.55241  0.07258 -0.98954
   0.53876  0.07324 -1.00891
   0.52510  0.07380 -1.02635
   0.51143  0.07428 -1.04544
   0.49775  0.07468 -1.06249
   0.48406  0.07500 -1.08209
   0.47037  0.07524 -1.10022
   0.45668  0.07540 -1.12269
   0.44299  0.07549 -1.14219
   0.42930  0.07549 -1.16486
   0.41561  0.07542 -1.18737
   0.40193  0.07527 -1.20736
   0.38824  0.07504 -1.23299
   0.37455  0.07473 -1.25823
   0.36088  0.07433 -1.28441
   0.34721  0.07386 -1.31251
   0.33355  0.07329 -1.34196
   0.31990  0.07264 -1.37005
   0.30626  0.07190 -1.40319
   0.29262  0.07107 -1.43574
   0.27900  0.07014 -1.47143
   0.26539  0.06912 -1.51085
   0.25181  0.06799 -1.55036
   0.23824  0.06676 -1.59545
   0.22470  0.06541 -1.64173
   0.21119  0.06395 -1.69237
   0.19770  0.06236 -1.74722
   0.18424  0.06063 -1.80773
   0.17082  0.05877 -1.87444
   0.15746  0.05676 -1.94967
   0.14417  0.05459 -2.03291
   0.13093  0.05224 -2.12712
   0.11775  0.04970 -2.23339
   0.10469  0.04694 -2.35725
   0.09183  0.04396 -2.50135
   0.07911  0.04072 -2.67335
   0.06639  0.03712 -2.89142
   0.05402  0.03320 -3.16323
   0.04265  0.02911 -3.50520
   0.03131  0.02439 -3.96797
   0.02025  0.01890 -4.71205
   0.01334  0.01476 -5.72391
   0.00778  0.01054 -6.67267
   0.00335  0.00619 -7.78886
   0.00136  0.00388-11.59319
   0.00038  0.00225-16.67023
   0.00000  0.00084-20.51511
   0.00018 -0.00052-15.97827
   0.00095 -0.00194 -9.11098
   0.00241 -0.00344 -4.82868
   0.00495 -0.00480 -1.47592
   0.00958 -0.00569  0.46268
   0.01699 -0.00652  0.88371
   0.02676 -0.00750  0.99204
   0.03830 -0.00780  0.99082
   0.05160 -0.00765  0.95295
   0.06524 -0.00731  0.90855
   0.07857 -0.00676  0.86865
   0.09200 -0.00605  0.83409
   0.10568 -0.00522  0.80341
   0.11946 -0.00432  0.77604
   0.13321 -0.00336  0.75250
   0.14694 -0.00237  0.73133
   0.16069 -0.00135  0.71315
   0.17448 -0.00031  0.69653
   0.18830  0.00074  0.68147
   0.20211  0.00178  0.66781
   0.21591  0.00283  0.65563
   0.22971  0.00387  0.64422
   0.24350  0.00490  0.63375
   0.25728  0.00592  0.62446
   0.27106  0.00691  0.61516
   0.28484  0.00790  0.60727
   0.29862  0.00886  0.59926
   0.31240  0.00980  0.59188
   0.32618  0.01072  0.58531
   0.33996  0.01161  0.57853
   0.35373  0.01248  0.57296
   0.36750  0.01333  0.56710
   0.38127  0.01414  0.56169
   0.39504  0.01493  0.55656
   0.40881  0.01569  0.55136
   0.42259  0.01642  0.54685
   0.43636  0.01712  0.54180
   0.45013  0.01778  0.53847
   0.46390  0.01841  0.53367
   0.47767  0.01901  0.52931
   0.49144  0.01957  0.52597
   0.50521  0.02010  0.52164
   0.51898  0.02059  0.51837
   0.53275  0.02105  0.51441
   0.54652  0.02147  0.51182
   0.56029  0.02185  0.50768
   0.57406  0.02219  0.50438
   0.58782  0.02249  0.50087
   0.60158  0.02275  0.49870
   0.61535  0.02296  0.49536
   0.62911  0.02314  0.49188
   0.64287  0.02326  0.48908
   0.65663  0.02335  0.48555
   0.67039  0.02338  0.48371
   0.68414  0.02337  0.48077
   0.69788  0.02331  0.47867
   0.71162  0.02319  0.47394
   0.72536  0.02302  0.47211
   0.73910  0.02279  0.46971
   0.75283  0.02251  0.46591
   0.76656  0.02217  0.46384
   0.78028  0.02177  0.46038
   0.79399  0.02130  0.45819
   0.80768  0.02077  0.45562
   0.82137  0.02016  0.45291
   0.83505  0.01948  0.44941
   0.84870  0.01871  0.44733
   0.86234  0.01786  0.44378
   0.87593  0.01692  0.44057
   0.88951  0.01587  0.43808
   0.90309  0.01470  0.43413
   0.91662  0.01340  0.43069
   0.93003  0.01197  0.42861
   0.94326  0.01036  0.42166
   0.95641  0.00851  0.41387
   0.96948  0.00636  0.39352
   0.98206  0.00397  0.37612
   0.99397  0.00138  0.32280
   1.00000  0.00000  0.24203
