                                                
 Alfa =  10.00000 Re =  4000000.000 Xflap,Yflap =     0.000000    0.000000
#    x        y        Cp  
   1.00000  0.00000  0.38582
   0.99457  0.00131  0.23195
   0.98553  0.00349  0.15572
   0.97518  0.00596  0.10076
   0.96323  0.00879  0.05123
   0.94956  0.01199  0.00372
   0.93461  0.01545 -0.04049
   0.91961  0.01888 -0.08360
   0.90446  0.02230 -0.11990
   0.88950  0.02561 -0.15473
   0.87474  0.02883 -0.18427
   0.86002  0.03199 -0.21419
   0.84525  0.03513 -0.24208
   0.83034  0.03827 -0.27015
   0.81526  0.04142 -0.29935
   0.80004  0.04458 -0.32952
   0.78473  0.04774 -0.36310
   0.76942  0.05088 -0.39970
   0.75417  0.05397 -0.43651
   0.73901  0.05698 -0.47302
   0.72394  0.05991 -0.51125
   0.70895  0.06275 -0.54463
   0.69398  0.06550 -0.57767
   0.67898  0.06815 -0.60253
   0.66391  0.07074 -0.62992
   0.64874  0.07328 -0.65386
   0.63345  0.07580 -0.67983
   0.61808  0.07830 -0.71039
   0.60267  0.08080 -0.74402
   0.58729  0.08330 -0.79170
   0.57201  0.08576 -0.84759
   0.55688  0.08816 -0.90746
   0.54190  0.09044 -0.96967
   0.52707  0.09258 -1.03362
   0.51237  0.09457 -1.09563
   0.49773  0.09638 -1.15161
   0.48309  0.09799 -1.19697
   0.46840  0.09943 -1.23632
   0.45361  0.10070 -1.27423
   0.43872  0.10182 -1.30967
   0.42373  0.10278 -1.34547
   0.40867  0.10362 -1.38408
   0.39360  0.10432 -1.42990
   0.37859  0.10489 -1.48434
   0.36371  0.10530 -1.54371
   0.34897  0.10555 -1.60382
   0.33436  0.10563 -1.66618
   0.31986  0.10550 -1.72783
   0.30540  0.10517 -1.78908
   0.29090  0.10460 -1.84575
   0.27626  0.10379 -1.89969
   0.26144  0.10272 -1.95189
   0.24646  0.10137 -2.00592
   0.23140  0.09974 -2.06022
   0.21646  0.09786 -2.11783
   0.20186  0.09575 -2.18304
   0.18786  0.09347 -2.27018
   0.17453  0.09100 -2.36138
   0.16169  0.08829 -2.44296
   0.14897  0.08520 -2.49218
   0.13578  0.08152 -2.46813
   0.12154  0.07711 -2.42304
   0.10687  0.07225 -2.40996
   0.09292  0.06748 -2.58873
   0.08112  0.06316 -2.90381
   0.07050  0.05863 -3.03042
   0.05946  0.05308 -2.88236
   0.04779  0.04663 -2.82464
   0.03809  0.04097 -3.08118
   0.03058  0.03613 -3.34017
   0.02424  0.03147 -3.49884
   0.01827  0.02635 -3.32395
   0.01304  0.02140 -3.22703
   0.00921  0.01763 -3.58150
   0.00646  0.01474 -4.04854
   0.00442  0.01235 -4.54032
   0.00286  0.01029 -5.06829
   0.00166  0.00843 -5.61282
   0.00078  0.00673 -6.15940
   0.00016  0.00514 -6.62878
  -0.00021  0.00365 -6.90281
  -0.00033  0.00222 -6.81526
  -0.00021  0.00084 -6.15469
   0.00018 -0.00051 -4.88780
   0.00086 -0.00183 -3.33055
   0.00181 -0.00315 -2.04359
   0.00307 -0.00446 -1.04237
   0.00466 -0.00578 -0.31724
   0.00664 -0.00711  0.20007
   0.00909 -0.00843  0.55832
   0.01214 -0.00969  0.79692
   0.01596 -0.01075  0.94027
   0.02088 -0.01145  0.99669
   0.02749 -0.01181  0.99253
   0.03637 -0.01205  0.95725
   0.04702 -0.01201  0.90615
   0.05851 -0.01149  0.85870
   0.07152 -0.01046  0.82165
   0.08639 -0.00913  0.78621
   0.10159 -0.00771  0.75419
   0.11647 -0.00622  0.73069
   0.13136 -0.00469  0.71243
   0.14644 -0.00313  0.69738
   0.16170 -0.00162  0.68390
   0.17698 -0.00018  0.67150
   0.19217  0.00115  0.65996
   0.20728  0.00238  0.64878
   0.22234  0.00349  0.63741
   0.23744  0.00451  0.62611
   0.25260  0.00544  0.61522
   0.26784  0.00631  0.60447
   0.28319  0.00712  0.59423
   0.29861  0.00789  0.58472
   0.31409  0.00861  0.57622
   0.32957  0.00929  0.56898
   0.34503  0.00991  0.56164
   0.36045  0.01048  0.55521
   0.37582  0.01097  0.54873
   0.39114  0.01139  0.54221
   0.40642  0.01174  0.53501
   0.42168  0.01200  0.52757
   0.43695  0.01218  0.52000
   0.45223  0.01230  0.51153
   0.46754  0.01234  0.50340
   0.48289  0.01233  0.49472
   0.49829  0.01226  0.48613
   0.51374  0.01214  0.47665
   0.52924  0.01197  0.46764
   0.54479  0.01177  0.45848
   0.56037  0.01154  0.44916
   0.57599  0.01129  0.44011
   0.59163  0.01104  0.43108
   0.60726  0.01078  0.42447
   0.62287  0.01052  0.41693
   0.63846  0.01026  0.41125
   0.65400  0.00999  0.40552
   0.66951  0.00970  0.39926
   0.68499  0.00938  0.39435
   0.70047  0.00904  0.38714
   0.71597  0.00865  0.38038
   0.73151  0.00823  0.37192
   0.74711  0.00779  0.36435
   0.76275  0.00733  0.35602
   0.77839  0.00685  0.34679
   0.79404  0.00638  0.33950
   0.80964  0.00591  0.33175
   0.82514  0.00545  0.32565
   0.84052  0.00501  0.31890
   0.85581  0.00457  0.31324
   0.87106  0.00414  0.30840
   0.88636  0.00372  0.30347
   0.90185  0.00330  0.29983
   0.91733  0.00288  0.29783
   0.93265  0.00245  0.29683
   0.94801  0.00198  0.29569
   0.96212  0.00151  0.29476
   0.97445  0.00106  0.29378
   0.98512  0.00063  0.29738
   0.99442  0.00024  0.31624
   1.00000  0.00000  0.38582
