                                                
 Alfa =  10.00000 Re =  4000000.000 Xflap,Yflap =     0.000000    0.000000
#    x        y        Cp  
   1.00000  0.00150  0.35290
   0.99214  0.00444  0.21857
   0.97943  0.00928  0.15272
   0.96553  0.01470  0.08839
   0.95041  0.02074  0.02268
   0.93421  0.02736 -0.05894
   0.91717  0.03437 -0.15157
   0.89952  0.04153 -0.24564
   0.88129  0.04865 -0.32323
   0.86240  0.05573 -0.38893
   0.84283  0.06279 -0.45095
   0.82262  0.06985 -0.51015
   0.80186  0.07688 -0.57005
   0.78077  0.08387 -0.63810
   0.75960  0.09072 -0.71223
   0.73852  0.09734 -0.78870
   0.71765  0.10368 -0.86661
   0.69699  0.10973 -0.94508
   0.67652  0.11547 -1.02323
   0.65616  0.12092 -1.10026
   0.63588  0.12608 -1.17882
   0.61567  0.13095 -1.25714
   0.59553  0.13552 -1.33660
   0.57550  0.13978 -1.41597
   0.55559  0.14371 -1.49668
   0.53582  0.14731 -1.57591
   0.51617  0.15057 -1.65506
   0.49659  0.15350 -1.73195
   0.47705  0.15609 -1.80523
   0.45749  0.15835 -1.87545
   0.43789  0.16030 -1.94773
   0.41829  0.16193 -2.02204
   0.39873  0.16325 -2.10204
   0.37930  0.16427 -2.19641
   0.36012  0.16495 -2.30261
   0.34127  0.16527 -2.41149
   0.32288  0.16522 -2.52239
   0.30501  0.16478 -2.63177
   0.28774  0.16395 -2.73833
   0.27110  0.16276 -2.84203
   0.25510  0.16121 -2.93908
   0.23966  0.15931 -3.02916
   0.22467  0.15705 -3.11191
   0.21003  0.15443 -3.18304
   0.19560  0.15140 -3.23558
   0.18121  0.14793 -3.24442
   0.16680  0.14404 -3.24258
   0.15268  0.13991 -3.27180
   0.13937  0.13582 -3.41503
   0.12736  0.13188 -3.68397
   0.11666  0.12800 -3.94705
   0.10705  0.12405 -4.16177
   0.09827  0.11991 -4.29593
   0.09010  0.11546 -4.23315
   0.08235  0.11068 -4.03887
   0.07492  0.10568 -3.83422
   0.06784  0.10061 -3.71668
   0.06120  0.09560 -3.70426
   0.05506  0.09067 -3.70004
   0.04944  0.08583 -3.67546
   0.04430  0.08102 -3.59822
   0.03958  0.07626 -3.46265
   0.03523  0.07154 -3.31991
   0.03122  0.06692 -3.18086
   0.02752  0.06241 -3.05263
   0.02412  0.05803 -2.93793
   0.02098  0.05382 -2.85684
   0.01810  0.04976 -2.80037
   0.01545  0.04585 -2.74659
   0.01302  0.04206 -2.70148
   0.01079  0.03840 -2.67364
   0.00875  0.03485 -2.67829
   0.00691  0.03142 -2.69718
   0.00528  0.02812 -2.70117
   0.00387  0.02492 -2.70049
   0.00266  0.02182 -2.67513
   0.00165  0.01881 -2.63395
   0.00084  0.01588 -2.55968
   0.00023  0.01301 -2.45039
  -0.00018  0.01020 -2.31141
  -0.00041  0.00744 -2.13186
  -0.00044  0.00471 -1.91675
  -0.00026  0.00201 -1.66168
   0.00012 -0.00068 -1.38094
   0.00071 -0.00335 -1.07748
   0.00151 -0.00599 -0.78459
   0.00251 -0.00858 -0.50808
   0.00372 -0.01110 -0.24962
   0.00514 -0.01353 -0.00941
   0.00679 -0.01584  0.21071
   0.00866 -0.01801  0.41131
   0.01078 -0.01999  0.58972
   0.01318 -0.02174  0.74286
   0.01588 -0.02321  0.86551
   0.01888 -0.02442  0.94281
   0.02219 -0.02542  0.98221
   0.02578 -0.02628  0.99765
   0.02961 -0.02708  0.99961
   0.03370 -0.02785  0.99373
   0.03806 -0.02857  0.98269
   0.04274 -0.02925  0.96793
   0.04777 -0.02988  0.95075
   0.05320 -0.03046  0.93201
   0.05912 -0.03100  0.91223
   0.06562 -0.03149  0.89184
   0.07281 -0.03196  0.87114
   0.08079 -0.03243  0.84989
   0.08969 -0.03293  0.82746
   0.09957 -0.03348  0.80366
   0.11050 -0.03414  0.77522
   0.12244 -0.03489  0.74182
   0.13526 -0.03565  0.70461
   0.14879 -0.03630  0.66515
   0.16289 -0.03672  0.62784
   0.17753 -0.03683  0.59393
   0.19269 -0.03657  0.56326
   0.20838 -0.03588  0.53875
   0.22470 -0.03472  0.52141
   0.24175 -0.03308  0.50989
   0.25964 -0.03097  0.50349
   0.27848 -0.02838  0.50141
   0.29830 -0.02534  0.50258
   0.31908 -0.02193  0.50407
   0.34068 -0.01818  0.50671
   0.36292 -0.01414  0.51095
   0.38561 -0.00989  0.51633
   0.40856 -0.00551  0.52152
   0.43162 -0.00103  0.52637
   0.45461  0.00351  0.53255
   0.47732  0.00812  0.54073
   0.49954  0.01275  0.55238
   0.52110  0.01736  0.56960
   0.54193  0.02182  0.58810
   0.56206  0.02603  0.60591
   0.58162  0.02992  0.62224
   0.60077  0.03343  0.63582
   0.61967  0.03655  0.64640
   0.63844  0.03927  0.65464
   0.65708  0.04161  0.66195
   0.67552  0.04354  0.66820
   0.69362  0.04505  0.67369
   0.71120  0.04615  0.67950
   0.72812  0.04681  0.68476
   0.74440  0.04703  0.68849
   0.76011  0.04682  0.69077
   0.77540  0.04615  0.69083
   0.79047  0.04500  0.68794
   0.80553  0.04332  0.67976
   0.82086  0.04108  0.66547
   0.83676  0.03827  0.64634
   0.85346  0.03486  0.62234
   0.87116  0.03087  0.59301
   0.88988  0.02635  0.55909
   0.90926  0.02152  0.52442
   0.92850  0.01665  0.49134
   0.94673  0.01201  0.45959
   0.96342  0.00777  0.42996
   0.97841  0.00396  0.40056
   0.99182  0.00057  0.37706
   1.00000 -0.00150  0.35290
