                                                
 Alfa =  10.00000 Re =  4000000.000 Xflap,Yflap =     0.000000    0.000000
#    x        y        Cp  
   1.00000  0.00000  0.50531
   0.99438  0.00079  0.31694
   0.98505  0.00209  0.23672
   0.97438  0.00355  0.17993
   0.96209  0.00520  0.13587
   0.94803  0.00706  0.09661
   0.93254  0.00905  0.06338
   0.91646  0.01110  0.03633
   0.90038  0.01313  0.01158
   0.88447  0.01515 -0.01256
   0.86868  0.01716 -0.03610
   0.85290  0.01918 -0.05973
   0.83706  0.02122 -0.08260
   0.82112  0.02328 -0.10567
   0.80508  0.02535 -0.12861
   0.78895  0.02744 -0.15232
   0.77284  0.02953 -0.17679
   0.75675  0.03162 -0.20016
   0.74063  0.03370 -0.22530
   0.72450  0.03579 -0.25000
   0.70839  0.03786 -0.27597
   0.69232  0.03991 -0.30265
   0.67628  0.04194 -0.32928
   0.66027  0.04395 -0.35860
   0.64429  0.04594 -0.38650
   0.62832  0.04789 -0.41759
   0.61238  0.04980 -0.44755
   0.59648  0.05167 -0.47954
   0.58061  0.05348 -0.51346
   0.56478  0.05524 -0.54690
   0.54900  0.05694 -0.58205
   0.53326  0.05856 -0.61810
   0.51758  0.06009 -0.65363
   0.50194  0.06154 -0.69019
   0.48634  0.06289 -0.72634
   0.47078  0.06413 -0.76300
   0.45524  0.06528 -0.79973
   0.43974  0.06631 -0.83651
   0.42425  0.06723 -0.87337
   0.40879  0.06803 -0.91187
   0.39334  0.06870 -0.94940
   0.37791  0.06925 -0.98859
   0.36249  0.06966 -1.02790
   0.34710  0.06994 -1.06818
   0.33174  0.07007 -1.10893
   0.31642  0.07006 -1.15070
   0.30116  0.06989 -1.19275
   0.28598  0.06956 -1.23941
   0.27090  0.06907 -1.28463
   0.25589  0.06840 -1.33189
   0.24096  0.06754 -1.37564
   0.22607  0.06649 -1.41848
   0.21121  0.06524 -1.46257
   0.19634  0.06380 -1.51169
   0.18148  0.06217 -1.56945
   0.16668  0.06032 -1.63300
   0.15207  0.05828 -1.70409
   0.13785  0.05605 -1.78979
   0.12413  0.05363 -1.88233
   0.11083  0.05097 -1.97174
   0.09774  0.04800 -2.04802
   0.08461  0.04464 -2.09247
   0.07170  0.04105 -2.19645
   0.05989  0.03752 -2.39540
   0.04947  0.03407 -2.60997
   0.04027  0.03064 -2.82073
   0.03231  0.02731 -3.04048
   0.02570  0.02423 -3.28069
   0.02032  0.02147 -3.61797
   0.01597  0.01897 -3.96844
   0.01243  0.01670 -4.32471
   0.00951  0.01459 -4.72654
   0.00708  0.01260 -5.05260
   0.00502  0.01072 -6.21821
   0.00342  0.00883 -6.89173
   0.00224  0.00685 -5.80805
   0.00131  0.00491 -5.59048
   0.00061  0.00306 -5.64733
   0.00016  0.00129 -5.53505
  -0.00002 -0.00045 -5.03149
   0.00005 -0.00218 -4.19032
   0.00038 -0.00390 -3.33656
   0.00096 -0.00557 -2.51526
   0.00182 -0.00716 -1.70449
   0.00298 -0.00860 -0.76069
   0.00440 -0.00992  0.03978
   0.00591 -0.01131  0.25454
   0.00757 -0.01262  0.41321
   0.00962 -0.01361  0.77314
   0.01191 -0.01468  0.87143
   0.01448 -0.01580  0.94087
   0.01754 -0.01685  0.98580
   0.02126 -0.01785  0.99993
   0.02594 -0.01890  0.99218
   0.03195 -0.02014  0.96735
   0.03950 -0.02156  0.92723
   0.04823 -0.02296  0.87782
   0.05785 -0.02417  0.82916
   0.06901 -0.02526  0.78439
   0.08230 -0.02633  0.73730
   0.09667 -0.02734  0.68931
   0.11110 -0.02813  0.65049
   0.12585 -0.02874  0.61936
   0.14122 -0.02924  0.59286
   0.15719 -0.02970  0.56719
   0.17338 -0.03014  0.54081
   0.18942 -0.03054  0.51636
   0.20528 -0.03087  0.49554
   0.22112 -0.03114  0.47816
   0.23708 -0.03136  0.46264
   0.25320 -0.03158  0.44752
   0.26942 -0.03180  0.43112
   0.28563 -0.03203  0.41523
   0.30180 -0.03224  0.39916
   0.31793 -0.03243  0.38533
   0.33406 -0.03260  0.37171
   0.35020 -0.03275  0.35850
   0.36637 -0.03290  0.34622
   0.38257 -0.03302  0.33393
   0.39879 -0.03314  0.32141
   0.41501 -0.03325  0.30924
   0.43122 -0.03335  0.29621
   0.44741 -0.03342  0.28412
   0.46355 -0.03348  0.27147
   0.47965 -0.03350  0.25941
   0.49572 -0.03350  0.24758
   0.51175 -0.03345  0.23668
   0.52776 -0.03337  0.22602
   0.54376 -0.03325  0.21504
   0.55974 -0.03308  0.20552
   0.57572 -0.03287  0.19594
   0.59170 -0.03262  0.18524
   0.60769 -0.03232  0.17684
   0.62367 -0.03197  0.16735
   0.63966 -0.03158  0.15855
   0.65564 -0.03113  0.14978
   0.67160 -0.03062  0.14076
   0.68754 -0.03006  0.13349
   0.70343 -0.02944  0.12494
   0.71925 -0.02876  0.11664
   0.73500 -0.02802  0.10953
   0.75067 -0.02720  0.10254
   0.76628 -0.02630  0.09604
   0.78185 -0.02532  0.09144
   0.79741 -0.02424  0.08763
   0.81301 -0.02306  0.08655
   0.82869 -0.02178  0.08703
   0.84448 -0.02041  0.08971
   0.86036 -0.01895  0.09126
   0.87629 -0.01742  0.09331
   0.89219 -0.01584  0.09435
   0.90797 -0.01422  0.08912
   0.92342 -0.01256  0.08163
   0.93821 -0.01078  0.07929
   0.95195 -0.00890  0.08962
   0.96440 -0.00694  0.11723
   0.97555 -0.00498  0.15758
   0.98552 -0.00307  0.21459
   0.99449 -0.00121  0.30319
   1.00000  0.00000  0.50531
