                                                
 Alfa =  10.00000 Re =  4000000.000 Xflap,Yflap =     0.000000    0.000000
#    x        y        Cp  
   1.00000  0.00000  0.27787
   0.99434  0.00079  0.16824
   0.98479  0.00210  0.13708
   0.97408  0.00369  0.09435
   0.96215  0.00559  0.01892
   0.94875  0.00758 -0.00931
   0.93390  0.00972 -0.03542
   0.91800  0.01204 -0.07837
   0.90131  0.01438 -0.10596
   0.88388  0.01677 -0.12962
   0.86597  0.01924 -0.16141
   0.84792  0.02171 -0.19547
   0.82987  0.02414 -0.22812
   0.81184  0.02651 -0.25818
   0.79378  0.02882 -0.28671
   0.77569  0.03108 -0.31599
   0.75765  0.03328 -0.34636
   0.73973  0.03540 -0.37661
   0.72187  0.03742 -0.40495
   0.70401  0.03937 -0.43221
   0.68614  0.04125 -0.46017
   0.66834  0.04304 -0.49084
   0.65066  0.04473 -0.52093
   0.63310  0.04631 -0.54899
   0.61561  0.04778 -0.57601
   0.59815  0.04913 -0.60160
   0.58063  0.05037 -0.62398
   0.56303  0.05150 -0.64612
   0.54537  0.05255 -0.66829
   0.52772  0.05350 -0.69301
   0.51012  0.05434 -0.71758
   0.49254  0.05508 -0.74016
   0.47488  0.05571 -0.76015
   0.45709  0.05625 -0.78040
   0.43920  0.05672 -0.80384
   0.42130  0.05710 -0.83065
   0.40344  0.05741 -0.85893
   0.38563  0.05762 -0.88877
   0.36788  0.05775 -0.92091
   0.35020  0.05778 -0.95386
   0.33258  0.05771 -0.98892
   0.31502  0.05753 -1.02470
   0.29749  0.05724 -1.06037
   0.27995  0.05684 -1.09734
   0.26237  0.05634 -1.13833
   0.24481  0.05573 -1.18412
   0.22730  0.05503 -1.23517
   0.20987  0.05421 -1.29136
   0.19252  0.05331 -1.35513
   0.17531  0.05232 -1.43435
   0.15841  0.05126 -1.53365
   0.14224  0.05015 -1.65917
   0.12723  0.04900 -1.81606
   0.11342  0.04775 -1.97643
   0.10058  0.04638 -2.12405
   0.08875  0.04493 -2.28901
   0.07822  0.04351 -2.51901
   0.06908  0.04211 -2.79304
   0.06112  0.04070 -3.05790
   0.05409  0.03924 -3.30133
   0.04780  0.03773 -3.53153
   0.04217  0.03620 -3.76486
   0.03712  0.03466 -4.02798
   0.03260  0.03313 -4.34806
   0.02853  0.03158 -4.62112
   0.02485  0.02999 -4.82721
   0.02149  0.02839 -5.06171
   0.01842  0.02679 -5.38845
   0.01563  0.02518 -5.77355
   0.01308  0.02355 -6.25414
   0.01078  0.02187 -6.74275
   0.00874  0.02012 -7.00131
   0.00694  0.01828 -7.31021
   0.00539  0.01635 -6.92750
   0.00406  0.01436 -6.63499
   0.00292  0.01235 -6.44409
   0.00199  0.01029 -6.01272
   0.00126  0.00822 -5.45212
   0.00070  0.00614 -4.99862
   0.00030  0.00408 -4.62273
   0.00007  0.00204 -4.17588
  -0.00000  0.00001 -3.81468
   0.00010 -0.00199 -3.73919
   0.00046 -0.00395 -3.41120
   0.00118 -0.00583 -2.46657
   0.00222 -0.00760 -1.79773
   0.00365 -0.00914 -0.64649
   0.00532 -0.01055 -0.09305
   0.00722 -0.01183  0.32795
   0.00932 -0.01301  0.59044
   0.01162 -0.01409  0.75850
   0.01417 -0.01505  0.87856
   0.01698 -0.01596  0.94459
   0.02006 -0.01686  0.98018
   0.02345 -0.01780  0.99638
   0.02717 -0.01877  0.99984
   0.03128 -0.01977  0.99344
   0.03590 -0.02076  0.97923
   0.04114 -0.02176  0.95907
   0.04715 -0.02279  0.93400
   0.05409 -0.02387  0.90524
   0.06212 -0.02503  0.87268
   0.07136 -0.02628  0.83595
   0.08184 -0.02758  0.79615
   0.09361 -0.02887  0.75642
   0.10677 -0.03014  0.71807
   0.12129 -0.03140  0.67989
   0.13683 -0.03262  0.64190
   0.15301 -0.03377  0.60583
   0.16956 -0.03482  0.57177
   0.18638 -0.03575  0.54043
   0.20346 -0.03656  0.51213
   0.22077 -0.03726  0.48591
   0.23820 -0.03786  0.46038
   0.25564 -0.03836  0.43597
   0.27304 -0.03874  0.41322
   0.29038 -0.03900  0.39200
   0.30768 -0.03915  0.37220
   0.32498 -0.03916  0.35489
   0.34229 -0.03905  0.33869
   0.35964 -0.03881  0.32428
   0.37701 -0.03846  0.31011
   0.39437 -0.03799  0.29797
   0.41169 -0.03740  0.28581
   0.42894 -0.03669  0.27450
   0.44611 -0.03586  0.26504
   0.46319 -0.03489  0.25709
   0.48021 -0.03379  0.25125
   0.49722 -0.03254  0.24771
   0.51429 -0.03114  0.24700
   0.53152 -0.02958  0.24921
   0.54894 -0.02789  0.25301
   0.56654 -0.02607  0.25749
   0.58431 -0.02415  0.26366
   0.60224 -0.02214  0.27136
   0.62035 -0.02005  0.28085
   0.63859 -0.01792  0.29091
   0.65676 -0.01582  0.30133
   0.67467 -0.01379  0.31054
   0.69229 -0.01189  0.31822
   0.70977 -0.01011  0.32251
   0.72727 -0.00845  0.32547
   0.74475 -0.00688  0.32830
   0.76209 -0.00544  0.33112
   0.77927 -0.00413  0.33401
   0.79637 -0.00298  0.33328
   0.81347 -0.00195  0.33180
   0.83054 -0.00107  0.32959
   0.84754 -0.00033  0.32766
   0.86450  0.00027  0.32164
   0.88150  0.00073  0.31626
   0.89830  0.00109  0.31222
   0.91460  0.00129  0.30879
   0.93043  0.00132  0.29926
   0.94573  0.00121  0.28592
   0.96007  0.00101  0.27436
   0.97307  0.00075  0.26455
   0.98449  0.00046  0.25867
   0.99428  0.00016  0.24310
   1.00000  0.00000  0.27787
