                                                
 Alfa =  10.00000 Re =  4000000.000 Xflap,Yflap =     0.000000    0.000000
#    x        y        Cp  
   1.00000  0.00000  0.36056
   0.99225  0.00095  0.29226
   0.97981  0.00259  0.25758
   0.96631  0.00454  0.22982
   0.95171  0.00683  0.20395
   0.93605  0.00950  0.17489
   0.91949  0.01255  0.14303
   0.90222  0.01592  0.10877
   0.88438  0.01958  0.07367
   0.86608  0.02350  0.03722
   0.84738  0.02764 -0.00200
   0.82836  0.03199 -0.04361
   0.80906  0.03650 -0.08785
   0.78951  0.04116 -0.13531
   0.76972  0.04593 -0.18603
   0.74978  0.05077 -0.23950
   0.72982  0.05562 -0.29573
   0.70998  0.06040 -0.35371
   0.69032  0.06509 -0.41255
   0.67080  0.06965 -0.47197
   0.65143  0.07408 -0.53268
   0.63221  0.07836 -0.59516
   0.61314  0.08247 -0.65916
   0.59423  0.08640 -0.72429
   0.57548  0.09013 -0.79082
   0.55688  0.09365 -0.85863
   0.53843  0.09694 -0.92655
   0.52012  0.09999 -0.99536
   0.50196  0.10280 -1.06488
   0.48393  0.10535 -1.13469
   0.46605  0.10763 -1.20426
   0.44831  0.10964 -1.27443
   0.43071  0.11135 -1.34281
   0.41322  0.11277 -1.41080
   0.39589  0.11389 -1.47887
   0.37874  0.11469 -1.54748
   0.36177  0.11516 -1.61175
   0.34494  0.11529 -1.66821
   0.32815  0.11506 -1.71017
   0.31134  0.11448 -1.74761
   0.29452  0.11358 -1.78442
   0.27773  0.11237 -1.82503
   0.26103  0.11085 -1.86553
   0.24450  0.10902 -1.90754
   0.22818  0.10689 -1.95307
   0.21211  0.10447 -1.99663
   0.19635  0.10175 -2.04006
   0.18092  0.09876 -2.08075
   0.16590  0.09551 -2.12209
   0.15136  0.09204 -2.16802
   0.13743  0.08841 -2.22582
   0.12420  0.08465 -2.29281
   0.11181  0.08081 -2.35948
   0.10035  0.07693 -2.42563
   0.08984  0.07308 -2.49110
   0.08027  0.06930 -2.55572
   0.07161  0.06561 -2.62055
   0.06380  0.06204 -2.69009
   0.05675  0.05859 -2.75944
   0.05038  0.05526 -2.82230
   0.04461  0.05204 -2.89414
   0.03937  0.04893 -2.96362
   0.03461  0.04592 -3.03533
   0.03029  0.04300 -3.10415
   0.02636  0.04019 -3.17957
   0.02279  0.03747 -3.27202
   0.01955  0.03484 -3.42119
   0.01662  0.03229 -3.56725
   0.01399  0.02977 -3.68200
   0.01163  0.02729 -3.75578
   0.00954  0.02482 -3.71752
   0.00766  0.02237 -3.62392
   0.00597  0.01997 -3.61749
   0.00445  0.01762 -3.83013
   0.00315  0.01528 -3.92498
   0.00207  0.01292 -3.79524
   0.00123  0.01057 -3.61940
   0.00059  0.00824 -3.37982
   0.00016  0.00594 -3.11693
  -0.00007  0.00367 -2.81720
  -0.00009  0.00143 -2.47403
   0.00009 -0.00080 -2.07001
   0.00049 -0.00302 -1.61448
   0.00109 -0.00525 -1.17239
   0.00191 -0.00750 -0.76463
   0.00295 -0.00977 -0.40346
   0.00421 -0.01207 -0.08956
   0.00570 -0.01439  0.17821
   0.00742 -0.01670  0.40455
   0.00934 -0.01901  0.57922
   0.01146 -0.02135  0.70325
   0.01380 -0.02372  0.80108
   0.01641 -0.02607  0.87934
   0.01931 -0.02843  0.93597
   0.02252 -0.03080  0.97293
   0.02608 -0.03320  0.99302
   0.02998 -0.03567  0.99992
   0.03428 -0.03821  0.99626
   0.03900 -0.04083  0.98373
   0.04420 -0.04353  0.96381
   0.04992 -0.04630  0.93759
   0.05622 -0.04915  0.90597
   0.06318 -0.05209  0.86977
   0.07089 -0.05511  0.82968
   0.07945 -0.05823  0.78627
   0.08892 -0.06143  0.73955
   0.09937 -0.06468  0.69091
   0.11081 -0.06794  0.64123
   0.12326 -0.07116  0.59191
   0.13666 -0.07432  0.54332
   0.15087 -0.07735  0.49633
   0.16575 -0.08024  0.44845
   0.18115 -0.08294  0.40164
   0.19697 -0.08539  0.35688
   0.21311 -0.08758  0.31573
   0.22957 -0.08948  0.27805
   0.24630 -0.09110  0.24343
   0.26324 -0.09244  0.21057
   0.28034 -0.09349  0.17980
   0.29752 -0.09426  0.15100
   0.31470 -0.09473  0.12389
   0.33184 -0.09489  0.09905
   0.34894 -0.09473  0.07912
   0.36610 -0.09423  0.06632
   0.38341 -0.09340  0.05916
   0.40093 -0.09225  0.05559
   0.41863 -0.09081  0.05321
   0.43649 -0.08909  0.05350
   0.45448 -0.08711  0.05619
   0.47262 -0.08486  0.06131
   0.49092 -0.08235  0.06846
   0.50939 -0.07961  0.07763
   0.52803 -0.07664  0.08795
   0.54683 -0.07346  0.09998
   0.56580 -0.07007  0.11340
   0.58496 -0.06650  0.12793
   0.60430 -0.06276  0.14356
   0.62383 -0.05888  0.15958
   0.64351 -0.05487  0.17593
   0.66336 -0.05075  0.19316
   0.68335 -0.04655  0.21048
   0.70340 -0.04231  0.22877
   0.72337 -0.03808  0.24772
   0.74317 -0.03391  0.26634
   0.76276 -0.02986  0.28361
   0.78213 -0.02595  0.30017
   0.80125 -0.02220  0.31578
   0.82003 -0.01866  0.33164
   0.83844 -0.01535  0.34632
   0.85649 -0.01231  0.35867
   0.87423 -0.00953  0.36889
   0.89159 -0.00703  0.37897
   0.90839 -0.00482  0.39143
   0.92441 -0.00296  0.40522
   0.93956 -0.00152  0.41458
   0.95386 -0.00052  0.41772
   0.96736  0.00007  0.41218
   0.98014  0.00029  0.40072
   0.99225  0.00020  0.38550
   1.00000  0.00000  0.36056
