                                                
 Alfa =  10.00000 Re =  4000000.000 Xflap,Yflap =     0.000000    0.000000
#    x        y        Cp  
   1.00000  0.00000  0.41826
   0.99433  0.00076  0.34846
   0.98433  0.00249  0.24971
   0.97250  0.00475  0.14989
   0.95942  0.00715  0.08244
   0.94542  0.00950  0.04795
   0.93069  0.01181  0.02661
   0.91541  0.01414  0.01202
   0.89992  0.01648 -0.00656
   0.88444  0.01885 -0.02436
   0.86900  0.02123 -0.04387
   0.85355  0.02365 -0.06331
   0.83810  0.02611 -0.08307
   0.82265  0.02860 -0.10445
   0.80721  0.03113 -0.12550
   0.79176  0.03369 -0.14836
   0.77629  0.03628 -0.17112
   0.76081  0.03890 -0.19629
   0.74532  0.04155 -0.21980
   0.72982  0.04422 -0.24555
   0.71431  0.04692 -0.27281
   0.69877  0.04963 -0.30035
   0.68321  0.05235 -0.32937
   0.66762  0.05509 -0.36024
   0.65203  0.05783 -0.39144
   0.63645  0.06056 -0.42362
   0.62089  0.06328 -0.45719
   0.60536  0.06599 -0.49435
   0.58986  0.06866 -0.52898
   0.57440  0.07132 -0.56951
   0.55896  0.07393 -0.60908
   0.54356  0.07651 -0.65203
   0.52819  0.07903 -0.69539
   0.51286  0.08150 -0.74131
   0.49755  0.08391 -0.78841
   0.48227  0.08625 -0.83919
   0.46702  0.08852 -0.89138
   0.45181  0.09070 -0.94741
   0.43666  0.09279 -1.00656
   0.42158  0.09476 -1.06800
   0.40655  0.09662 -1.13248
   0.39158  0.09835 -1.19979
   0.37666  0.09994 -1.27021
   0.36181  0.10137 -1.34344
   0.34703  0.10265 -1.42287
   0.33234  0.10373 -1.50537
   0.31778  0.10462 -1.59325
   0.30339  0.10529 -1.68642
   0.28918  0.10571 -1.77813
   0.27512  0.10586 -1.86570
   0.26118  0.10572 -1.94772
   0.24734  0.10529 -2.02632
   0.23359  0.10455 -2.10094
   0.21993  0.10350 -2.17065
   0.20638  0.10213 -2.23546
   0.19296  0.10043 -2.29647
   0.17967  0.09839 -2.35241
   0.16650  0.09601 -2.39778
   0.15342  0.09328 -2.43740
   0.14043  0.09019 -2.47350
   0.12761  0.08678 -2.51865
   0.11502  0.08303 -2.56484
   0.10271  0.07897 -2.61345
   0.09072  0.07457 -2.66068
   0.07914  0.06988 -2.71795
   0.06810  0.06493 -2.78271
   0.05770  0.05976 -2.84330
   0.04805  0.05443 -2.90454
   0.03932  0.04907 -2.96880
   0.03166  0.04382 -3.04612
   0.02517  0.03884 -3.10991
   0.01979  0.03422 -3.16663
   0.01540  0.03000 -3.20053
   0.01185  0.02616 -3.23932
   0.00899  0.02271 -3.29445
   0.00673  0.01961 -3.32569
   0.00495  0.01684 -3.35240
   0.00355  0.01433 -3.35681
   0.00245  0.01202 -3.32415
   0.00159  0.00985 -3.25457
   0.00092  0.00778 -3.21598
   0.00041  0.00579 -3.39521
   0.00011  0.00392 -3.63804
   0.00008  0.00219 -3.79488
   0.00036  0.00060 -3.58010
   0.00103 -0.00086 -2.48796
   0.00211 -0.00219 -1.17621
   0.00359 -0.00343 -0.25711
   0.00547 -0.00459  0.32085
   0.00773 -0.00563  0.65384
   0.01041 -0.00652  0.85156
   0.01366 -0.00724  0.95457
   0.01764 -0.00784  0.99435
   0.02258 -0.00849  0.99897
   0.02874 -0.00927  0.98335
   0.03633 -0.01010  0.95197
   0.04552 -0.01084  0.91173
   0.05671 -0.01145  0.86920
   0.07005 -0.01200  0.82593
   0.08476 -0.01252  0.78407
   0.09991 -0.01299  0.74727
   0.11532 -0.01342  0.71457
   0.13099 -0.01385  0.68499
   0.14679 -0.01428  0.65722
   0.16261 -0.01470  0.63204
   0.17839 -0.01512  0.60859
   0.19419 -0.01554  0.58709
   0.21001 -0.01595  0.56656
   0.22582 -0.01636  0.54705
   0.24160 -0.01677  0.52823
   0.25732 -0.01715  0.51051
   0.27303 -0.01751  0.49419
   0.28874 -0.01785  0.47867
   0.30447 -0.01818  0.46412
   0.32021 -0.01848  0.45020
   0.33594 -0.01876  0.43648
   0.35167 -0.01903  0.42341
   0.36739 -0.01927  0.41072
   0.38311 -0.01949  0.39887
   0.39883 -0.01969  0.38756
   0.41455 -0.01987  0.37597
   0.43027 -0.02002  0.36526
   0.44598 -0.02016  0.35450
   0.46168 -0.02027  0.34449
   0.47738 -0.02036  0.33429
   0.49309 -0.02042  0.32484
   0.50881 -0.02046  0.31599
   0.52453 -0.02047  0.30629
   0.54024 -0.02047  0.29715
   0.55594 -0.02044  0.28843
   0.57162 -0.02038  0.27923
   0.58730 -0.02030  0.27058
   0.60296 -0.02018  0.26177
   0.61862 -0.02004  0.25414
   0.63427 -0.01986  0.24504
   0.64989 -0.01964  0.23723
   0.66549 -0.01939  0.22949
   0.68107 -0.01909  0.22216
   0.69663 -0.01875  0.21417
   0.71218 -0.01836  0.20841
   0.72771 -0.01791  0.20152
   0.74322 -0.01742  0.19666
   0.75872 -0.01687  0.19052
   0.77421 -0.01626  0.18714
   0.78968 -0.01558  0.18209
   0.80516 -0.01486  0.18012
   0.82063 -0.01406  0.17795
   0.83609 -0.01321  0.17530
   0.85154 -0.01230  0.17496
   0.86695 -0.01132  0.17505
   0.88235 -0.01028  0.17627
   0.89775 -0.00917  0.18000
   0.91318 -0.00800  0.18391
   0.92847 -0.00679  0.18745
   0.94336 -0.00552  0.19059
   0.95777 -0.00414  0.20940
   0.97152 -0.00269  0.24533
   0.98392 -0.00135  0.30237
   0.99424 -0.00037  0.37039
   1.00000  0.00000  0.41826
