                                                
 Alfa =  10.00000 Re =  4000000.000 Xflap,Yflap =     0.000000    0.000000
#    x        y        Cp  
   1.00000  0.00200  0.24100
   0.99435  0.00251  0.16297
   0.98497  0.00338  0.13509
   0.97426  0.00440  0.11141
   0.96197  0.00563  0.09149
   0.94802  0.00707  0.07177
   0.93285  0.00872  0.05407
   0.91739  0.01047  0.03600
   0.90200  0.01228  0.01897
   0.88694  0.01413  0.00270
   0.87209  0.01602 -0.01452
   0.85733  0.01797 -0.03086
   0.84257  0.01999 -0.04734
   0.82775  0.02210 -0.06633
   0.81282  0.02429 -0.08623
   0.79778  0.02658 -0.10720
   0.78264  0.02896 -0.13290
   0.76741  0.03143 -0.15882
   0.75213  0.03396 -0.18887
   0.73680  0.03654 -0.21802
   0.72144  0.03916 -0.25089
   0.70605  0.04180 -0.28205
   0.69064  0.04445 -0.31555
   0.67524  0.04710 -0.34760
   0.65986  0.04974 -0.38103
   0.64449  0.05238 -0.41565
   0.62910  0.05501 -0.45136
   0.61369  0.05763 -0.49082
   0.59832  0.06023 -0.53123
   0.58302  0.06279 -0.57747
   0.56783  0.06530 -0.62692
   0.55274  0.06774 -0.67783
   0.53776  0.07008 -0.72979
   0.52286  0.07230 -0.78201
   0.50802  0.07440 -0.83313
   0.49321  0.07637 -0.88179
   0.47839  0.07818 -0.92629
   0.46353  0.07986 -0.96855
   0.44861  0.08140 -1.01031
   0.43365  0.08281 -1.05213
   0.41866  0.08408 -1.09408
   0.40367  0.08521 -1.13653
   0.38873  0.08620 -1.18329
   0.37390  0.08705 -1.23109
   0.35919  0.08774 -1.28038
   0.34459  0.08828 -1.32988
   0.33007  0.08865 -1.38113
   0.31557  0.08885 -1.43129
   0.30099  0.08888 -1.48152
   0.28622  0.08872 -1.53059
   0.27114  0.08835 -1.57959
   0.25571  0.08778 -1.63322
   0.24018  0.08700 -1.69166
   0.22472  0.08603 -1.76018
   0.20927  0.08487 -1.84355
   0.19445  0.08359 -1.96468
   0.18057  0.08217 -2.13167
   0.16758  0.08053 -2.29221
   0.15517  0.07853 -2.42918
   0.14294  0.07604 -2.48038
   0.13037  0.07292 -2.44518
   0.11715  0.06913 -2.38742
   0.10344  0.06480 -2.34643
   0.09017  0.06035 -2.43579
   0.07805  0.05592 -2.58325
   0.06651  0.05115 -2.62288
   0.05487  0.04576 -2.60499
   0.04392  0.04026 -2.70125
   0.03487  0.03534 -2.90573
   0.02747  0.03087 -3.11205
   0.02113  0.02658 -3.29190
   0.01568  0.02239 -3.37196
   0.01142  0.01877 -3.52883
   0.00824  0.01584 -3.88941
   0.00585  0.01338 -4.29150
   0.00401  0.01125 -4.71072
   0.00258  0.00933 -5.13722
   0.00149  0.00757 -5.58278
   0.00069  0.00592 -5.93987
   0.00014  0.00435 -6.18128
  -0.00016  0.00286 -6.16219
  -0.00021  0.00141 -5.72651
   0.00000 -0.00000 -4.80319
   0.00048 -0.00140 -3.46796
   0.00123 -0.00278 -2.22621
   0.00224 -0.00416 -1.22999
   0.00355 -0.00554 -0.47632
   0.00517 -0.00692  0.07334
   0.00714 -0.00829  0.46112
   0.00955 -0.00961  0.72756
   0.01248 -0.01082  0.89563
   0.01604 -0.01175  0.98276
   0.02050 -0.01225  0.99899
   0.02637 -0.01232  0.97758
   0.03444 -0.01219  0.93968
   0.04507 -0.01190  0.89446
   0.05710 -0.01162  0.84818
   0.06986 -0.01136  0.79841
   0.08343 -0.01084  0.75808
   0.09799 -0.01002  0.73146
   0.11336 -0.00910  0.70653
   0.12895 -0.00822  0.68347
   0.14443 -0.00740  0.66361
   0.15969 -0.00665  0.64508
   0.17490 -0.00597  0.62808
   0.19016 -0.00535  0.61205
   0.20553 -0.00478  0.59699
   0.22098 -0.00427  0.58289
   0.23645 -0.00380  0.56974
   0.25193 -0.00338  0.55724
   0.26739 -0.00302  0.54493
   0.28283 -0.00271  0.53348
   0.29824 -0.00245  0.52171
   0.31363 -0.00224  0.51075
   0.32904 -0.00208  0.49887
   0.34447 -0.00195  0.48762
   0.35993 -0.00187  0.47617
   0.37543 -0.00181  0.46538
   0.39097 -0.00177  0.45429
   0.40654 -0.00175  0.44372
   0.42213 -0.00175  0.43337
   0.43774 -0.00175  0.42298
   0.45336 -0.00177  0.41381
   0.46897 -0.00178  0.40406
   0.48459 -0.00179  0.39531
   0.50020 -0.00180  0.38667
   0.51580 -0.00180  0.37884
   0.53140 -0.00180  0.37194
   0.54698 -0.00180  0.36442
   0.56257 -0.00180  0.35862
   0.57814 -0.00181  0.35152
   0.59371 -0.00183  0.34500
   0.60928 -0.00186  0.33865
   0.62484 -0.00191  0.33102
   0.64040 -0.00198  0.32418
   0.65596 -0.00206  0.31668
   0.67152 -0.00216  0.30936
   0.68708 -0.00227  0.30118
   0.70264 -0.00240  0.29255
   0.71821 -0.00255  0.28309
   0.73378 -0.00269  0.27315
   0.74934 -0.00282  0.26299
   0.76488 -0.00293  0.25409
   0.78037 -0.00300  0.24461
   0.79579 -0.00302  0.23810
   0.81110 -0.00299  0.23339
   0.82629 -0.00291  0.23159
   0.84135 -0.00280  0.23012
   0.85632 -0.00268  0.22934
   0.87126 -0.00257  0.22826
   0.88626 -0.00249  0.22533
   0.90144 -0.00246  0.21917
   0.91692 -0.00248  0.20854
   0.93250 -0.00252  0.19572
   0.94775 -0.00253  0.18333
   0.96178 -0.00248  0.17893
   0.97414 -0.00238  0.17807
   0.98490 -0.00225  0.18275
   0.99433 -0.00210  0.19356
   1.00000 -0.00200  0.24100
