                                                
 Alfa =  10.00000 Re =  4000000.000 Xflap,Yflap =     0.000000    0.000000
#    x        y        Cp  
   1.00000  0.02050  0.44435
   0.99392  0.02155  0.28001
   0.98387  0.02329  0.21758
   0.97247  0.02529  0.16844
   0.95952  0.02759  0.12693
   0.94505  0.03019  0.08708
   0.92950  0.03302  0.04740
   0.91357  0.03593  0.01006
   0.89773  0.03881 -0.02513
   0.88207  0.04163 -0.05394
   0.86648  0.04442 -0.08125
   0.85087  0.04720 -0.10577
   0.83521  0.04997 -0.13133
   0.81945  0.05276 -0.15476
   0.80357  0.05557 -0.17983
   0.78760  0.05840 -0.20526
   0.77164  0.06124 -0.23187
   0.75571  0.06409 -0.25911
   0.73979  0.06694 -0.28853
   0.72385  0.06980 -0.31823
   0.70787  0.07268 -0.35097
   0.69193  0.07556 -0.38674
   0.67607  0.07842 -0.42628
   0.66031  0.08124 -0.46730
   0.64464  0.08400 -0.51024
   0.62905  0.08670 -0.55372
   0.61353  0.08930 -0.59701
   0.59805  0.09181 -0.63984
   0.58259  0.09421 -0.67934
   0.56713  0.09650 -0.71808
   0.55165  0.09869 -0.75591
   0.53614  0.10077 -0.79392
   0.52061  0.10275 -0.83221
   0.50508  0.10461 -0.87147
   0.48957  0.10637 -0.91115
   0.47410  0.10800 -0.95279
   0.45869  0.10951 -0.99473
   0.44333  0.11088 -1.03645
   0.42802  0.11211 -1.07860
   0.41273  0.11321 -1.11956
   0.39741  0.11415 -1.15873
   0.38203  0.11494 -1.19447
   0.36653  0.11560 -1.22914
   0.35091  0.11612 -1.26587
   0.33517  0.11652 -1.30526
   0.31938  0.11680 -1.34954
   0.30362  0.11697 -1.40194
   0.28799  0.11705 -1.47334
   0.27261  0.11699 -1.55694
   0.25754  0.11677 -1.64634
   0.24278  0.11635 -1.73781
   0.22829  0.11570 -1.82905
   0.21401  0.11479 -1.91693
   0.19986  0.11359 -1.99572
   0.18574  0.11206 -2.05371
   0.17155  0.11020 -2.10527
   0.15732  0.10803 -2.15957
   0.14312  0.10558 -2.23350
   0.12913  0.10286 -2.33221
   0.11548  0.09987 -2.43714
   0.10224  0.09660 -2.54543
   0.08944  0.09303 -2.64841
   0.07714  0.08920 -2.77079
   0.06550  0.08521 -2.98159
   0.05488  0.08110 -3.21832
   0.04570  0.07702 -3.43429
   0.03804  0.07314 -3.62967
   0.03160  0.06942 -3.79157
   0.02605  0.06575 -3.89324
   0.02115  0.06205 -3.83370
   0.01675  0.05835 -3.71158
   0.01299  0.05496 -3.71022
   0.00989  0.05203 -4.00350
   0.00741  0.04953 -4.40515
   0.00543  0.04732 -4.82970
   0.00384  0.04532 -5.26198
   0.00258  0.04348 -5.67328
   0.00159  0.04174 -6.05310
   0.00085  0.04007 -6.32383
   0.00033  0.03847 -6.41924
   0.00005  0.03689 -6.26040
  -0.00002  0.03534 -5.74617
   0.00016  0.03379 -4.78448
   0.00056  0.03223 -3.69094
   0.00119  0.03065 -2.68748
   0.00205  0.02904 -1.80974
   0.00315  0.02740 -1.09255
   0.00451  0.02572 -0.51320
   0.00617  0.02400 -0.05565
   0.00819  0.02224  0.30090
   0.01062  0.02046  0.57248
   0.01356  0.01872  0.77375
   0.01709  0.01713  0.90977
   0.02140  0.01568  0.97920
   0.02668  0.01427  0.99969
   0.03314  0.01268  0.99191
   0.04090  0.01098  0.96440
   0.04983  0.00933  0.92331
   0.05998  0.00788  0.87845
   0.07181  0.00660  0.83509
   0.08543  0.00536  0.79007
   0.09996  0.00420  0.74531
   0.11474  0.00321  0.70554
   0.12973  0.00237  0.67027
   0.14495  0.00169  0.63911
   0.16035  0.00115  0.61157
   0.17591  0.00073  0.58718
   0.19159  0.00043  0.56616
   0.20735  0.00021  0.54720
   0.22319  0.00007  0.53012
   0.23912 -0.00001  0.51524
   0.25512 -0.00004  0.50144
   0.27118 -0.00004  0.48920
   0.28731 -0.00002  0.47735
   0.30348  0.00000  0.46623
   0.31969  0.00002  0.45432
   0.33591  0.00002  0.44268
   0.35215  0.00002  0.43129
   0.36840  0.00001  0.42009
   0.38464  0.00000  0.40913
   0.40088 -0.00000  0.39874
   0.41711 -0.00000  0.38862
   0.43334 -0.00000  0.37880
   0.44957 -0.00000  0.36942
   0.46580 -0.00000  0.35982
   0.48203  0.00000  0.35088
   0.49827  0.00000  0.34177
   0.51451 -0.00000  0.33222
   0.53077 -0.00000  0.32285
   0.54702 -0.00001  0.31375
   0.56326 -0.00001  0.30373
   0.57951 -0.00001  0.29440
   0.59575 -0.00000  0.28409
   0.61196  0.00001  0.27355
   0.62811  0.00003  0.26216
   0.64421  0.00008  0.25080
   0.66025  0.00017  0.23983
   0.67621  0.00030  0.22891
   0.69212  0.00048  0.21861
   0.70797  0.00074  0.20958
   0.72378  0.00106  0.20094
   0.73955  0.00146  0.19427
   0.75529  0.00195  0.18749
   0.77101  0.00251  0.18310
   0.78672  0.00317  0.17910
   0.80241  0.00392  0.17749
   0.81810  0.00477  0.17806
   0.83379  0.00569  0.17978
   0.84950  0.00669  0.18402
   0.86524  0.00774  0.18707
   0.88106  0.00884  0.19219
   0.89698  0.00998  0.19692
   0.91306  0.01115  0.19970
   0.92915  0.01236  0.20362
   0.94478  0.01358  0.21026
   0.95929  0.01477  0.22181
   0.97228  0.01590  0.23962
   0.98374  0.01695  0.26678
   0.99387  0.01790  0.30882
   1.00000  0.01850  0.44435
