                                                
 Alfa =  10.00000 Re =  4000000.000 Xflap,Yflap =     0.000000    0.000000
#    x        y        Cp  
   1.00000  0.00000  0.36412
   0.99381  0.00089  0.30526
   0.98275  0.00278  0.23259
   0.96988  0.00525  0.15678
   0.95589  0.00801  0.09524
   0.94152  0.01083  0.04563
   0.92701  0.01363  0.00826
   0.91238  0.01640 -0.02342
   0.89768  0.01915 -0.05119
   0.88292  0.02189 -0.07725
   0.86815  0.02462 -0.10324
   0.85336  0.02735 -0.12787
   0.83857  0.03009 -0.15514
   0.82379  0.03283 -0.18235
   0.80901  0.03556 -0.20893
   0.79422  0.03829 -0.23618
   0.77941  0.04101 -0.26289
   0.76461  0.04372 -0.29064
   0.74982  0.04643 -0.32062
   0.73504  0.04912 -0.35013
   0.72029  0.05179 -0.38104
   0.70554  0.05443 -0.41252
   0.69079  0.05706 -0.44489
   0.67605  0.05966 -0.47790
   0.66131  0.06223 -0.51413
   0.64659  0.06476 -0.55001
   0.63190  0.06726 -0.58947
   0.61721  0.06971 -0.62970
   0.60255  0.07210 -0.67174
   0.58790  0.07443 -0.71578
   0.57329  0.07668 -0.76320
   0.55872  0.07886 -0.81234
   0.54421  0.08093 -0.86386
   0.52974  0.08287 -0.91461
   0.51533  0.08469 -0.96444
   0.50094  0.08637 -1.01321
   0.48657  0.08790 -1.06214
   0.47221  0.08927 -1.10679
   0.45785  0.09048 -1.15077
   0.44348  0.09153 -1.19309
   0.42911  0.09242 -1.23495
   0.41474  0.09314 -1.27665
   0.40039  0.09369 -1.31768
   0.38605  0.09407 -1.35776
   0.37172  0.09426 -1.39755
   0.35741  0.09428 -1.43529
   0.34312  0.09411 -1.47267
   0.32885  0.09375 -1.50809
   0.31459  0.09319 -1.54183
   0.30035  0.09245 -1.57481
   0.28612  0.09150 -1.60444
   0.27190  0.09037 -1.63525
   0.25768  0.08904 -1.66466
   0.24348  0.08752 -1.69776
   0.22932  0.08581 -1.73205
   0.21519  0.08390 -1.76949
   0.20112  0.08181 -1.81058
   0.18712  0.07951 -1.85499
   0.17321  0.07701 -1.90311
   0.15940  0.07430 -1.95793
   0.14571  0.07136 -2.01567
   0.13214  0.06818 -2.08150
   0.11874  0.06476 -2.15286
   0.10555  0.06108 -2.23687
   0.09264  0.05715 -2.33070
   0.08003  0.05293 -2.43972
   0.06777  0.04840 -2.56395
   0.05614  0.04365 -2.71532
   0.04548  0.03878 -2.88923
   0.03578  0.03381 -3.09549
   0.02719  0.02882 -3.32341
   0.02045  0.02438 -3.58792
   0.01543  0.02063 -3.87591
   0.01153  0.01731 -4.13332
   0.00831  0.01417 -4.37216
   0.00570  0.01123 -4.57271
   0.00370  0.00864 -4.82093
   0.00220  0.00646 -5.48056
   0.00114  0.00458 -6.37199
   0.00044  0.00289 -7.11598
   0.00007  0.00131 -7.45808
   0.00002 -0.00023 -6.76302
   0.00030 -0.00181 -5.14927
   0.00092 -0.00344 -3.56774
   0.00189 -0.00516 -2.24354
   0.00331 -0.00697 -1.18495
   0.00525 -0.00881 -0.32366
   0.00788 -0.01066  0.30861
   0.01128 -0.01256  0.68494
   0.01548 -0.01465  0.86695
   0.02070 -0.01699  0.96166
   0.02726 -0.01953  0.99849
   0.03555 -0.02218  0.98942
   0.04569 -0.02484  0.95083
   0.05732 -0.02743  0.89766
   0.06985 -0.02980  0.84096
   0.08293 -0.03189  0.78702
   0.09647 -0.03371  0.73769
   0.11033 -0.03529  0.69294
   0.12440 -0.03666  0.65288
   0.13860 -0.03783  0.61679
   0.15291 -0.03883  0.58405
   0.16729 -0.03967  0.55487
   0.18176 -0.04036  0.52831
   0.19629 -0.04091  0.50450
   0.21089 -0.04134  0.48271
   0.22552 -0.04166  0.46234
   0.24018 -0.04188  0.44355
   0.25486 -0.04200  0.42612
   0.26955 -0.04203  0.40979
   0.28426 -0.04196  0.39464
   0.29896 -0.04180  0.38072
   0.31366 -0.04155  0.36725
   0.32834 -0.04120  0.35529
   0.34301 -0.04076  0.34535
   0.35767 -0.04022  0.33610
   0.37235 -0.03958  0.33001
   0.38706 -0.03885  0.32403
   0.40180 -0.03804  0.32000
   0.41659 -0.03716  0.31700
   0.43143 -0.03621  0.31497
   0.44632 -0.03522  0.31330
   0.46124 -0.03420  0.31145
   0.47619 -0.03314  0.30894
   0.49115 -0.03206  0.30769
   0.50612 -0.03097  0.30600
   0.52110 -0.02986  0.30415
   0.53610 -0.02873  0.30311
   0.55112 -0.02760  0.30138
   0.56614 -0.02647  0.29985
   0.58116 -0.02534  0.29851
   0.59619 -0.02421  0.29705
   0.61120 -0.02308  0.29522
   0.62621 -0.02196  0.29396
   0.64121 -0.02085  0.29322
   0.65621 -0.01974  0.29143
   0.67120 -0.01864  0.29043
   0.68618 -0.01756  0.28898
   0.70116 -0.01649  0.28836
   0.71613 -0.01543  0.28677
   0.73110 -0.01439  0.28576
   0.74607 -0.01337  0.28461
   0.76103 -0.01237  0.28298
   0.77599 -0.01139  0.28253
   0.79094 -0.01042  0.28100
   0.80589 -0.00948  0.28025
   0.82084 -0.00857  0.27862
   0.83578 -0.00768  0.27737
   0.85073 -0.00682  0.27619
   0.86567 -0.00598  0.27555
   0.88061 -0.00517  0.27342
   0.89557 -0.00439  0.27228
   0.91055 -0.00362  0.27089
   0.92555 -0.00285  0.27199
   0.94051 -0.00209  0.27669
   0.95525 -0.00134  0.28744
   0.96945 -0.00066  0.30557
   0.98250 -0.00017  0.33151
   0.99374  0.00004  0.36004
   1.00000  0.00000  0.36412
