                                                
 Alfa =  10.00000 Re =  4000000.000 Xflap,Yflap =     0.000000    0.000000
#    x        y        Cp  
   1.00000  0.00700  0.59572
   0.98858  0.01010  0.43572
   0.96955  0.01529  0.33729
   0.94824  0.02110  0.26214
   0.92490  0.02746  0.19835
   0.89998  0.03427  0.14029
   0.87389  0.04144  0.08430
   0.84703  0.04885  0.03037
   0.81974  0.05642 -0.02253
   0.79223  0.06411 -0.07651
   0.76461  0.07188 -0.13166
   0.73703  0.07970 -0.18914
   0.70948  0.08760 -0.25336
   0.68187  0.09559 -0.32623
   0.65425  0.10356 -0.40324
   0.62691  0.11143 -0.48518
   0.60012  0.11909 -0.57492
   0.57405  0.12646 -0.67233
   0.54882  0.13346 -0.77617
   0.52448  0.14005 -0.88742
   0.50110  0.14618 -1.00634
   0.47873  0.15183 -1.13267
   0.45742  0.15696 -1.26881
   0.43718  0.16156 -1.41366
   0.41801  0.16561 -1.56574
   0.39989  0.16910 -1.72914
   0.38275  0.17203 -1.89363
   0.36643  0.17441 -2.04952
   0.35078  0.17626 -2.19263
   0.33566  0.17761 -2.32345
   0.32095  0.17847 -2.43674
   0.30655  0.17887 -2.53048
   0.29242  0.17883 -2.61336
   0.27853  0.17839 -2.68989
   0.26490  0.17754 -2.75794
   0.25154  0.17632 -2.82003
   0.23844  0.17471 -2.86969
   0.22559  0.17275 -2.90897
   0.21302  0.17044 -2.94142
   0.20074  0.16781 -2.96872
   0.18878  0.16487 -2.99195
   0.17716  0.16166 -3.00905
   0.16591  0.15818 -3.02077
   0.15504  0.15447 -3.02833
   0.14457  0.15055 -3.02856
   0.13453  0.14643 -3.02444
   0.12490  0.14215 -3.01492
   0.11572  0.13772 -2.99958
   0.10697  0.13317 -2.97688
   0.09866  0.12852 -2.94835
   0.09079  0.12380 -2.91315
   0.08334  0.11901 -2.87202
   0.07632  0.11419 -2.82980
   0.06971  0.10934 -2.78194
   0.06350  0.10450 -2.72789
   0.05768  0.09966 -2.66915
   0.05224  0.09484 -2.60467
   0.04716  0.09005 -2.53535
   0.04243  0.08530 -2.46004
   0.03802  0.08059 -2.38507
   0.03392  0.07594 -2.30617
   0.03012  0.07135 -2.22675
   0.02661  0.06683 -2.14211
   0.02337  0.06238 -2.05446
   0.02039  0.05800 -1.96278
   0.01767  0.05370 -1.87045
   0.01517  0.04948 -1.77551
   0.01290  0.04534 -1.67904
   0.01083  0.04126 -1.58313
   0.00895  0.03726 -1.49271
   0.00725  0.03332 -1.39987
   0.00575  0.02944 -1.30475
   0.00442  0.02564 -1.20591
   0.00329  0.02192 -1.10410
   0.00233  0.01829 -0.99881
   0.00155  0.01478 -0.89132
   0.00093  0.01136 -0.78678
   0.00047  0.00804 -0.67302
   0.00017  0.00479 -0.55969
   0.00002  0.00159 -0.43927
   0.00002 -0.00159 -0.30869
   0.00017 -0.00479 -0.17180
   0.00047 -0.00804 -0.03496
   0.00093 -0.01136  0.09602
   0.00155 -0.01478  0.22268
   0.00233 -0.01829  0.34023
   0.00329 -0.02192  0.44952
   0.00442 -0.02564  0.54901
   0.00575 -0.02944  0.63859
   0.00725 -0.03332  0.71689
   0.00895 -0.03726  0.78501
   0.01083 -0.04126  0.84255
   0.01290 -0.04534  0.88992
   0.01517 -0.04948  0.92850
   0.01767 -0.05370  0.95839
   0.02039 -0.05800  0.98011
   0.02337 -0.06238  0.99377
   0.02661 -0.06683  0.99969
   0.03012 -0.07135  0.99815
   0.03392 -0.07594  0.98949
   0.03802 -0.08059  0.97401
   0.04243 -0.08530  0.95219
   0.04716 -0.09005  0.92410
   0.05224 -0.09484  0.89054
   0.05768 -0.09966  0.85153
   0.06350 -0.10450  0.80790
   0.06971 -0.10934  0.75977
   0.07632 -0.11419  0.70809
   0.08334 -0.11901  0.65276
   0.09079 -0.12380  0.59472
   0.09866 -0.12852  0.53372
   0.10697 -0.13317  0.47157
   0.11572 -0.13772  0.40785
   0.12490 -0.14215  0.34362
   0.13453 -0.14643  0.27952
   0.14457 -0.15055  0.21522
   0.15504 -0.15447  0.15199
   0.16591 -0.15818  0.09005
   0.17716 -0.16166  0.02943
   0.18878 -0.16487 -0.02913
   0.20074 -0.16781 -0.08468
   0.21302 -0.17044 -0.13829
   0.22559 -0.17275 -0.18854
   0.23844 -0.17471 -0.23461
   0.25154 -0.17632 -0.27591
   0.26490 -0.17754 -0.31021
   0.27853 -0.17839 -0.34007
   0.29242 -0.17883 -0.36397
   0.30655 -0.17887 -0.38277
   0.32095 -0.17847 -0.39402
   0.33566 -0.17761 -0.39420
   0.35078 -0.17626 -0.38354
   0.36643 -0.17441 -0.36373
   0.38275 -0.17203 -0.33454
   0.39989 -0.16910 -0.29735
   0.41801 -0.16561 -0.25688
   0.43718 -0.16156 -0.21793
   0.45742 -0.15696 -0.17924
   0.47873 -0.15183 -0.14125
   0.50110 -0.14618 -0.10520
   0.52448 -0.14005 -0.06980
   0.54882 -0.13346 -0.03567
   0.57405 -0.12646 -0.00282
   0.60012 -0.11909  0.02926
   0.62691 -0.11143  0.05916
   0.65425 -0.10356  0.08688
   0.68187 -0.09559  0.11382
   0.70948 -0.08760  0.14058
   0.73703 -0.07970  0.16359
   0.76461 -0.07188  0.18368
   0.79223 -0.06411  0.20350
   0.81974 -0.05642  0.22374
   0.84703 -0.04885  0.24450
   0.87389 -0.04144  0.26725
   0.89998 -0.03427  0.29301
   0.92490 -0.02746  0.32193
   0.94824 -0.02110  0.35708
   0.96955 -0.01529  0.40387
   0.98858 -0.01010  0.47465
   1.00000 -0.00700  0.59572
