                                                
 Alfa =  10.00000 Re =  4000000.000 Xflap,Yflap =     0.000000    0.000000
#    x        y        Cp  
   1.00000  0.00000  0.31414
   0.99504  0.00098  0.16964
   0.98678  0.00259  0.09721
   0.97731  0.00441  0.04953
   0.96634  0.00647  0.00476
   0.95364  0.00880 -0.03997
   0.93980  0.01126 -0.07904
   0.92625  0.01360 -0.11216
   0.91258  0.01588 -0.14233
   0.89851  0.01816 -0.16518
   0.88462  0.02033 -0.18759
   0.87094  0.02241 -0.20438
   0.85733  0.02443 -0.21935
   0.84368  0.02644 -0.23632
   0.82991  0.02845 -0.24884
   0.81597  0.03049 -0.26459
   0.80187  0.03257 -0.28535
   0.78764  0.03470 -0.30644
   0.77344  0.03686 -0.33779
   0.75927  0.03902 -0.36939
   0.74508  0.04118 -0.40186
   0.73085  0.04331 -0.43485
   0.71661  0.04541 -0.46955
   0.70242  0.04743 -0.50299
   0.68827  0.04938 -0.53316
   0.67413  0.05124 -0.56030
   0.66000  0.05302 -0.58798
   0.64586  0.05473 -0.61231
   0.63170  0.05636 -0.63761
   0.61752  0.05791 -0.66071
   0.60331  0.05939 -0.68448
   0.58907  0.06080 -0.70567
   0.57481  0.06213 -0.72688
   0.56053  0.06340 -0.74721
   0.54622  0.06461 -0.76675
   0.53190  0.06577 -0.78765
   0.51757  0.06688 -0.81304
   0.50323  0.06795 -0.83593
   0.48890  0.06899 -0.86716
   0.47457  0.06999 -0.90259
   0.46025  0.07094 -0.94018
   0.44594  0.07182 -0.97855
   0.43165  0.07264 -1.02033
   0.41738  0.07338 -1.06245
   0.40312  0.07403 -1.10979
   0.38887  0.07458 -1.15275
   0.37463  0.07502 -1.20149
   0.36040  0.07534 -1.24782
   0.34618  0.07553 -1.29739
   0.33198  0.07559 -1.34761
   0.31778  0.07550 -1.39664
   0.30361  0.07525 -1.44747
   0.28946  0.07484 -1.49870
   0.27533  0.07425 -1.55164
   0.26123  0.07348 -1.60183
   0.24718  0.07251 -1.65432
   0.23315  0.07134 -1.70607
   0.21917  0.06996 -1.75576
   0.20522  0.06835 -1.80536
   0.19131  0.06650 -1.84837
   0.17742  0.06442 -1.88877
   0.16354  0.06213 -1.93682
   0.14966  0.05962 -2.00003
   0.13578  0.05691 -2.10974
   0.12196  0.05390 -2.23269
   0.10838  0.05052 -2.35170
   0.09528  0.04677 -2.42243
   0.08274  0.04268 -2.43159
   0.06999  0.03808 -2.45258
   0.05776  0.03332 -2.50745
   0.04558  0.02830 -2.70824
   0.03639  0.02423 -3.02465
   0.02879  0.02047 -3.37515
   0.02019  0.01544 -3.24782
   0.01163  0.01019 -3.61940
   0.00679  0.00732 -5.39882
   0.00415  0.00557 -7.31823
   0.00240  0.00418 -9.74766
   0.00121  0.00298-13.04440
   0.00044  0.00188-17.23198
   0.00004  0.00085-21.20971
   0.00002 -0.00015-19.68456
   0.00039 -0.00115-12.44079
   0.00115 -0.00217 -6.68565
   0.00235 -0.00324 -3.25279
   0.00410 -0.00440 -1.25607
   0.00672 -0.00574 -0.07575
   0.01124 -0.00746  0.64690
   0.02133 -0.00948  0.98856
   0.03215 -0.01000  0.98686
   0.04247 -0.01009  0.94494
   0.05552 -0.00981  0.88719
   0.06933 -0.00911  0.83426
   0.08308 -0.00805  0.79528
   0.09685 -0.00676  0.76825
   0.11104 -0.00541  0.74390
   0.12508 -0.00411  0.72173
   0.13921 -0.00285  0.70218
   0.15350 -0.00163  0.68400
   0.16772 -0.00045  0.66785
   0.18193  0.00070  0.65299
   0.19621  0.00181  0.63984
   0.21056  0.00290  0.62783
   0.22494  0.00396  0.61780
   0.23931  0.00498  0.60785
   0.25369  0.00595  0.59959
   0.26805  0.00686  0.59131
   0.28237  0.00771  0.58349
   0.29667  0.00848  0.57600
   0.31095  0.00918  0.56805
   0.32522  0.00981  0.55899
   0.33951  0.01037  0.55078
   0.35381  0.01088  0.54201
   0.36814  0.01133  0.53362
   0.38249  0.01175  0.52521
   0.39686  0.01213  0.51767
   0.41124  0.01247  0.51144
   0.42562  0.01279  0.50471
   0.43999  0.01308  0.49882
   0.45436  0.01332  0.49342
   0.46870  0.01351  0.48811
   0.48304  0.01366  0.48188
   0.49737  0.01374  0.47620
   0.51169  0.01377  0.46978
   0.52601  0.01373  0.46234
   0.54035  0.01364  0.45435
   0.55469  0.01350  0.44676
   0.56905  0.01332  0.43894
   0.58342  0.01310  0.43136
   0.59779  0.01284  0.42282
   0.61216  0.01255  0.41408
   0.62653  0.01224  0.40642
   0.64090  0.01190  0.39951
   0.65525  0.01154  0.38972
   0.66961  0.01117  0.38179
   0.68398  0.01079  0.37505
   0.69837  0.01039  0.36644
   0.71277  0.00999  0.35937
   0.72713  0.00958  0.35317
   0.74144  0.00917  0.34566
   0.75572  0.00875  0.33878
   0.76998  0.00832  0.33325
   0.78427  0.00789  0.32536
   0.79862  0.00744  0.32050
   0.81295  0.00699  0.31216
   0.82711  0.00653  0.30739
   0.84110  0.00606  0.30031
   0.85496  0.00559  0.29370
   0.86876  0.00510  0.28785
   0.88263  0.00460  0.28165
   0.89672  0.00407  0.27430
   0.91094  0.00353  0.26486
   0.92473  0.00298  0.25942
   0.93835  0.00244  0.24949
   0.95235  0.00188  0.24325
   0.96547  0.00135  0.23913
   0.97678  0.00091  0.23735
   0.98650  0.00053  0.23644
   0.99494  0.00020  0.24751
   1.00000  0.00000  0.31414
