                                                
 Alfa =  10.00000 Re =  4000000.000 Xflap,Yflap =     0.000000    0.000000
#    x        y        Cp  
   1.00000  0.00000  0.31195
   0.99391  0.00074  0.16417
   0.98148  0.00223  0.10302
   0.96822  0.00381  0.06209
   0.95485  0.00540  0.02290
   0.94149  0.00696 -0.00397
   0.92812  0.00851 -0.03367
   0.91475  0.01005 -0.05382
   0.90138  0.01157 -0.07935
   0.88800  0.01307 -0.09845
   0.87463  0.01456 -0.12182
   0.86126  0.01603 -0.13906
   0.84788  0.01747 -0.15937
   0.83451  0.01890 -0.17697
   0.82113  0.02031 -0.19662
   0.80775  0.02170 -0.21356
   0.79437  0.02307 -0.23188
   0.78099  0.02442 -0.24984
   0.76760  0.02574 -0.26604
   0.75422  0.02704 -0.28211
   0.74083  0.02832 -0.30278
   0.72744  0.02957 -0.31636
   0.71406  0.03080 -0.33631
   0.70066  0.03201 -0.35170
   0.68727  0.03319 -0.37059
   0.67388  0.03434 -0.38696
   0.66049  0.03546 -0.40342
   0.64709  0.03656 -0.42379
   0.63369  0.03762 -0.43919
   0.62029  0.03866 -0.45814
   0.60689  0.03967 -0.47444
   0.59349  0.04065 -0.49414
   0.58009  0.04160 -0.51254
   0.56669  0.04251 -0.53182
   0.55328  0.04340 -0.55021
   0.53988  0.04424 -0.57090
   0.52647  0.04506 -0.58969
   0.51306  0.04583 -0.61228
   0.49966  0.04657 -0.63118
   0.48625  0.04727 -0.65463
   0.47285  0.04793 -0.67456
   0.45944  0.04854 -0.69874
   0.44603  0.04912 -0.72085
   0.43263  0.04964 -0.74520
   0.41922  0.05013 -0.77000
   0.40582  0.05056 -0.79574
   0.39242  0.05094 -0.82092
   0.37902  0.05127 -0.84776
   0.36562  0.05154 -0.87637
   0.35222  0.05176 -0.90514
   0.33882  0.05192 -0.93534
   0.32543  0.05202 -0.96793
   0.31204  0.05206 -1.00099
   0.29866  0.05203 -1.03705
   0.28528  0.05192 -1.07361
   0.27190  0.05175 -1.11351
   0.25854  0.05149 -1.15665
   0.24519  0.05116 -1.20244
   0.23185  0.05073 -1.25065
   0.21852  0.05020 -1.30345
   0.20522  0.04956 -1.36051
   0.19193  0.04881 -1.42059
   0.17866  0.04794 -1.48727
   0.16542  0.04693 -1.56049
   0.15222  0.04577 -1.64001
   0.13906  0.04444 -1.72886
   0.12594  0.04293 -1.82903
   0.11290  0.04122 -1.94437
   0.09992  0.03928 -2.07105
   0.08704  0.03708 -2.22697
   0.07430  0.03458 -2.40980
   0.06174  0.03174 -2.63696
   0.04943  0.02849 -2.92447
   0.03749  0.02476 -3.30971
   0.02615  0.02046 -3.85630
   0.01593  0.01559 -4.71180
   0.00808  0.01060 -6.03729
   0.00358  0.00661 -7.75792
   0.00141  0.00379 -9.59787
   0.00038  0.00172-11.27359
   0.00000  0.00010-16.49452
   0.00038 -0.00138-12.20723
   0.00178 -0.00283 -3.41586
   0.00438 -0.00445 -0.66787
   0.00931 -0.00661  0.54201
   0.01825 -0.00937  0.94745
   0.02992 -0.01201  0.99866
   0.04244 -0.01421  0.96087
   0.05527 -0.01604  0.90590
   0.06827 -0.01758  0.85136
   0.08138 -0.01890  0.80085
   0.09455 -0.02002  0.75498
   0.10777 -0.02097  0.71459
   0.12103 -0.02178  0.67837
   0.13432 -0.02245  0.64552
   0.14763 -0.02301  0.61630
   0.16096 -0.02347  0.58998
   0.17430 -0.02382  0.56632
   0.18766 -0.02409  0.54472
   0.20103 -0.02428  0.52558
   0.21442 -0.02439  0.50762
   0.22781 -0.02444  0.49206
   0.24121 -0.02444  0.47684
   0.25462 -0.02438  0.46351
   0.26804 -0.02427  0.45050
   0.28146 -0.02412  0.43990
   0.29489 -0.02393  0.42786
   0.30832 -0.02371  0.41836
   0.32176 -0.02345  0.40814
   0.33520 -0.02317  0.39966
   0.34864 -0.02286  0.39087
   0.36209 -0.02253  0.38398
   0.37553 -0.02217  0.37461
   0.38898 -0.02180  0.36991
   0.40244 -0.02141  0.36195
   0.41589 -0.02100  0.35503
   0.42935 -0.02059  0.34957
   0.44281 -0.02016  0.34263
   0.45627 -0.01972  0.33817
   0.46973 -0.01927  0.33258
   0.48319 -0.01881  0.32670
   0.49665 -0.01835  0.32209
   0.51012 -0.01788  0.31499
   0.52359 -0.01741  0.31262
   0.53705 -0.01694  0.30703
   0.55052 -0.01646  0.30247
   0.56399 -0.01598  0.29656
   0.57746 -0.01550  0.29372
   0.59093 -0.01502  0.28806
   0.60440 -0.01453  0.28415
   0.61787 -0.01405  0.27962
   0.63134 -0.01357  0.27535
   0.64481 -0.01308  0.27054
   0.65829 -0.01260  0.26731
   0.67176 -0.01212  0.26212
   0.68523 -0.01163  0.25816
   0.69870 -0.01115  0.25437
   0.71217 -0.01067  0.25054
   0.72564 -0.01018  0.24750
   0.73911 -0.00970  0.24090
   0.75258 -0.00922  0.23859
   0.76605 -0.00873  0.23560
   0.77953 -0.00825  0.23079
   0.79300 -0.00777  0.22835
   0.80647 -0.00728  0.22220
   0.81994 -0.00680  0.22068
   0.83341 -0.00632  0.21582
   0.84688 -0.00583  0.21252
   0.86035 -0.00535  0.21039
   0.87382 -0.00487  0.20569
   0.88729 -0.00438  0.20408
   0.90076 -0.00389  0.19734
   0.91422 -0.00340  0.19820
   0.92768 -0.00290  0.19407
   0.94114 -0.00240  0.19191
   0.95459 -0.00188  0.19300
   0.96803 -0.00134  0.19534
   0.98137 -0.00079  0.20150
   0.99387 -0.00026  0.21742
   1.00000  0.00000  0.31195
