                                                
 Alfa =  10.00000 Re =  4000000.000 Xflap,Yflap =     0.000000    0.000000
#    x        y        Cp  
   1.00000 -0.00087  0.66155
   0.99292  0.00277  0.25915
   0.98189  0.00754  0.03264
   0.96999  0.01148 -0.01572
   0.95684  0.01514 -0.02561
   0.94238  0.01885 -0.04709
   0.92659  0.02271 -0.06864
   0.90952  0.02675 -0.08929
   0.89133  0.03098 -0.11274
   0.87225  0.03538 -0.13617
   0.85251  0.03994 -0.16595
   0.83236  0.04462 -0.19818
   0.81197  0.04935 -0.22792
   0.79151  0.05414 -0.25967
   0.77102  0.05899 -0.29541
   0.75052  0.06391 -0.33605
   0.72999  0.06891 -0.38102
   0.70944  0.07397 -0.43034
   0.68889  0.07907 -0.48600
   0.66835  0.08422 -0.54967
   0.64789  0.08935 -0.62019
   0.62764  0.09440 -0.69708
   0.60772  0.09931 -0.78255
   0.58816  0.10403 -0.87212
   0.56898  0.10850 -0.96593
   0.55018  0.11271 -1.06539
   0.53176  0.11659 -1.16625
   0.51364  0.12014 -1.26156
   0.49577  0.12334 -1.35527
   0.47811  0.12620 -1.44743
   0.46064  0.12869 -1.53530
   0.44330  0.13082 -1.61444
   0.42604  0.13259 -1.68985
   0.40885  0.13400 -1.75990
   0.39172  0.13506 -1.82631
   0.37464  0.13577 -1.89002
   0.35763  0.13613 -1.95149
   0.34069  0.13614 -2.01167
   0.32384  0.13581 -2.06946
   0.30711  0.13512 -2.12611
   0.29052  0.13409 -2.18468
   0.27411  0.13271 -2.24041
   0.25790  0.13099 -2.29304
   0.24192  0.12892 -2.34588
   0.22622  0.12652 -2.40018
   0.21084  0.12378 -2.44894
   0.19583  0.12074 -2.49709
   0.18124  0.11739 -2.54260
   0.16712  0.11377 -2.58738
   0.15353  0.10991 -2.62880
   0.14054  0.10584 -2.67060
   0.12822  0.10162 -2.71190
   0.11660  0.09727 -2.74712
   0.10571  0.09284 -2.78022
   0.09558  0.08839 -2.81404
   0.08622  0.08395 -2.84668
   0.07760  0.07957 -2.87287
   0.06970  0.07525 -2.89426
   0.06247  0.07103 -2.91746
   0.05588  0.06693 -2.94169
   0.04988  0.06295 -2.95823
   0.04441  0.05909 -2.96888
   0.03943  0.05535 -2.98175
   0.03488  0.05175 -3.00061
   0.03074  0.04826 -3.03147
   0.02698  0.04488 -3.04615
   0.02355  0.04161 -3.05793
   0.02043  0.03843 -3.06273
   0.01759  0.03533 -3.05653
   0.01500  0.03232 -3.05866
   0.01265  0.02938 -3.05967
   0.01053  0.02651 -3.05007
   0.00861  0.02372 -3.04372
   0.00690  0.02098 -3.03660
   0.00538  0.01831 -3.01477
   0.00404  0.01568 -3.00066
   0.00287  0.01309 -2.99563
   0.00189  0.01054 -2.96964
   0.00112  0.00803 -2.88162
   0.00055  0.00558 -2.73969
   0.00019  0.00320 -2.53984
   0.00001  0.00087 -2.30648
   0.00004 -0.00143 -2.00000
   0.00025 -0.00376 -1.65576
   0.00066 -0.00613 -1.30068
   0.00128 -0.00855 -0.94815
   0.00213 -0.01099 -0.60434
   0.00319 -0.01345 -0.29142
   0.00446 -0.01589 -0.01732
   0.00595 -0.01831  0.21994
   0.00766 -0.02072  0.41872
   0.00960 -0.02310  0.58271
   0.01176 -0.02547  0.71327
   0.01416 -0.02781  0.81491
   0.01680 -0.03012  0.88992
   0.01968 -0.03240  0.94266
   0.02283 -0.03466  0.97656
   0.02626 -0.03689  0.99467
   0.02998 -0.03910  0.99999
   0.03404 -0.04128  0.99475
   0.03844 -0.04344  0.98127
   0.04323 -0.04559  0.96088
   0.04844 -0.04772  0.93539
   0.05412 -0.04984  0.90587
   0.06032 -0.05194  0.87327
   0.06712 -0.05403  0.83854
   0.07456 -0.05610  0.80216
   0.08274 -0.05815  0.76500
   0.09172 -0.06017  0.72674
   0.10158 -0.06215  0.68890
   0.11240 -0.06408  0.65124
   0.12422 -0.06593  0.61465
   0.13710 -0.06769  0.57933
   0.15102 -0.06933  0.54539
   0.16594 -0.07085  0.51213
   0.18177 -0.07221  0.48143
   0.19842 -0.07339  0.45229
   0.21576 -0.07441  0.42447
   0.23363 -0.07524  0.39756
   0.25190 -0.07587  0.37243
   0.27046 -0.07629  0.34935
   0.28926 -0.07650  0.32784
   0.30820 -0.07651  0.30812
   0.32724 -0.07631  0.28945
   0.34635 -0.07589  0.27365
   0.36552 -0.07525  0.25998
   0.38477 -0.07439  0.24877
   0.40407 -0.07331  0.23942
   0.42347 -0.07202  0.23261
   0.44296 -0.07053  0.22782
   0.46254 -0.06883  0.22440
   0.48224 -0.06693  0.22435
   0.50212 -0.06485  0.22601
   0.52215 -0.06261  0.22779
   0.54233 -0.06021  0.23066
   0.56264 -0.05768  0.23498
   0.58310 -0.05501  0.23973
   0.60369 -0.05225  0.24468
   0.62439 -0.04939  0.25030
   0.64516 -0.04645  0.25522
   0.66597 -0.04343  0.26124
   0.68685 -0.04034  0.26907
   0.70778 -0.03720  0.27618
   0.72870 -0.03400  0.28460
   0.74963 -0.03075  0.29550
   0.77053 -0.02747  0.30710
   0.79130 -0.02420  0.32053
   0.81180 -0.02099  0.33537
   0.83190 -0.01789  0.35094
   0.85148 -0.01496  0.36612
   0.87045 -0.01222  0.38208
   0.88868 -0.00974  0.39864
   0.90609 -0.00756  0.41492
   0.92263 -0.00573  0.42773
   0.93828 -0.00425  0.43863
   0.95299 -0.00314  0.45344
   0.96677 -0.00250  0.44046
   0.97980 -0.00211  0.42943
   0.99205 -0.00171  0.40082
   1.00000 -0.00087  0.66155
