                                                
 Alfa =  10.00000 Re =  4000000.000 Xflap,Yflap =     0.000000    0.000000
#    x        y        Cp  
   1.00000  0.00000  0.23187
   0.99418  0.00064  0.21289
   0.98381  0.00192  0.17753
   0.97157  0.00362  0.13913
   0.95794  0.00568  0.10479
   0.94351  0.00800  0.07237
   0.92863  0.01051  0.03671
   0.91345  0.01316  0.00271
   0.89811  0.01592 -0.03024
   0.88267  0.01875 -0.06357
   0.86712  0.02164 -0.09730
   0.85150  0.02457 -0.13234
   0.83583  0.02752 -0.16623
   0.82015  0.03047 -0.19932
   0.80449  0.03340 -0.23327
   0.78886  0.03632 -0.26768
   0.77327  0.03920 -0.30089
   0.75772  0.04204 -0.33620
   0.74220  0.04484 -0.36895
   0.72671  0.04758 -0.40390
   0.71125  0.05027 -0.43820
   0.69580  0.05290 -0.47209
   0.68037  0.05547 -0.50698
   0.66496  0.05797 -0.54187
   0.64958  0.06039 -0.57690
   0.63422  0.06273 -0.61182
   0.61888  0.06499 -0.64628
   0.60353  0.06716 -0.68212
   0.58819  0.06925 -0.71636
   0.57286  0.07125 -0.75170
   0.55754  0.07315 -0.78784
   0.54224  0.07496 -0.82439
   0.52695  0.07666 -0.86020
   0.51166  0.07826 -0.89700
   0.49639  0.07975 -0.93479
   0.48113  0.08114 -0.97085
   0.46588  0.08241 -1.01052
   0.45064  0.08356 -1.04779
   0.43542  0.08460 -1.08807
   0.42022  0.08551 -1.12782
   0.40503  0.08629 -1.16858
   0.38986  0.08695 -1.21041
   0.37472  0.08747 -1.25444
   0.35962  0.08785 -1.29909
   0.34456  0.08808 -1.34430
   0.32954  0.08816 -1.39109
   0.31454  0.08809 -1.43862
   0.29959  0.08786 -1.48808
   0.28470  0.08746 -1.54069
   0.26987  0.08689 -1.59499
   0.25511  0.08614 -1.65077
   0.24043  0.08520 -1.71063
   0.22584  0.08406 -1.77180
   0.21136  0.08272 -1.83773
   0.19701  0.08117 -1.90787
   0.18282  0.07940 -1.98225
   0.16879  0.07738 -2.05828
   0.15495  0.07512 -2.13932
   0.14133  0.07260 -2.22461
   0.12796  0.06982 -2.31619
   0.11489  0.06675 -2.41018
   0.10216  0.06340 -2.51104
   0.08983  0.05977 -2.61534
   0.07798  0.05587 -2.72813
   0.06674  0.05173 -2.85003
   0.05628  0.04744 -2.98514
   0.04678  0.04308 -3.12775
   0.03836  0.03876 -3.28603
   0.03109  0.03460 -3.45015
   0.02500  0.03072 -3.62281
   0.01998  0.02716 -3.82274
   0.01587  0.02389 -3.98929
   0.01247  0.02087 -4.15820
   0.00965  0.01807 -4.33172
   0.00733  0.01547 -4.48049
   0.00545  0.01307 -4.62066
   0.00392  0.01085 -4.80347
   0.00271  0.00878 -4.95311
   0.00175  0.00680 -5.00836
   0.00103  0.00488 -4.95687
   0.00050  0.00300 -4.96434
   0.00018  0.00117 -5.02514
   0.00011 -0.00058 -4.99260
   0.00032 -0.00223 -4.71724
   0.00087 -0.00378 -3.66656
   0.00179 -0.00523 -2.18285
   0.00308 -0.00662 -1.01066
   0.00474 -0.00796 -0.20932
   0.00675 -0.00925  0.29038
   0.00910 -0.01048  0.60353
   0.01185 -0.01163  0.80570
   0.01507 -0.01270  0.92285
   0.01881 -0.01374  0.97951
   0.02323 -0.01477  0.99931
   0.02851 -0.01580  0.99366
   0.03493 -0.01677  0.96897
   0.04279 -0.01763  0.93128
   0.05235 -0.01835  0.88721
   0.06364 -0.01890  0.84020
   0.07641 -0.01927  0.79440
   0.09019 -0.01945  0.75267
   0.10469 -0.01945  0.71593
   0.11967 -0.01930  0.68375
   0.13497 -0.01904  0.65540
   0.15046 -0.01868  0.63053
   0.16606 -0.01825  0.60792
   0.18173 -0.01777  0.58782
   0.19744 -0.01722  0.56984
   0.21320 -0.01664  0.55359
   0.22901 -0.01601  0.53925
   0.24487 -0.01535  0.52590
   0.26076 -0.01467  0.51369
   0.27668 -0.01397  0.50223
   0.29262 -0.01325  0.49221
   0.30857 -0.01253  0.48237
   0.32455 -0.01179  0.47319
   0.34053 -0.01105  0.46489
   0.35653 -0.01030  0.45677
   0.37253 -0.00955  0.44980
   0.38853 -0.00880  0.44248
   0.40453 -0.00805  0.43608
   0.42051 -0.00731  0.43018
   0.43647 -0.00658  0.42433
   0.45243 -0.00586  0.41924
   0.46837 -0.00514  0.41377
   0.48431 -0.00444  0.40883
   0.50024 -0.00376  0.40411
   0.51615 -0.00309  0.39976
   0.53204 -0.00244  0.39577
   0.54791 -0.00181  0.39168
   0.56377 -0.00122  0.38743
   0.57962 -0.00064  0.38319
   0.59547 -0.00010  0.37946
   0.61132  0.00042  0.37512
   0.62716  0.00091  0.37139
   0.64299  0.00136  0.36724
   0.65881  0.00179  0.36322
   0.67462  0.00218  0.35995
   0.69043  0.00253  0.35491
   0.70623  0.00285  0.35151
   0.72203  0.00313  0.34698
   0.73783  0.00338  0.34316
   0.75361  0.00358  0.33893
   0.76938  0.00375  0.33417
   0.78515  0.00387  0.33008
   0.80092  0.00395  0.32559
   0.81668  0.00398  0.32009
   0.83242  0.00398  0.31635
   0.84814  0.00392  0.31070
   0.86384  0.00381  0.30621
   0.87952  0.00365  0.30048
   0.89518  0.00344  0.29475
   0.91080  0.00317  0.28829
   0.92632  0.00284  0.28311
   0.94163  0.00244  0.27847
   0.95656  0.00198  0.27006
   0.97075  0.00145  0.26376
   0.98348  0.00091  0.26133
   0.99414  0.00035  0.25547
   1.00001  0.00000  0.23187
