                                                
 Alfa =  10.00000 Re =  4000000.000 Xflap,Yflap =     0.000000    0.000000
#    x        y        Cp  
   1.20000 -0.09000  0.45478
   1.19361 -0.08613  0.24655
   1.18175 -0.07899  0.10721
   1.16795 -0.07079 -0.03844
   1.15322 -0.06229 -0.17343
   1.13825 -0.05399 -0.30745
   1.12337 -0.04618 -0.43364
   1.10861 -0.03895 -0.54745
   1.09378 -0.03227 -0.63075
   1.07856 -0.02602 -0.68259
   1.06279 -0.02008 -0.71476
   1.04646 -0.01440 -0.73569
   1.02957 -0.00892 -0.73934
   1.01207 -0.00357 -0.74135
   0.99403  0.00174 -0.74451
   0.97567  0.00699 -0.76005
   0.95719  0.01216 -0.78046
   0.93865  0.01724 -0.80270
   0.92007  0.02220 -0.82379
   0.90143  0.02708 -0.84052
   0.88270  0.03190 -0.85485
   0.86387  0.03674 -0.87655
   0.84494  0.04164 -0.91042
   0.82593  0.04660 -0.96011
   0.80686  0.05157 -1.01377
   0.78777  0.05653 -1.07167
   0.76872  0.06143 -1.13589
   0.74979  0.06627 -1.20739
   0.73098  0.07100 -1.28612
   0.71228  0.07560 -1.37258
   0.69368  0.08005 -1.46462
   0.67532  0.08430 -1.57110
   0.65735  0.08826 -1.68663
   0.63973  0.09184 -1.79405
   0.62229  0.09505 -1.87753
   0.60486  0.09791 -1.94689
   0.58731  0.10043 -2.00088
   0.56957  0.10263 -2.04106
   0.55164  0.10453 -2.07515
   0.53355  0.10617 -2.11021
   0.51535  0.10754 -2.14537
   0.49708  0.10866 -2.18098
   0.47874  0.10952 -2.21706
   0.46034  0.11014 -2.25450
   0.44190  0.11052 -2.29558
   0.42346  0.11067 -2.33905
   0.40502  0.11058 -2.38506
   0.38659  0.11024 -2.43291
   0.36817  0.10967 -2.48325
   0.34978  0.10886 -2.53873
   0.33143  0.10781 -2.59777
   0.31314  0.10651 -2.66123
   0.29493  0.10496 -2.73113
   0.27681  0.10314 -2.80565
   0.25880  0.10106 -2.88451
   0.24089  0.09871 -2.97069
   0.22312  0.09606 -3.06583
   0.20551  0.09313 -3.17161
   0.18811  0.08990 -3.28731
   0.17094  0.08636 -3.41599
   0.15404  0.08249 -3.56050
   0.13747  0.07829 -3.72588
   0.12132  0.07376 -3.91485
   0.10570  0.06891 -4.13129
   0.09074  0.06374 -4.37901
   0.07658  0.05831 -4.67035
   0.06354  0.05273 -5.00647
   0.05194  0.04719 -5.39640
   0.04185  0.04180 -5.82845
   0.03325  0.03666 -6.31071
   0.02623  0.03198 -6.83804
   0.02068  0.02784 -7.44768
   0.01622  0.02414 -8.03507
   0.01255  0.02070 -8.57991
   0.00945  0.01744 -9.08018
   0.00686  0.01440 -9.67809
   0.00475  0.01164-10.53428
   0.00305  0.00918-12.28560
   0.00177  0.00694-14.19443
   0.00086  0.00482-15.82872
   0.00030  0.00273-16.65889
   0.00010  0.00062-16.18381
   0.00024 -0.00153-15.17579
   0.00078 -0.00367-13.91325
   0.00177 -0.00573-11.65073
   0.00329 -0.00763 -7.96739
   0.00540 -0.00943 -4.79123
   0.00810 -0.01119 -2.60620
   0.01135 -0.01302 -1.41770
   0.01515 -0.01498 -0.69840
   0.01962 -0.01704 -0.17002
   0.02491 -0.01916  0.22761
   0.03135 -0.02140  0.52624
   0.03941 -0.02380  0.73984
   0.04956 -0.02644  0.87803
   0.06185 -0.02920  0.95726
   0.07592 -0.03193  0.99263
   0.09162 -0.03455  0.99976
   0.10859 -0.03704  0.98996
   0.12630 -0.03934  0.97111
   0.14442 -0.04142  0.94798
   0.16284 -0.04332  0.92322
   0.18148 -0.04503  0.89813
   0.20030 -0.04659  0.87361
   0.21923 -0.04799  0.84987
   0.23826 -0.04926  0.82729
   0.25735 -0.05039  0.80575
   0.27650 -0.05140  0.78539
   0.29568 -0.05230  0.76613
   0.31490 -0.05308  0.74791
   0.33418 -0.05375  0.73103
   0.35349 -0.05432  0.71475
   0.37283 -0.05480  0.69933
   0.39217 -0.05518  0.68474
   0.41149 -0.05547  0.67048
   0.43078 -0.05565  0.65764
   0.45006 -0.05573  0.64491
   0.46931 -0.05570  0.63310
   0.48853 -0.05556  0.62214
   0.50769 -0.05530  0.61180
   0.52679 -0.05491  0.60224
   0.54581 -0.05438  0.59334
   0.56480 -0.05372  0.58551
   0.58374 -0.05289  0.57807
   0.60247 -0.05189  0.57112
   0.62076 -0.05071  0.56455
   0.63862 -0.04928  0.56196
   0.65638 -0.04750  0.56807
   0.67450 -0.04537  0.58061
   0.69322 -0.04295  0.59663
   0.71238 -0.04037  0.61145
   0.73161 -0.03777  0.62685
   0.75064 -0.03526  0.64157
   0.76936 -0.03291  0.65511
   0.78774 -0.03081  0.66741
   0.80577 -0.02901  0.67832
   0.82348 -0.02754  0.68779
   0.84098 -0.02645  0.69388
   0.85839 -0.02575  0.69722
   0.87584 -0.02544  0.69917
   0.89335 -0.02551  0.69996
   0.91092 -0.02594  0.69893
   0.92854 -0.02673  0.69732
   0.94622 -0.02788  0.69534
   0.96392 -0.02936  0.69352
   0.98152 -0.03116  0.69180
   0.99892 -0.03330  0.69026
   1.01609 -0.03579  0.68712
   1.03304 -0.03865  0.68371
   1.04976 -0.04191  0.67715
   1.06625 -0.04558  0.66937
   1.08257 -0.04968  0.65804
   1.09887 -0.05426  0.64011
   1.11531 -0.05933  0.61893
   1.13192 -0.06484  0.59275
   1.14859 -0.07071  0.56160
   1.16494 -0.07670  0.52504
   1.18013 -0.08241  0.49011
   1.19303 -0.08733  0.45886
   1.20000 -0.09000  0.45478
