                                                
 Alfa =  10.00000 Re =  4000000.000 Xflap,Yflap =     0.000000    0.000000
#    x        y        Cp  
   1.00000  0.00425  0.27838
   0.99383  0.00583  0.13852
   0.98364  0.00838  0.06935
   0.97211  0.01119  0.01396
   0.95907  0.01427 -0.03218
   0.94458  0.01757 -0.06524
   0.92906  0.02099 -0.08696
   0.91321  0.02448 -0.10310
   0.89745  0.02802 -0.12409
   0.88188  0.03168 -0.16365
   0.86638  0.03545 -0.20893
   0.85087  0.03928 -0.26174
   0.83529  0.04315 -0.31712
   0.81959  0.04702 -0.37604
   0.80376  0.05085 -0.43441
   0.78780  0.05458 -0.48826
   0.77175  0.05819 -0.53638
   0.75565  0.06166 -0.58211
   0.73952  0.06498 -0.62624
   0.72339  0.06815 -0.66842
   0.70728  0.07117 -0.70955
   0.69120  0.07403 -0.74902
   0.67517  0.07674 -0.78618
   0.65916  0.07928 -0.82286
   0.64318  0.08167 -0.85801
   0.62718  0.08391 -0.89079
   0.61114  0.08600 -0.92303
   0.59500  0.08795 -0.95084
   0.57870  0.08976 -0.97408
   0.56221  0.09145 -0.99544
   0.54550  0.09304 -1.01893
   0.52862  0.09455 -1.04241
   0.51164  0.09599 -1.07303
   0.49468  0.09737 -1.11249
   0.47790  0.09869 -1.16844
   0.46140  0.09989 -1.23097
   0.44522  0.10093 -1.29472
   0.42933  0.10180 -1.35814
   0.41364  0.10246 -1.41808
   0.39804  0.10289 -1.46866
   0.38239  0.10307 -1.49884
   0.36653  0.10303 -1.52219
   0.35038  0.10278 -1.54069
   0.33391  0.10235 -1.56286
   0.31718  0.10177 -1.59068
   0.30036  0.10109 -1.63540
   0.28369  0.10033 -1.71523
   0.26744  0.09946 -1.81547
   0.25170  0.09842 -1.92199
   0.23648  0.09718 -2.02956
   0.22171  0.09567 -2.13273
   0.20728  0.09387 -2.22710
   0.19303  0.09171 -2.29294
   0.17880  0.08915 -2.32885
   0.16450  0.08621 -2.36074
   0.15010  0.08292 -2.39910
   0.13573  0.07931 -2.48096
   0.12163  0.07540 -2.57713
   0.10815  0.07123 -2.67296
   0.09560  0.06689 -2.76662
   0.08416  0.06245 -2.85340
   0.07364  0.05782 -2.83393
   0.06364  0.05290 -2.61194
   0.05408  0.04808 -2.46480
   0.04549  0.04395 -2.68595
   0.03824  0.04054 -3.19700
   0.03220  0.03747 -3.70847
   0.02706  0.03449 -4.14708
   0.02260  0.03142 -4.30210
   0.01862  0.02821 -4.15311
   0.01502  0.02495 -3.98230
   0.01180  0.02183 -3.97543
   0.00900  0.01897 -4.24957
   0.00667  0.01639 -4.58413
   0.00476  0.01403 -4.94065
   0.00322  0.01184 -5.29172
   0.00200  0.00979 -5.60603
   0.00107  0.00784 -5.82924
   0.00041  0.00597 -5.92205
  -0.00001  0.00416 -5.80619
  -0.00017  0.00239 -5.42455
  -0.00010  0.00065 -4.75578
   0.00024 -0.00108 -3.79783
   0.00082 -0.00280 -2.80763
   0.00164 -0.00449 -1.94650
   0.00268 -0.00615 -1.21785
   0.00394 -0.00776 -0.63273
   0.00543 -0.00930 -0.15614
   0.00713 -0.01074  0.22194
   0.00908 -0.01203  0.51729
   0.01127 -0.01310  0.74138
   0.01373 -0.01386  0.89823
   0.01649 -0.01421  0.97988
   0.01966 -0.01415  0.99999
   0.02337 -0.01372  0.99118
   0.02778 -0.01307  0.97293
   0.03305 -0.01232  0.94769
   0.03923 -0.01142  0.91676
   0.04614 -0.01029  0.88277
   0.05355 -0.00879  0.85558
   0.06162 -0.00683  0.84205
   0.07074 -0.00452  0.83677
   0.08141 -0.00211  0.82574
   0.09401  0.00023  0.80198
   0.10852  0.00263  0.77777
   0.12427  0.00510  0.75868
   0.14038  0.00748  0.74202
   0.15639  0.00970  0.72721
   0.17248  0.01178  0.71319
   0.18883  0.01379  0.70041
   0.20546  0.01574  0.68969
   0.22221  0.01763  0.68170
   0.23887  0.01940  0.67530
   0.25533  0.02103  0.66978
   0.27155  0.02247  0.66463
   0.28756  0.02371  0.65934
   0.30345  0.02475  0.65278
   0.31935  0.02558  0.64416
   0.33536  0.02623  0.63433
   0.35158  0.02674  0.62397
   0.36805  0.02711  0.61286
   0.38477  0.02739  0.60189
   0.40170  0.02760  0.59201
   0.41872  0.02776  0.58404
   0.43571  0.02786  0.57690
   0.45260  0.02788  0.57096
   0.46935  0.02782  0.56453
   0.48597  0.02765  0.55844
   0.50249  0.02736  0.55106
   0.51900  0.02696  0.54249
   0.53555  0.02644  0.53296
   0.55220  0.02583  0.52296
   0.56896  0.02513  0.51212
   0.58585  0.02435  0.50181
   0.60284  0.02352  0.49138
   0.61989  0.02264  0.48185
   0.63695  0.02172  0.47303
   0.65399  0.02075  0.46374
   0.67099  0.01974  0.45446
   0.68796  0.01868  0.44523
   0.70490  0.01757  0.43502
   0.72184  0.01641  0.42389
   0.73881  0.01521  0.41295
   0.75582  0.01398  0.40058
   0.77289  0.01273  0.39002
   0.78999  0.01148  0.37755
   0.80712  0.01024  0.36767
   0.82426  0.00901  0.35782
   0.84137  0.00781  0.34903
   0.85846  0.00662  0.34065
   0.87550  0.00545  0.33359
   0.89253  0.00430  0.32727
   0.90954  0.00316  0.32314
   0.92643  0.00201  0.32111
   0.94275  0.00084  0.31723
   0.95784 -0.00035  0.31189
   0.97131 -0.00150  0.30382
   0.98318 -0.00259  0.29526
   0.99366 -0.00361  0.29180
   1.00000 -0.00425  0.27838
