                                                
 Alfa =  10.00000 Re =  4000000.000 Xflap,Yflap =     0.000000    0.000000
#    x        y        Cp  
   1.00000  0.00000  0.54101
   0.99484  0.00171 -0.03528
   0.98669  0.00301  0.09324
   0.97766  0.00419  0.10787
   0.96757  0.00554  0.08180
   0.95620  0.00701  0.08018
   0.94346  0.00871  0.05452
   0.92941  0.01057  0.05381
   0.91409  0.01270  0.02457
   0.89778  0.01495  0.02184
   0.88068  0.01745 -0.00486
   0.86292  0.02009 -0.01723
   0.84495  0.02287 -0.03386
   0.82653  0.02586 -0.06306
   0.80799  0.02892 -0.07538
   0.78950  0.03212 -0.10296
   0.77077  0.03546 -0.13065
   0.75216  0.03887 -0.14879
   0.73357  0.04243 -0.18612
   0.71467  0.04615 -0.22284
   0.69587  0.04990 -0.24883
   0.67719  0.05376 -0.29068
   0.65826  0.05776 -0.33894
   0.63938  0.06179 -0.37527
   0.62076  0.06586 -0.42561
   0.60214  0.07002 -0.49463
   0.58336  0.07420 -0.55313
   0.56458  0.07837 -0.61083
   0.54600  0.08254 -0.69466
   0.52759  0.08662 -0.78275
   0.50925  0.09059 -0.86398
   0.49120  0.09442 -0.96869
   0.47390  0.09798 -1.09457
   0.45731  0.10115 -1.21225
   0.44117  0.10394 -1.31841
   0.42540  0.10637 -1.42408
   0.41001  0.10840 -1.52574
   0.39477  0.11001 -1.59297
   0.37933  0.11127 -1.63074
   0.36367  0.11224 -1.68301
   0.34808  0.11291 -1.75621
   0.33262  0.11325 -1.81090
   0.31705  0.11325 -1.84195
   0.30138  0.11295 -1.89143
   0.28590  0.11237 -1.96272
   0.27064  0.11146 -2.01100
   0.25537  0.11020 -2.03692
   0.24015  0.10863 -2.08801
   0.22521  0.10677 -2.14584
   0.21040  0.10454 -2.16030
   0.19554  0.10197 -2.16957
   0.18091  0.09916 -2.23620
   0.16676  0.09610 -2.28681
   0.15286  0.09271 -2.28911
   0.13928  0.08912 -2.34513
   0.12644  0.08542 -2.44414
   0.11430  0.08153 -2.47014
   0.10271  0.07745 -2.49011
   0.09190  0.07336 -2.58342
   0.08200  0.06926 -2.64248
   0.07285  0.06510 -2.62424
   0.06441  0.06102 -2.65763
   0.05682  0.05711 -2.76946
   0.05006  0.05334 -2.82280
   0.04397  0.04964 -2.78083
   0.03844  0.04609 -2.76489
   0.03346  0.04275 -2.86270
   0.02902  0.03961 -2.98006
   0.02507  0.03660 -3.03368
   0.02152  0.03369 -3.02918
   0.01831  0.03089 -3.03269
   0.01539  0.02823 -3.14829
   0.01276  0.02569 -3.31805
   0.01041  0.02323 -3.48742
   0.00832  0.02082 -3.59528
   0.00649  0.01844 -3.66089
   0.00489  0.01609 -3.68743
   0.00350  0.01376 -3.71870
   0.00234  0.01146 -3.74235
   0.00141  0.00917 -3.67396
   0.00074  0.00690 -3.44300
   0.00029  0.00467 -3.09229
   0.00005  0.00247 -2.72341
  -0.00001  0.00029 -2.36373
   0.00012 -0.00187 -2.11758
   0.00048 -0.00400 -1.84834
   0.00115 -0.00607 -1.38551
   0.00221 -0.00804 -0.71082
   0.00360 -0.00989 -0.14255
   0.00526 -0.01160  0.26661
   0.00717 -0.01317  0.54899
   0.00931 -0.01459  0.74864
   0.01169 -0.01585  0.87661
   0.01432 -0.01698  0.95049
   0.01718 -0.01803  0.98655
   0.02028 -0.01902  0.99926
   0.02363 -0.01996  0.99726
   0.02728 -0.02081  0.98494
   0.03128 -0.02156  0.96630
   0.03573 -0.02224  0.94508
   0.04067 -0.02293  0.92085
   0.04617 -0.02363  0.89182
   0.05227 -0.02430  0.86040
   0.05915 -0.02487  0.83287
   0.06704 -0.02540  0.80633
   0.07607 -0.02598  0.77207
   0.08621 -0.02653  0.73647
   0.09769 -0.02694  0.71000
   0.11072 -0.02732  0.67999
   0.12498 -0.02768  0.64398
   0.14036 -0.02787  0.62179
   0.15686 -0.02802  0.59364
   0.17396 -0.02813  0.56391
   0.19169 -0.02806  0.54657
   0.21001 -0.02796  0.52393
   0.22843 -0.02780  0.50309
   0.24706 -0.02752  0.49148
   0.26590 -0.02727  0.47249
   0.28476 -0.02698  0.45490
   0.30372 -0.02661  0.44623
   0.32279 -0.02626  0.43043
   0.34183 -0.02590  0.41440
   0.36092 -0.02545  0.40653
   0.38011 -0.02502  0.39582
   0.39932 -0.02461  0.37903
   0.41861 -0.02413  0.37011
   0.43807 -0.02360  0.36205
   0.45754 -0.02308  0.34890
   0.47694 -0.02250  0.33954
   0.49642 -0.02187  0.33453
   0.51591 -0.02123  0.32398
   0.53524 -0.02057  0.31365
   0.55456 -0.01981  0.31185
   0.57397 -0.01905  0.30630
   0.59332 -0.01829  0.29575
   0.61263 -0.01747  0.29322
   0.63202 -0.01661  0.29152
   0.65144 -0.01577  0.28256
   0.67085 -0.01489  0.27762
   0.69034 -0.01397  0.27760
   0.70986 -0.01306  0.27044
   0.72934 -0.01211  0.26665
   0.74884 -0.01113  0.26732
   0.76832 -0.01015  0.26277
   0.78763 -0.00915  0.26277
   0.80674 -0.00816  0.26580
   0.82567 -0.00723  0.25871
   0.84432 -0.00628  0.26400
   0.86260 -0.00540  0.26270
   0.88048 -0.00457  0.25936
   0.89769 -0.00378  0.26824
   0.91413 -0.00312  0.25921
   0.92950 -0.00251  0.27029
   0.94358 -0.00207  0.25734
   0.95631 -0.00168  0.26552
   0.96764 -0.00140  0.25643
   0.97769 -0.00117  0.26590
   0.98664 -0.00108  0.23410
   0.99474 -0.00088  0.08440
   1.00000  0.00000  0.54101
