                                                
 Alfa =  10.00000 Re =  4000000.000 Xflap,Yflap =     0.000000    0.000000
#    x        y        Cp  
   1.00000  0.00000  0.80405
   0.99441  0.00426  0.50293
   0.98568  0.01056  0.29529
   0.97645  0.01675  0.12830
   0.96666  0.02283 -0.01728
   0.95619  0.02881 -0.14344
   0.94489  0.03470 -0.24447
   0.93259  0.04054 -0.31696
   0.91913  0.04642 -0.36962
   0.90444  0.05244 -0.41365
   0.88869  0.05865 -0.47468
   0.87226  0.06492 -0.55332
   0.85562  0.07103 -0.63701
   0.83910  0.07683 -0.71962
   0.82287  0.08223 -0.80116
   0.80695  0.08723 -0.87750
   0.79124  0.09186 -0.94635
   0.77556  0.09617 -1.00647
   0.75980  0.10021 -1.06275
   0.74387  0.10400 -1.11637
   0.72773  0.10755 -1.16676
   0.71139  0.11087 -1.21657
   0.69490  0.11395 -1.26756
   0.67838  0.11677 -1.32069
   0.66191  0.11930 -1.37304
   0.64554  0.12151 -1.42137
   0.62928  0.12342 -1.46457
   0.61310  0.12500 -1.50135
   0.59695  0.12625 -1.52626
   0.58072  0.12719 -1.53387
   0.56433  0.12783 -1.53282
   0.54769  0.12821 -1.52588
   0.53075  0.12834 -1.51493
   0.51345  0.12825 -1.50244
   0.49577  0.12797 -1.49129
   0.47771  0.12750 -1.48511
   0.45929  0.12688 -1.48206
   0.44060  0.12612 -1.48491
   0.42174  0.12525 -1.49425
   0.40288  0.12431 -1.51681
   0.38421  0.12332 -1.56156
   0.36589  0.12226 -1.62187
   0.34802  0.12109 -1.68791
   0.33059  0.11977 -1.75509
   0.31356  0.11826 -1.82264
   0.29681  0.11652 -1.88058
   0.28024  0.11452 -1.92720
   0.26374  0.11225 -1.96741
   0.24726  0.10971 -2.00381
   0.23079  0.10689 -2.04168
   0.21435  0.10380 -2.07894
   0.19802  0.10046 -2.12052
   0.18191  0.09690 -2.17031
   0.16610  0.09313 -2.22561
   0.15068  0.08917 -2.28888
   0.13565  0.08503 -2.36424
   0.12110  0.08072 -2.45004
   0.10728  0.07633 -2.54481
   0.09445  0.07197 -2.66366
   0.08281  0.06772 -2.80607
   0.07244  0.06366 -2.95838
   0.06324  0.05977 -3.11954
   0.05508  0.05605 -3.28771
   0.04783  0.05250 -3.49702
   0.04133  0.04903 -3.73292
   0.03553  0.04561 -3.91564
   0.03038  0.04225 -4.03283
   0.02585  0.03900 -4.11082
   0.02186  0.03588 -4.19887
   0.01837  0.03292 -4.30753
   0.01533  0.03014 -4.42970
   0.01268  0.02750 -4.55088
   0.01036  0.02500 -4.68690
   0.00834  0.02262 -4.81373
   0.00658  0.02032 -4.94273
   0.00505  0.01812 -5.06401
   0.00374  0.01598 -5.15968
   0.00263  0.01390 -5.25286
   0.00171  0.01188 -5.28217
   0.00097  0.00990 -5.27220
   0.00041  0.00796 -5.20051
   0.00002  0.00605 -5.03100
  -0.00019  0.00417 -4.77733
  -0.00022  0.00231 -4.40373
  -0.00007  0.00046 -3.91077
   0.00028 -0.00138 -3.30529
   0.00081 -0.00321 -2.65193
   0.00154 -0.00504 -2.03767
   0.00244 -0.00688 -1.47776
   0.00353 -0.00871 -0.99020
   0.00482 -0.01055 -0.56544
   0.00630 -0.01238 -0.21243
   0.00798 -0.01422  0.08316
   0.00989 -0.01606  0.32676
   0.01203 -0.01790  0.52374
   0.01443 -0.01971  0.67956
   0.01711 -0.02150  0.80086
   0.02009 -0.02324  0.89052
   0.02343 -0.02488  0.95165
   0.02713 -0.02636  0.98758
   0.03126 -0.02761  0.99989
   0.03592 -0.02862  0.99373
   0.04124 -0.02938  0.97616
   0.04740 -0.02992  0.95420
   0.05461 -0.03039  0.92896
   0.06309 -0.03088  0.89862
   0.07294 -0.03135  0.86455
   0.08401 -0.03172  0.82829
   0.09594 -0.03190  0.79340
   0.10851 -0.03183  0.76396
   0.12195 -0.03149  0.74106
   0.13659 -0.03095  0.72266
   0.15268 -0.03032  0.70536
   0.17010 -0.02975  0.68302
   0.18836 -0.02923  0.65954
   0.20703 -0.02873  0.63747
   0.22593 -0.02818  0.61849
   0.24500 -0.02762  0.60138
   0.26418 -0.02703  0.58601
   0.28344 -0.02644  0.57134
   0.30275 -0.02585  0.55811
   0.32209 -0.02526  0.54502
   0.34146 -0.02468  0.53299
   0.36084 -0.02410  0.52119
   0.38025 -0.02353  0.51030
   0.39966 -0.02295  0.49982
   0.41907 -0.02237  0.49005
   0.43850 -0.02179  0.48085
   0.45793 -0.02121  0.47235
   0.47736 -0.02063  0.46392
   0.49679 -0.02005  0.45613
   0.51622 -0.01947  0.44844
   0.53564 -0.01889  0.44126
   0.55505 -0.01831  0.43420
   0.57446 -0.01773  0.42779
   0.59386 -0.01715  0.42145
   0.61327 -0.01656  0.41574
   0.63269 -0.01597  0.41058
   0.65211 -0.01539  0.40525
   0.67153 -0.01481  0.40048
   0.69091 -0.01424  0.39573
   0.71022 -0.01367  0.39060
   0.72942 -0.01312  0.38549
   0.74851 -0.01257  0.38029
   0.76748 -0.01201  0.37642
   0.78640 -0.01142  0.37269
   0.80531 -0.01080  0.37186
   0.82430 -0.01015  0.37323
   0.84336 -0.00950  0.37548
   0.86229 -0.00890  0.37720
   0.88082 -0.00839  0.37624
   0.89858 -0.00801  0.37080
   0.91526 -0.00775  0.35141
   0.93072 -0.00740  0.33366
   0.94501 -0.00681  0.32899
   0.95826 -0.00586  0.34972
   0.97060 -0.00459  0.39359
   0.98217 -0.00304  0.46396
   0.99307 -0.00128  0.57693
   1.00000  0.00000  0.80405
