                                                
 Alfa =  10.00000 Re =  4000000.000 Xflap,Yflap =     0.000000    0.000000
#    x        y        Cp  
   1.00000  0.00000  0.45950
   0.99414  0.00112  0.28616
   0.98484  0.00288  0.21120
   0.97486  0.00476  0.15826
   0.96410  0.00676  0.11487
   0.95246  0.00891  0.07762
   0.93984  0.01121  0.04229
   0.92615  0.01368  0.00896
   0.91138  0.01630 -0.02324
   0.89561  0.01907 -0.05322
   0.87922  0.02190 -0.08128
   0.86304  0.02466 -0.10688
   0.84694  0.02740 -0.13056
   0.83075  0.03015 -0.15431
   0.81434  0.03294 -0.17982
   0.79788  0.03576 -0.20558
   0.78160  0.03858 -0.23529
   0.76540  0.04140 -0.26776
   0.74924  0.04422 -0.30082
   0.73305  0.04703 -0.33542
   0.71681  0.04983 -0.37240
   0.70051  0.05261 -0.40913
   0.68418  0.05536 -0.44684
   0.66783  0.05805 -0.48521
   0.65149  0.06068 -0.52422
   0.63518  0.06324 -0.56454
   0.61893  0.06572 -0.60475
   0.60275  0.06810 -0.64677
   0.58665  0.07039 -0.69049
   0.57064  0.07256 -0.73438
   0.55472  0.07461 -0.77954
   0.53888  0.07652 -0.82377
   0.52310  0.07829 -0.86752
   0.50735  0.07990 -0.90899
   0.49158  0.08136 -0.94720
   0.47577  0.08265 -0.98075
   0.45988  0.08380 -1.01231
   0.44391  0.08481 -1.04517
   0.42785  0.08568 -1.07704
   0.41174  0.08643 -1.11313
   0.39561  0.08706 -1.15360
   0.37954  0.08757 -1.20465
   0.36356  0.08793 -1.25832
   0.34772  0.08813 -1.31340
   0.33203  0.08814 -1.36956
   0.31649  0.08795 -1.42394
   0.30108  0.08754 -1.47491
   0.28578  0.08689 -1.51744
   0.27057  0.08602 -1.55380
   0.25540  0.08492 -1.59022
   0.24024  0.08360 -1.62692
   0.22507  0.08207 -1.66530
   0.20983  0.08033 -1.71035
   0.19447  0.07837 -1.76772
   0.17896  0.07616 -1.84428
   0.16330  0.07365 -1.92882
   0.14761  0.07078 -2.01670
   0.13211  0.06756 -2.10417
   0.11710  0.06402 -2.18709
   0.10287  0.06022 -2.26349
   0.08961  0.05627 -2.32328
   0.07740  0.05228 -2.39042
   0.06608  0.04828 -2.48524
   0.05538  0.04424 -2.62269
   0.04499  0.04003 -2.94694
   0.03516  0.03551 -3.35043
   0.02747  0.03130 -3.53987
   0.02183  0.02776 -3.68047
   0.01755  0.02477 -3.85347
   0.01416  0.02218 -4.04191
   0.01138  0.01986 -4.24445
   0.00907  0.01774 -4.46423
   0.00711  0.01577 -4.69844
   0.00546  0.01392 -4.93862
   0.00405  0.01216 -5.19798
   0.00288  0.01048 -5.42283
   0.00191  0.00886 -5.67142
   0.00114  0.00730 -5.84212
   0.00055  0.00578 -5.95692
   0.00014  0.00430 -5.93797
  -0.00009  0.00285 -5.73993
  -0.00014  0.00143 -5.33985
  -0.00000  0.00002 -4.65932
   0.00034 -0.00138 -3.74156
   0.00088 -0.00277 -2.80012
   0.00161 -0.00417 -1.93907
   0.00255 -0.00558 -1.21308
   0.00371 -0.00700 -0.62018
   0.00509 -0.00845 -0.15535
   0.00674 -0.00994  0.20503
   0.00867 -0.01148  0.47470
   0.01095 -0.01308  0.67627
   0.01366 -0.01476  0.81991
   0.01691 -0.01655  0.91793
   0.02093 -0.01849  0.97642
   0.02603 -0.02060  0.99955
   0.03271 -0.02283  0.98769
   0.04158 -0.02502  0.94722
   0.05219 -0.02698  0.90020
   0.06384 -0.02891  0.84834
   0.07648 -0.03083  0.79399
   0.09001 -0.03264  0.73922
   0.10430 -0.03425  0.68725
   0.11919 -0.03557  0.64238
   0.13459 -0.03662  0.60385
   0.15041 -0.03739  0.57216
   0.16653 -0.03794  0.54600
   0.18286 -0.03832  0.52428
   0.19930 -0.03859  0.50523
   0.21581 -0.03881  0.48490
   0.23232 -0.03898  0.46453
   0.24881 -0.03909  0.44514
   0.26526 -0.03914  0.42666
   0.28164 -0.03912  0.40952
   0.29798 -0.03902  0.39377
   0.31428 -0.03883  0.38003
   0.33057 -0.03856  0.36825
   0.34688 -0.03821  0.35712
   0.36323 -0.03778  0.34777
   0.37962 -0.03729  0.33895
   0.39607 -0.03674  0.33133
   0.41258 -0.03613  0.32441
   0.42915 -0.03547  0.31789
   0.44578 -0.03477  0.31252
   0.46245 -0.03404  0.30649
   0.47917 -0.03327  0.30155
   0.49590 -0.03249  0.29635
   0.51264 -0.03170  0.29042
   0.52936 -0.03090  0.28419
   0.54606 -0.03009  0.27798
   0.56272 -0.02926  0.27169
   0.57935 -0.02840  0.26624
   0.59596 -0.02752  0.26051
   0.61256 -0.02661  0.25587
   0.62917 -0.02566  0.25184
   0.64579 -0.02468  0.24828
   0.66244 -0.02368  0.24503
   0.67910 -0.02264  0.24247
   0.69575 -0.02158  0.24024
   0.71237 -0.02049  0.23882
   0.72894 -0.01939  0.23772
   0.74545 -0.01828  0.23691
   0.76192 -0.01716  0.23619
   0.77839 -0.01605  0.23563
   0.79494 -0.01494  0.23437
   0.81163 -0.01383  0.23243
   0.82822 -0.01274  0.22902
   0.84459 -0.01167  0.22637
   0.86086 -0.01059  0.22355
   0.87719 -0.00949  0.22189
   0.89378 -0.00834  0.22145
   0.90984 -0.00719  0.22250
   0.92489 -0.00608  0.22602
   0.93884 -0.00502  0.23204
   0.95170 -0.00401  0.23984
   0.96354 -0.00306  0.25002
   0.97448 -0.00216  0.26546
   0.98462 -0.00132  0.28956
   0.99405 -0.00051  0.33063
   1.00000  0.00000  0.45950
