                                                
 Alfa =  10.00000 Re =  4000000.000 Xflap,Yflap =     0.000000    0.000000
#    x        y        Cp  
   1.00000  0.00000  0.33351
   0.99350  0.00058  0.21654
   0.98245  0.00167  0.13957
   0.96982  0.00292  0.07742
   0.95567  0.00423  0.04485
   0.94021  0.00559  0.01929
   0.92385  0.00700 -0.00615
   0.90697  0.00844 -0.02871
   0.88979  0.00989 -0.05207
   0.87249  0.01136 -0.07481
   0.85522  0.01281 -0.09833
   0.83801  0.01422 -0.11373
   0.82084  0.01564 -0.13464
   0.80374  0.01706 -0.16098
   0.78659  0.01843 -0.17446
   0.76935  0.01979 -0.19158
   0.75207  0.02117 -0.21590
   0.73475  0.02252 -0.23548
   0.71737  0.02385 -0.25456
   0.70004  0.02515 -0.27782
   0.68276  0.02641 -0.29753
   0.66543  0.02762 -0.31297
   0.64804  0.02881 -0.33208
   0.63068  0.02997 -0.35260
   0.61332  0.03109 -0.37079
   0.59594  0.03219 -0.39076
   0.57865  0.03326 -0.41542
   0.56150  0.03427 -0.43737
   0.54435  0.03522 -0.44980
   0.52716  0.03617 -0.46985
   0.51007  0.03710 -0.50298
   0.49306  0.03797 -0.52850
   0.47593  0.03876 -0.54320
   0.45862  0.03954 -0.56475
   0.44135  0.04029 -0.59644
   0.42418  0.04099 -0.62512
   0.40702  0.04163 -0.65186
   0.38983  0.04221 -0.68047
   0.37265  0.04274 -0.71079
   0.35552  0.04321 -0.74355
   0.33842  0.04361 -0.77596
   0.32127  0.04394 -0.80686
   0.30409  0.04423 -0.84565
   0.28709  0.04448 -0.89817
   0.27027  0.04461 -0.93859
   0.25338  0.04466 -0.97044
   0.23652  0.04470 -1.03810
   0.21994  0.04467 -1.11690
   0.20350  0.04448 -1.17662
   0.18705  0.04418 -1.24477
   0.17073  0.04377 -1.33056
   0.15482  0.04326 -1.44263
   0.13936  0.04256 -1.54121
   0.12423  0.04172 -1.63820
   0.10982  0.04083 -1.81219
   0.09667  0.03985 -2.02296
   0.08485  0.03871 -2.22240
   0.07407  0.03740 -2.33426
   0.06441  0.03611 -2.55301
   0.05613  0.03491 -2.95290
   0.04901  0.03360 -3.19676
   0.04270  0.03222 -3.26470
   0.03707  0.03094 -3.55079
   0.03209  0.02977 -4.25184
   0.02773  0.02857 -5.00448
   0.02386  0.02721 -5.57925
   0.02043  0.02569 -5.98368
   0.01737  0.02401 -6.19191
   0.01464  0.02220 -6.09316
   0.01218  0.02030 -5.88193
   0.00996  0.01836 -5.72356
   0.00795  0.01644 -5.84820
   0.00616  0.01453 -6.03590
   0.00459  0.01262 -6.19031
   0.00325  0.01067 -6.20988
   0.00213  0.00870 -6.11699
   0.00126  0.00672 -5.89282
   0.00063  0.00476 -5.47770
   0.00022  0.00283 -4.95196
   0.00002  0.00094 -4.37826
   0.00002 -0.00094 -3.73223
   0.00022 -0.00283 -3.04501
   0.00063 -0.00476 -2.36636
   0.00126 -0.00672 -1.69970
   0.00213 -0.00870 -1.07341
   0.00325 -0.01067 -0.53652
   0.00459 -0.01262 -0.10125
   0.00616 -0.01453  0.24400
   0.00795 -0.01644  0.50195
   0.00996 -0.01836  0.68607
   0.01218 -0.02030  0.81056
   0.01464 -0.02220  0.90113
   0.01737 -0.02401  0.96219
   0.02043 -0.02569  0.99390
   0.02386 -0.02721  0.99921
   0.02773 -0.02857  0.98559
   0.03209 -0.02977  0.96218
   0.03707 -0.03094  0.93588
   0.04270 -0.03222  0.90236
   0.04901 -0.03360  0.85809
   0.05613 -0.03491  0.81472
   0.06441 -0.03611  0.78001
   0.07407 -0.03740  0.73667
   0.08485 -0.03871  0.68506
   0.09667 -0.03985  0.64439
   0.10982 -0.04083  0.61030
   0.12423 -0.04172  0.57774
   0.13936 -0.04256  0.53882
   0.15482 -0.04326  0.50606
   0.17073 -0.04377  0.48151
   0.18705 -0.04418  0.45653
   0.20350 -0.04448  0.43216
   0.21994 -0.04467  0.40948
   0.23652 -0.04470  0.39613
   0.25338 -0.04466  0.38290
   0.27027 -0.04461  0.36142
   0.28709 -0.04448  0.34502
   0.30409 -0.04423  0.33496
   0.32127 -0.04394  0.32205
   0.33842 -0.04361  0.30771
   0.35552 -0.04321  0.29590
   0.37265 -0.04274  0.28590
   0.38983 -0.04221  0.27558
   0.40702 -0.04163  0.26655
   0.42418 -0.04099  0.25707
   0.44135 -0.04029  0.25035
   0.45862 -0.03954  0.24552
   0.47593 -0.03876  0.23692
   0.49306 -0.03797  0.22599
   0.51007 -0.03710  0.22068
   0.52716 -0.03617  0.22093
   0.54435 -0.03522  0.21450
   0.56150 -0.03427  0.20460
   0.57865 -0.03326  0.20023
   0.59594 -0.03219  0.19843
   0.61332 -0.03109  0.19338
   0.63068 -0.02997  0.18900
   0.64804 -0.02881  0.18550
   0.66543 -0.02762  0.18187
   0.68276 -0.02641  0.17648
   0.70004 -0.02515  0.17410
   0.71737 -0.02385  0.17328
   0.73475 -0.02252  0.17178
   0.75207 -0.02117  0.17007
   0.76935 -0.01979  0.17144
   0.78659 -0.01843  0.16856
   0.80374 -0.01706  0.16321
   0.82084 -0.01564  0.16707
   0.83801 -0.01422  0.16739
   0.85522 -0.01281  0.16270
   0.87249 -0.01136  0.16450
   0.88979 -0.00989  0.16565
   0.90697 -0.00844  0.16601
   0.92385 -0.00700  0.16622
   0.94021 -0.00559  0.16785
   0.95567 -0.00423  0.16921
   0.96982 -0.00292  0.17606
   0.98245 -0.00167  0.20911
   0.99350 -0.00058  0.25677
   1.00000  0.00000  0.33351
