                                                
 Alfa =  10.00000 Re =  4000000.000 Xflap,Yflap =     0.000000    0.000000
#    x        y        Cp  
   1.00000  0.00000  0.82753
   0.99316  0.00477  0.54689
   0.98265  0.01164  0.36437
   0.97174  0.01825  0.22589
   0.96029  0.02464  0.11603
   0.94811  0.03084  0.03442
   0.93492  0.03697 -0.00977
   0.92046  0.04322 -0.03093
   0.90450  0.04986 -0.04070
   0.88703  0.05719 -0.07560
   0.86841  0.06516 -0.13716
   0.84912  0.07349 -0.21008
   0.82958  0.08191 -0.29016
   0.80998  0.09020 -0.37151
   0.79021  0.09832 -0.44275
   0.76993  0.10637 -0.49883
   0.74887  0.11449 -0.55297
   0.72693  0.12281 -0.60885
   0.70430  0.13131 -0.67395
   0.68160  0.13987 -0.76657
   0.65950  0.14816 -0.87839
   0.63825  0.15598 -0.99669
   0.61774  0.16330 -1.11608
   0.59768  0.17015 -1.22967
   0.57765  0.17663 -1.32635
   0.55729  0.18287 -1.41805
   0.53649  0.18894 -1.51509
   0.51538  0.19484 -1.62256
   0.49442  0.20048 -1.75707
   0.47424  0.20572 -1.93487
   0.45518  0.21037 -2.12547
   0.43723  0.21440 -2.31937
   0.42022  0.21782 -2.50831
   0.40395  0.22066 -2.68700
   0.38817  0.22296 -2.83976
   0.37268  0.22475 -2.96915
   0.35737  0.22609 -3.09069
   0.34216  0.22699 -3.20309
   0.32705  0.22746 -3.31246
   0.31206  0.22751 -3.41941
   0.29726  0.22715 -3.53285
   0.28273  0.22641 -3.66218
   0.26857  0.22526 -3.79374
   0.25485  0.22372 -3.92257
   0.24161  0.22178 -4.03980
   0.22888  0.21947 -4.14471
   0.21664  0.21679 -4.23137
   0.20490  0.21376 -4.29902
   0.19364  0.21039 -4.34372
   0.18283  0.20670 -4.36212
   0.17245  0.20269 -4.35594
   0.16241  0.19834 -4.32279
   0.15264  0.19361 -4.24788
   0.14302  0.18843 -4.09752
   0.13341  0.18274 -3.87799
   0.12372  0.17652 -3.64521
   0.11395  0.16988 -3.43420
   0.10429  0.16303 -3.27160
   0.09505  0.15631 -3.26754
   0.08654  0.14992 -3.41220
   0.07889  0.14372 -3.53265
   0.07200  0.13751 -3.50449
   0.06569  0.13109 -3.27321
   0.05976  0.12444 -2.99224
   0.05412  0.11760 -2.71198
   0.04874  0.11069 -2.47249
   0.04364  0.10387 -2.31380
   0.03890  0.09725 -2.18799
   0.03455  0.09087 -2.07303
   0.03059  0.08474 -1.96322
   0.02700  0.07885 -1.85176
   0.02375  0.07318 -1.72445
   0.02079  0.06770 -1.57903
   0.01807  0.06241 -1.44251
   0.01554  0.05731 -1.32271
   0.01316  0.05242 -1.23448
   0.01092  0.04776 -1.19322
   0.00884  0.04332 -1.19526
   0.00694  0.03909 -1.20126
   0.00525  0.03506 -1.20159
   0.00377  0.03121 -1.19300
   0.00251  0.02751 -1.17232
   0.00146  0.02394 -1.12769
   0.00062  0.02049 -1.06679
  -0.00002  0.01713 -0.98326
  -0.00045  0.01386 -0.87998
  -0.00069  0.01067 -0.75218
  -0.00073  0.00753 -0.60981
  -0.00058  0.00444 -0.45087
  -0.00023  0.00140 -0.28359
   0.00032 -0.00161 -0.11410
   0.00105 -0.00458  0.05010
   0.00198 -0.00745  0.20711
   0.00310 -0.01019  0.35556
   0.00442 -0.01279  0.49649
   0.00594 -0.01519  0.62953
   0.00768 -0.01737  0.75051
   0.00964 -0.01930  0.85590
   0.01187 -0.02092  0.93598
   0.01438 -0.02218  0.98497
   0.01718 -0.02311  0.99987
   0.02026 -0.02374  0.99433
   0.02357 -0.02414  0.98031
   0.02706 -0.02438  0.96417
   0.03071 -0.02451  0.94743
   0.03454 -0.02453  0.93164
   0.03856 -0.02446  0.91779
   0.04281 -0.02432  0.90566
   0.04733 -0.02415  0.89562
   0.05216 -0.02400  0.88493
   0.05737 -0.02390  0.87141
   0.06302 -0.02385  0.85646
   0.06919 -0.02383  0.84013
   0.07595 -0.02382  0.82239
   0.08343 -0.02378  0.80619
   0.09174 -0.02370  0.79028
   0.10106 -0.02359  0.77439
   0.11154 -0.02347  0.75794
   0.12333 -0.02334  0.74078
   0.13650 -0.02322  0.72331
   0.15111 -0.02315  0.70445
   0.16725 -0.02314  0.68251
   0.18511 -0.02318  0.65843
   0.20480 -0.02319  0.63427
   0.22624 -0.02309  0.61365
   0.24919 -0.02289  0.59504
   0.27322 -0.02262  0.57840
   0.29793 -0.02232  0.56291
   0.32313 -0.02207  0.54653
   0.34874 -0.02184  0.52985
   0.37473 -0.02162  0.51397
   0.40100 -0.02139  0.49876
   0.42746 -0.02114  0.48566
   0.45398 -0.02089  0.47328
   0.48043 -0.02065  0.46140
   0.50666 -0.02046  0.44843
   0.53254 -0.02029  0.43365
   0.55801 -0.02011  0.41911
   0.58316 -0.01985  0.40586
   0.60816 -0.01946  0.39618
   0.63322 -0.01892  0.39147
   0.65850 -0.01829  0.38818
   0.68400 -0.01762  0.38593
   0.70956 -0.01697  0.38130
   0.73487 -0.01637  0.37431
   0.75975 -0.01580  0.36653
   0.78415 -0.01521  0.35957
   0.80820 -0.01458  0.35581
   0.83201 -0.01391  0.35517
   0.85526 -0.01329  0.35388
   0.87715 -0.01278  0.34878
   0.89695 -0.01244  0.33600
   0.91439 -0.01222  0.30124
   0.92972 -0.01183  0.26731
   0.94353 -0.01104  0.25234
   0.95630 -0.00973  0.27223
   0.96846 -0.00785  0.32924
   0.98030 -0.00541  0.42171
   0.99207 -0.00238  0.56738
   1.00000  0.00000  0.82753
