                                                
 Alfa =  10.00000 Re =  4000000.000 Xflap,Yflap =     0.000000    0.000000
#    x        y        Cp  
   1.00000  0.00500  0.33738
   0.99514  0.00606  0.19357
   0.98704  0.00780  0.11394
   0.97773  0.00972  0.05397
   0.96691  0.01187  0.01100
   0.95429  0.01426 -0.03837
   0.94019  0.01679 -0.07240
   0.92623  0.01916 -0.09793
   0.91220  0.02145 -0.11500
   0.89780  0.02374 -0.13698
   0.88354  0.02596 -0.15072
   0.86949  0.02813 -0.16721
   0.85551  0.03028 -0.18528
   0.84149  0.03243 -0.19960
   0.82735  0.03460 -0.21555
   0.81306  0.03682 -0.23574
   0.79862  0.03910 -0.25350
   0.78408  0.04143 -0.27935
   0.76954  0.04378 -0.30958
   0.75502  0.04615 -0.34075
   0.74048  0.04851 -0.36990
   0.72592  0.05086 -0.40353
   0.71140  0.05318 -0.43441
   0.69692  0.05545 -0.46826
   0.68245  0.05766 -0.49510
   0.66798  0.05982 -0.52807
   0.65349  0.06194 -0.55154
   0.63898  0.06401 -0.58512
   0.62445  0.06604 -0.61074
   0.60990  0.06803 -0.64540
   0.59534  0.06998 -0.67747
   0.58079  0.07189 -0.71786
   0.56627  0.07373 -0.75710
   0.55177  0.07549 -0.80392
   0.53731  0.07716 -0.84140
   0.52287  0.07873 -0.88482
   0.50846  0.08017 -0.92417
   0.49405  0.08147 -0.96009
   0.47964  0.08264 -0.98991
   0.46520  0.08368 -1.01722
   0.45074  0.08460 -1.03976
   0.43624  0.08541 -1.06853
   0.42171  0.08613 -1.09320
   0.40715  0.08676 -1.12161
   0.39255  0.08731 -1.15453
   0.37793  0.08778 -1.19497
   0.36329  0.08817 -1.23720
   0.34864  0.08846 -1.28125
   0.33401  0.08864 -1.33333
   0.31940  0.08872 -1.38526
   0.30484  0.08867 -1.44284
   0.29035  0.08850 -1.50853
   0.27595  0.08818 -1.57980
   0.26166  0.08770 -1.65614
   0.24747  0.08702 -1.73111
   0.23338  0.08611 -1.80740
   0.21935  0.08497 -1.88046
   0.20537  0.08354 -1.94980
   0.19137  0.08182 -2.00237
   0.17733  0.07978 -2.04273
   0.16323  0.07746 -2.08751
   0.14915  0.07490 -2.15472
   0.13519  0.07211 -2.27138
   0.12149  0.06903 -2.40183
   0.10814  0.06558 -2.52357
   0.09517  0.06169 -2.58973
   0.08248  0.05735 -2.59231
   0.06954  0.05247 -2.64865
   0.05627  0.04697 -2.78640
   0.04411  0.04138 -2.97856
   0.03487  0.03666 -3.22276
   0.02663  0.03194 -3.59898
   0.01744  0.02557 -4.10487
   0.00976  0.01849 -3.94705
   0.00616  0.01459 -4.17073
   0.00389  0.01183 -4.51172
   0.00226  0.00963 -4.98331
   0.00105  0.00778 -5.59571
   0.00016  0.00618 -6.40419
  -0.00046  0.00478 -7.45025
  -0.00085  0.00355 -8.84134
  -0.00101  0.00246-10.38066
  -0.00094  0.00151-11.57827
  -0.00062  0.00068-10.64964
   0.00000 -0.00000 -6.89015
   0.00099 -0.00054 -2.94434
   0.00240 -0.00093 -0.82373
   0.00440 -0.00117  0.20861
   0.00736 -0.00125  0.71771
   0.01276 -0.00108  0.94943
   0.02420 -0.00106  0.99946
   0.03503 -0.00111  0.97721
   0.04656 -0.00107  0.94182
   0.06040 -0.00103  0.89921
   0.07431 -0.00102  0.85919
   0.08870 -0.00101  0.82225
   0.10328 -0.00099  0.78891
   0.11783 -0.00097  0.75909
   0.13234 -0.00096  0.73208
   0.14698 -0.00094  0.70710
   0.16170 -0.00093  0.68435
   0.17637 -0.00091  0.66358
   0.19107 -0.00089  0.64407
   0.20582 -0.00087  0.62639
   0.22055 -0.00085  0.60951
   0.23526 -0.00084  0.59332
   0.24997 -0.00082  0.57910
   0.26469 -0.00081  0.56448
   0.27942 -0.00079  0.55144
   0.29416 -0.00078  0.53890
   0.30892 -0.00076  0.52676
   0.32367 -0.00075  0.51520
   0.33842 -0.00073  0.50484
   0.35316 -0.00071  0.49348
   0.36791 -0.00070  0.48410
   0.38267 -0.00068  0.47349
   0.39743 -0.00066  0.46529
   0.41219 -0.00065  0.45622
   0.42695 -0.00063  0.44621
   0.44171 -0.00061  0.43891
   0.45647 -0.00060  0.43046
   0.47123 -0.00058  0.42150
   0.48599 -0.00056  0.41628
   0.50075 -0.00055  0.40705
   0.51551 -0.00053  0.40118
   0.53027 -0.00052  0.39177
   0.54502 -0.00050  0.38640
   0.55977 -0.00048  0.37902
   0.57452 -0.00047  0.37299
   0.58927 -0.00045  0.36630
   0.60403 -0.00044  0.35887
   0.61878 -0.00042  0.35642
   0.63352 -0.00040  0.34590
   0.64824 -0.00039  0.34191
   0.66295 -0.00037  0.33741
   0.67767 -0.00035  0.32815
   0.69240 -0.00034  0.32638
   0.70715 -0.00032  0.31915
   0.72186 -0.00031  0.31495
   0.73652 -0.00029  0.30763
   0.75113 -0.00027  0.30427
   0.76572 -0.00026  0.29876
   0.78032 -0.00024  0.29369
   0.79498 -0.00022  0.28966
   0.80969 -0.00021  0.28324
   0.82424 -0.00019  0.28015
   0.83859 -0.00018  0.27516
   0.85280 -0.00016  0.27057
   0.86693 -0.00015  0.26688
   0.88112 -0.00013  0.26276
   0.89552 -0.00012  0.25817
   0.91008 -0.00010  0.25532
   0.92418 -0.00008  0.25612
   0.93807 -0.00006  0.24922
   0.95238 -0.00005  0.24988
   0.96568 -0.00003  0.25227
   0.97702 -0.00002  0.25387
   0.98667 -0.00001  0.26584
   0.99501 -0.00000  0.28534
   1.00000  0.00000  0.33738
