                                                
 Alfa =  10.00000 Re =  4000000.000 Xflap,Yflap =     0.000000    0.000000
#    x        y        Cp  
   1.00000  0.00000  0.34192
   0.99421  0.00166  0.17510
   0.98507  0.00424  0.09531
   0.97532  0.00694  0.03128
   0.96487  0.00977 -0.02129
   0.95366  0.01275 -0.07020
   0.94161  0.01586 -0.11539
   0.92867  0.01912 -0.16004
   0.91480  0.02250 -0.20260
   0.90008  0.02598 -0.24298
   0.88463  0.02950 -0.28015
   0.86870  0.03301 -0.31562
   0.85271  0.03642 -0.34794
   0.83671  0.03972 -0.37832
   0.82062  0.04296 -0.40802
   0.80465  0.04610 -0.43699
   0.78882  0.04915 -0.46859
   0.77308  0.05212 -0.50070
   0.75737  0.05502 -0.53453
   0.74167  0.05785 -0.56875
   0.72594  0.06062 -0.60308
   0.71018  0.06331 -0.63822
   0.69440  0.06592 -0.67378
   0.67860  0.06844 -0.71040
   0.66282  0.07087 -0.74601
   0.64705  0.07319 -0.78274
   0.63130  0.07541 -0.81925
   0.61557  0.07752 -0.85582
   0.59985  0.07952 -0.89040
   0.58413  0.08140 -0.92621
   0.56840  0.08316 -0.95999
   0.55265  0.08481 -0.99422
   0.53687  0.08635 -1.02894
   0.52107  0.08777 -1.06548
   0.50527  0.08909 -1.10098
   0.48947  0.09029 -1.14253
   0.47369  0.09137 -1.18524
   0.45795  0.09231 -1.22901
   0.44226  0.09311 -1.27413
   0.42663  0.09376 -1.31961
   0.41105  0.09426 -1.36465
   0.39553  0.09457 -1.40815
   0.38008  0.09472 -1.45025
   0.36467  0.09468 -1.49116
   0.34931  0.09447 -1.53095
   0.33398  0.09407 -1.57072
   0.31867  0.09348 -1.60909
   0.30335  0.09270 -1.64770
   0.28800  0.09172 -1.68304
   0.27260  0.09054 -1.71851
   0.25713  0.08916 -1.75497
   0.24161  0.08760 -1.79452
   0.22606  0.08584 -1.84014
   0.21055  0.08391 -1.89301
   0.19513  0.08182 -1.96711
   0.17991  0.07957 -2.06410
   0.16498  0.07712 -2.17345
   0.15038  0.07444 -2.28689
   0.13616  0.07148 -2.40138
   0.12234  0.06822 -2.51365
   0.10891  0.06464 -2.61974
   0.09587  0.06070 -2.71169
   0.08320  0.05641 -2.78948
   0.07090  0.05179 -2.88305
   0.05905  0.04687 -3.00525
   0.04818  0.04188 -3.15731
   0.03889  0.03720 -3.37073
   0.03119  0.03292 -3.60226
   0.02477  0.02897 -3.86223
   0.01931  0.02522 -4.14297
   0.01476  0.02170 -4.33497
   0.01112  0.01860 -4.60399
   0.00825  0.01591 -5.02514
   0.00601  0.01356 -5.48010
   0.00424  0.01144 -5.95246
   0.00283  0.00950 -6.44319
   0.00174  0.00769 -6.91375
   0.00091  0.00598 -7.32450
   0.00034  0.00433 -7.57540
   0.00000  0.00274 -7.58036
  -0.00010  0.00118 -7.19485
   0.00006 -0.00035 -6.23326
   0.00048 -0.00188 -4.85379
   0.00115 -0.00342 -3.52052
   0.00208 -0.00498 -2.36167
   0.00330 -0.00657 -1.42773
   0.00482 -0.00820 -0.70289
   0.00669 -0.00987 -0.14212
   0.00900 -0.01158  0.27545
   0.01181 -0.01332  0.58100
   0.01521 -0.01498  0.79624
   0.01931 -0.01646  0.92925
   0.02425 -0.01772  0.98888
   0.03028 -0.01886  0.99934
   0.03786 -0.01995  0.98056
   0.04755 -0.02101  0.94348
   0.05906 -0.02213  0.89114
   0.07083 -0.02298  0.82958
   0.08264 -0.02316  0.78260
   0.09592 -0.02270  0.75598
   0.11135 -0.02193  0.72771
   0.12557 -0.02119  0.70005
   0.13907 -0.02047  0.67600
   0.15260 -0.01970  0.65373
   0.16664 -0.01885  0.63228
   0.18165 -0.01786  0.61171
   0.19763 -0.01668  0.59284
   0.21303 -0.01543  0.57886
   0.22793 -0.01411  0.56864
   0.24272 -0.01273  0.56035
   0.25763 -0.01127  0.55393
   0.27286 -0.00974  0.54864
   0.28852 -0.00816  0.54429
   0.30461 -0.00654  0.53956
   0.32089 -0.00493  0.53487
   0.33702 -0.00337  0.52945
   0.35310 -0.00184  0.52501
   0.36923 -0.00033  0.52080
   0.38549  0.00118  0.51723
   0.40181  0.00267  0.51461
   0.41799  0.00412  0.51337
   0.43402  0.00552  0.51278
   0.44992  0.00686  0.51253
   0.46572  0.00811  0.51205
   0.48147  0.00927  0.51121
   0.49721  0.01033  0.50921
   0.51301  0.01126  0.50525
   0.52890  0.01209  0.49981
   0.54493  0.01284  0.49337
   0.56111  0.01352  0.48755
   0.57742  0.01416  0.48137
   0.59380  0.01477  0.47658
   0.61019  0.01538  0.47450
   0.62647  0.01596  0.47531
   0.64261  0.01649  0.47628
   0.65855  0.01693  0.47781
   0.67431  0.01726  0.47846
   0.68993  0.01746  0.47816
   0.70545  0.01749  0.47507
   0.72096  0.01736  0.46782
   0.73651  0.01708  0.46004
   0.75217  0.01668  0.44968
   0.76798  0.01618  0.44001
   0.78399  0.01561  0.42988
   0.80022  0.01499  0.42075
   0.81660  0.01435  0.41513
   0.83283  0.01367  0.41071
   0.84895  0.01294  0.40724
   0.86512  0.01213  0.40364
   0.88143  0.01121  0.39902
   0.89729  0.01019  0.39394
   0.91241  0.00908  0.38588
   0.92663  0.00792  0.37692
   0.93992  0.00672  0.36723
   0.95229  0.00551  0.35650
   0.96381  0.00431  0.34530
   0.97456  0.00311  0.33348
   0.98461  0.00193  0.32251
   0.99403  0.00076  0.31487
   1.00000  0.00000  0.34192
