                                                
 Alfa =  10.00000 Re =  4000000.000 Xflap,Yflap =     0.000000    0.000000
#    x        y        Cp  
   1.00000  0.00000  0.52041
   0.99173  0.00212  0.48069
   0.97915  0.00594  0.42884
   0.96608  0.01046  0.38013
   0.95230  0.01565  0.33320
   0.93771  0.02155  0.28354
   0.92218  0.02817  0.22908
   0.90561  0.03556  0.16861
   0.88793  0.04373  0.10027
   0.86912  0.05267  0.02309
   0.84919  0.06233 -0.06391
   0.82836  0.07253 -0.16159
   0.80711  0.08295 -0.26875
   0.78596  0.09325 -0.38187
   0.76519  0.10321 -0.49903
   0.74494  0.11270 -0.61884
   0.72524  0.12166 -0.74102
   0.70606  0.13008 -0.86325
   0.68736  0.13796 -0.98683
   0.66909  0.14531 -1.10969
   0.65122  0.15215 -1.23259
   0.63369  0.15847 -1.35392
   0.61645  0.16431 -1.47187
   0.59944  0.16967 -1.58622
   0.58262  0.17458 -1.69671
   0.56595  0.17904 -1.80189
   0.54939  0.18308 -1.90340
   0.53293  0.18670 -1.99986
   0.51655  0.18991 -2.09192
   0.50023  0.19271 -2.17931
   0.48396  0.19511 -2.26032
   0.46773  0.19711 -2.33727
   0.45153  0.19872 -2.40864
   0.43535  0.19994 -2.47211
   0.41920  0.20077 -2.53314
   0.40306  0.20122 -2.58599
   0.38694  0.20128 -2.63487
   0.37086  0.20098 -2.68017
   0.35483  0.20030 -2.72451
   0.33890  0.19926 -2.76596
   0.32310  0.19787 -2.80748
   0.30747  0.19613 -2.84776
   0.29206  0.19405 -2.88724
   0.27688  0.19164 -2.92334
   0.26199  0.18892 -2.95856
   0.24740  0.18588 -2.99058
   0.23316  0.18255 -3.02079
   0.21929  0.17895 -3.04705
   0.20582  0.17509 -3.07127
   0.19278  0.17099 -3.09024
   0.18017  0.16666 -3.10405
   0.16803  0.16214 -3.11570
   0.15636  0.15744 -3.11922
   0.14519  0.15260 -3.12182
   0.13452  0.14763 -3.11842
   0.12437  0.14258 -3.11431
   0.11473  0.13745 -3.10408
   0.10562  0.13228 -3.09173
   0.09702  0.12709 -3.07605
   0.08893  0.12191 -3.05663
   0.08134  0.11674 -3.03285
   0.07422  0.11161 -3.00769
   0.06757  0.10652 -2.97541
   0.06137  0.10150 -2.94244
   0.05558  0.09654 -2.90618
   0.05020  0.09165 -2.86529
   0.04520  0.08685 -2.82005
   0.04057  0.08212 -2.77124
   0.03627  0.07748 -2.71711
   0.03230  0.07292 -2.65734
   0.02863  0.06845 -2.59558
   0.02524  0.06406 -2.52570
   0.02213  0.05975 -2.45606
   0.01927  0.05553 -2.37951
   0.01665  0.05138 -2.30032
   0.01427  0.04732 -2.21248
   0.01209  0.04334 -2.12426
   0.01013  0.03943 -2.03223
   0.00836  0.03559 -1.93381
   0.00678  0.03183 -1.83143
   0.00538  0.02814 -1.72443
   0.00416  0.02452 -1.61621
   0.00310  0.02098 -1.50316
   0.00221  0.01752 -1.38742
   0.00148  0.01413 -1.27069
   0.00090  0.01081 -1.14801
   0.00046  0.00755 -1.02570
   0.00017  0.00435 -0.90257
   0.00004  0.00120 -0.77111
   0.00006 -0.00192 -0.63600
   0.00023 -0.00500 -0.49707
   0.00057 -0.00805 -0.37252
   0.00110 -0.01104 -0.24649
   0.00186 -0.01396 -0.09788
   0.00290 -0.01677  0.07246
   0.00427 -0.01943  0.27954
   0.00599 -0.02193  0.49668
   0.00804 -0.02429  0.67375
   0.01038 -0.02650  0.80482
   0.01298 -0.02855  0.89453
   0.01581 -0.03045  0.95130
   0.01885 -0.03221  0.98352
   0.02213 -0.03384  0.99777
   0.02563 -0.03537  0.99945
   0.02936 -0.03683  0.99283
   0.03331 -0.03826  0.98042
   0.03751 -0.03966  0.96383
   0.04196 -0.04102  0.94399
   0.04669 -0.04234  0.92189
   0.05173 -0.04361  0.89816
   0.05710 -0.04484  0.87343
   0.06286 -0.04603  0.84815
   0.06906 -0.04718  0.82255
   0.07574 -0.04829  0.79709
   0.08298 -0.04936  0.77079
   0.09082 -0.05040  0.74442
   0.09934 -0.05139  0.71776
   0.10863 -0.05232  0.69162
   0.11876 -0.05318  0.66558
   0.12986 -0.05396  0.63993
   0.14202 -0.05463  0.61522
   0.15535 -0.05520  0.59083
   0.16993 -0.05562  0.56706
   0.18580 -0.05589  0.54451
   0.20299 -0.05597  0.52321
   0.22150 -0.05585  0.50319
   0.24125 -0.05551  0.48473
   0.26215 -0.05495  0.46787
   0.28408 -0.05416  0.45247
   0.30689 -0.05314  0.43888
   0.33047 -0.05192  0.42678
   0.35469 -0.05049  0.41632
   0.37947 -0.04887  0.40724
   0.40473 -0.04707  0.39949
   0.43040 -0.04512  0.39302
   0.45644 -0.04302  0.38777
   0.48280 -0.04080  0.38356
   0.50945 -0.03846  0.38027
   0.53637 -0.03602  0.37788
   0.56350 -0.03349  0.37610
   0.59078 -0.03090  0.37487
   0.61812 -0.02826  0.37404
   0.64546 -0.02557  0.37449
   0.67276 -0.02284  0.37613
   0.70002 -0.02006  0.37966
   0.72715 -0.01727  0.38500
   0.75395 -0.01450  0.39189
   0.78016 -0.01181  0.40038
   0.80553 -0.00927  0.40997
   0.82986 -0.00693  0.42008
   0.85300 -0.00482  0.43114
   0.87485 -0.00299  0.44235
   0.89534 -0.00146  0.45397
   0.91443 -0.00025  0.46570
   0.93216  0.00064  0.47689
   0.94861  0.00120  0.48826
   0.96389  0.00143  0.49938
   0.97811  0.00129  0.51382
   0.99145  0.00071  0.53099
   1.00000  0.00000  0.52041
