                                                
 Alfa =  10.00000 Re =  4000000.000 Xflap,Yflap =     0.000000    0.000000
#    x        y        Cp  
   1.00000  0.00000  0.51628
   0.99311  0.00208  0.31414
   0.98184  0.00544  0.21423
   0.96930  0.00912  0.14131
   0.95533  0.01313  0.07933
   0.93993  0.01746  0.02458
   0.92335  0.02203 -0.02414
   0.90597  0.02672 -0.06965
   0.88811  0.03148 -0.11316
   0.86993  0.03628 -0.15677
   0.85153  0.04107 -0.19939
   0.83299  0.04584 -0.24265
   0.81442  0.05057 -0.28480
   0.79587  0.05524 -0.32885
   0.77741  0.05984 -0.37468
   0.75906  0.06434 -0.42156
   0.74083  0.06873 -0.46895
   0.72270  0.07300 -0.51644
   0.70464  0.07715 -0.56315
   0.68661  0.08116 -0.60773
   0.66853  0.08506 -0.65019
   0.65039  0.08885 -0.69235
   0.63215  0.09255 -0.73507
   0.61383  0.09615 -0.77987
   0.59547  0.09967 -0.82683
   0.57713  0.10308 -0.88067
   0.55887  0.10638 -0.93768
   0.54074  0.10952 -0.99705
   0.52274  0.11250 -1.05809
   0.50489  0.11530 -1.12018
   0.48718  0.11791 -1.18244
   0.46957  0.12032 -1.24485
   0.45205  0.12254 -1.30697
   0.43460  0.12457 -1.37110
   0.41719  0.12639 -1.43595
   0.39982  0.12800 -1.50227
   0.38246  0.12941 -1.57077
   0.36511  0.13060 -1.64076
   0.34777  0.13157 -1.71456
   0.33048  0.13232 -1.79329
   0.31329  0.13284 -1.87788
   0.29627  0.13313 -1.97366
   0.27951  0.13319 -2.09016
   0.26309  0.13297 -2.22082
   0.24709  0.13246 -2.35511
   0.23159  0.13160 -2.49230
   0.21662  0.13041 -2.62790
   0.20222  0.12886 -2.75843
   0.18841  0.12698 -2.88990
   0.17518  0.12474 -3.01628
   0.16251  0.12216 -3.12980
   0.15031  0.11920 -3.22085
   0.13850  0.11583 -3.27338
   0.12700  0.11204 -3.28459
   0.11578  0.10785 -3.28049
   0.10491  0.10332 -3.26236
   0.09450  0.09853 -3.24379
   0.08469  0.09358 -3.23435
   0.07555  0.08856 -3.22439
   0.06712  0.08352 -3.21746
   0.05939  0.07851 -3.20482
   0.05235  0.07356 -3.18139
   0.04600  0.06872 -3.14844
   0.04030  0.06404 -3.11019
   0.03524  0.05956 -3.06916
   0.03074  0.05527 -3.01799
   0.02676  0.05118 -2.96050
   0.02321  0.04726 -2.88386
   0.02005  0.04350 -2.77017
   0.01720  0.03986 -2.64191
   0.01459  0.03635 -2.52606
   0.01219  0.03298 -2.44292
   0.00998  0.02977 -2.44054
   0.00798  0.02674 -2.49801
   0.00621  0.02389 -2.56807
   0.00466  0.02120 -2.63878
   0.00333  0.01865 -2.70696
   0.00221  0.01623 -2.76135
   0.00129  0.01391 -2.79255
   0.00056  0.01168 -2.80415
   0.00002  0.00953 -2.76556
  -0.00035  0.00745 -2.67927
  -0.00052  0.00542 -2.52945
  -0.00051  0.00343 -2.29816
  -0.00030  0.00148 -1.99730
   0.00012 -0.00046 -1.59604
   0.00076 -0.00237 -1.14368
   0.00162 -0.00428 -0.71457
   0.00270 -0.00618 -0.33203
   0.00400 -0.00806 -0.00463
   0.00552 -0.00993  0.26493
   0.00728 -0.01178  0.48464
   0.00929 -0.01359  0.65813
   0.01156 -0.01533  0.78963
   0.01408 -0.01696  0.88650
   0.01687 -0.01845  0.95035
   0.01995 -0.01980  0.98545
   0.02335 -0.02104  0.99900
   0.02708 -0.02223  0.99810
   0.03118 -0.02341  0.98772
   0.03570 -0.02458  0.97043
   0.04072 -0.02575  0.94765
   0.04630 -0.02690  0.92110
   0.05253 -0.02803  0.89115
   0.05949 -0.02914  0.85843
   0.06729 -0.03021  0.82375
   0.07610 -0.03120  0.78898
   0.08615 -0.03208  0.75623
   0.09775 -0.03290  0.72563
   0.11099 -0.03375  0.68881
   0.12528 -0.03457  0.64591
   0.13987 -0.03520  0.60388
   0.15448 -0.03551  0.56881
   0.16942 -0.03542  0.54780
   0.18523 -0.03500  0.53363
   0.20228 -0.03430  0.52339
   0.22057 -0.03342  0.51021
   0.23971 -0.03240  0.49710
   0.25918 -0.03126  0.48546
   0.27859 -0.03005  0.47513
   0.29779 -0.02878  0.46653
   0.31682 -0.02748  0.45851
   0.33582 -0.02613  0.45147
   0.35489 -0.02474  0.44554
   0.37408 -0.02331  0.44021
   0.39335 -0.02184  0.43655
   0.41261 -0.02035  0.43449
   0.43174 -0.01886  0.43400
   0.45066 -0.01742  0.43391
   0.46937 -0.01605  0.43378
   0.48791 -0.01477  0.43271
   0.50638 -0.01362  0.42964
   0.52493 -0.01259  0.42353
   0.54365 -0.01166  0.41584
   0.56261 -0.01079  0.40792
   0.58183 -0.00996  0.39967
   0.60124 -0.00915  0.39243
   0.62072 -0.00833  0.38786
   0.64012 -0.00754  0.38452
   0.65936 -0.00679  0.38154
   0.67844 -0.00610  0.37837
   0.69738 -0.00548  0.37461
   0.71626 -0.00494  0.36829
   0.73517 -0.00448  0.36100
   0.75417 -0.00406  0.35312
   0.77326 -0.00366  0.34565
   0.79242 -0.00326  0.33910
   0.81157 -0.00283  0.33596
   0.83061 -0.00240  0.33530
   0.84945 -0.00200  0.33558
   0.86799 -0.00166  0.33500
   0.88619 -0.00141  0.33352
   0.90400 -0.00128  0.32766
   0.92136 -0.00125  0.31550
   0.93805 -0.00122  0.30473
   0.95372 -0.00111  0.30184
   0.96809 -0.00090  0.31070
   0.98108 -0.00060  0.33145
   0.99281 -0.00025  0.37828
   1.00000  0.00000  0.51628
