                                                
 Alfa =  10.00000 Re =  4000000.000 Xflap,Yflap =     0.000000    0.000000
#    x        y        Cp  
   1.00000  0.00000  0.29420
   0.99449  0.00237  0.19166
   0.98322  0.00754 -0.02457
   0.97123  0.01297 -0.21384
   0.95929  0.01796 -0.36002
   0.94726  0.02246 -0.45159
   0.93488  0.02660 -0.49927
   0.92215  0.03045 -0.53113
   0.90916  0.03408 -0.55456
   0.89601  0.03754 -0.58105
   0.88277  0.04084 -0.60624
   0.86946  0.04400 -0.63025
   0.85610  0.04703 -0.65499
   0.84269  0.04994 -0.68365
   0.82923  0.05274 -0.70518
   0.81574  0.05542 -0.72913
   0.80221  0.05801 -0.75320
   0.78866  0.06050 -0.78077
   0.77509  0.06290 -0.80430
   0.76150  0.06520 -0.82728
   0.74788  0.06741 -0.85070
   0.73424  0.06954 -0.87827
   0.72059  0.07158 -0.90376
   0.70693  0.07353 -0.92935
   0.69327  0.07539 -0.95843
   0.67959  0.07716 -0.98630
   0.66591  0.07884 -1.01064
   0.65222  0.08042 -1.03913
   0.63852  0.08190 -1.06403
   0.62482  0.08329 -1.09272
   0.61111  0.08458 -1.11912
   0.59739  0.08576 -1.14442
   0.58367  0.08684 -1.16890
   0.56995  0.08781 -1.19365
   0.55621  0.08868 -1.21828
   0.54247  0.08945 -1.24230
   0.52873  0.09010 -1.26380
   0.51498  0.09065 -1.28588
   0.50122  0.09110 -1.30800
   0.48745  0.09145 -1.32912
   0.47368  0.09169 -1.35142
   0.45991  0.09184 -1.37296
   0.44613  0.09189 -1.39570
   0.43235  0.09183 -1.41871
   0.41857  0.09168 -1.44269
   0.40480  0.09144 -1.46810
   0.39103  0.09109 -1.49376
   0.37726  0.09064 -1.52060
   0.36350  0.09009 -1.54925
   0.34975  0.08944 -1.57955
   0.33601  0.08869 -1.60884
   0.32229  0.08782 -1.64386
   0.30858  0.08685 -1.67456
   0.29488  0.08576 -1.71129
   0.28120  0.08456 -1.74983
   0.26754  0.08323 -1.78839
   0.25390  0.08178 -1.83220
   0.24029  0.08021 -1.87663
   0.22671  0.07849 -1.92486
   0.21316  0.07664 -1.97800
   0.19965  0.07464 -2.03350
   0.18618  0.07248 -2.09562
   0.17277  0.07016 -2.16444
   0.15942  0.06767 -2.23883
   0.14615  0.06498 -2.31880
   0.13295  0.06209 -2.40866
   0.11983  0.05899 -2.51392
   0.10682  0.05565 -2.63390
   0.09398  0.05206 -2.77124
   0.08138  0.04820 -2.92759
   0.06894  0.04401 -3.12260
   0.05658  0.03940 -3.36777
   0.04489  0.03451 -3.68158
   0.03416  0.02941 -4.07184
   0.02307  0.02325 -4.64141
   0.01437  0.01746 -5.54181
   0.00889  0.01298 -6.65662
   0.00419  0.00791 -7.31775
   0.00163  0.00450 -9.42191
   0.00042  0.00247-14.57199
  -0.00006  0.00092-20.66167
   0.00005 -0.00043-20.48120
   0.00082 -0.00171-11.17848
   0.00230 -0.00297 -5.46896
   0.00478 -0.00404 -1.92682
   0.00911 -0.00438  0.35016
   0.01613 -0.00399  0.87785
   0.02571 -0.00372  0.98599
   0.03735 -0.00279  0.99548
   0.05065 -0.00118  0.96658
   0.06447  0.00053  0.93095
   0.07811  0.00230  0.89757
   0.09167  0.00415  0.86936
   0.10539  0.00606  0.84503
   0.11922  0.00798  0.82324
   0.13305  0.00988  0.80374
   0.14687  0.01175  0.78703
   0.16066  0.01359  0.77194
   0.17443  0.01541  0.75900
   0.18822  0.01719  0.74728
   0.20200  0.01892  0.73642
   0.21579  0.02062  0.72688
   0.22957  0.02226  0.71780
   0.24336  0.02386  0.70973
   0.25715  0.02540  0.70236
   0.27094  0.02689  0.69528
   0.28474  0.02833  0.68901
   0.29853  0.02972  0.68280
   0.31234  0.03105  0.67788
   0.32614  0.03232  0.67190
   0.33994  0.03354  0.66749
   0.35375  0.03469  0.66316
   0.36755  0.03578  0.65843
   0.38135  0.03680  0.65468
   0.39516  0.03776  0.65002
   0.40896  0.03864  0.64613
   0.42277  0.03945  0.64166
   0.43659  0.04019  0.63849
   0.45041  0.04087  0.63411
   0.46423  0.04147  0.63003
   0.47807  0.04201  0.62644
   0.49190  0.04247  0.62213
   0.50574  0.04288  0.61874
   0.51958  0.04321  0.61437
   0.53343  0.04349  0.61095
   0.54728  0.04369  0.60769
   0.56113  0.04384  0.60334
   0.57498  0.04392  0.60120
   0.58883  0.04393  0.59686
   0.60267  0.04388  0.59417
   0.61651  0.04376  0.59014
   0.63035  0.04358  0.58825
   0.64419  0.04332  0.58387
   0.65802  0.04300  0.58084
   0.67185  0.04261  0.57784
   0.68568  0.04215  0.57420
   0.69951  0.04161  0.57214
   0.71332  0.04101  0.56865
   0.72712  0.04033  0.56582
   0.74091  0.03956  0.56309
   0.75469  0.03872  0.55958
   0.76847  0.03779  0.55729
   0.78224  0.03678  0.55330
   0.79599  0.03567  0.55040
   0.80972  0.03448  0.54812
   0.82342  0.03319  0.54480
   0.83710  0.03179  0.54153
   0.85075  0.03027  0.53926
   0.86437  0.02864  0.53481
   0.87796  0.02688  0.53155
   0.89152  0.02499  0.52642
   0.90503  0.02295  0.52554
   0.91843  0.02073  0.52095
   0.93167  0.01833  0.51759
   0.94472  0.01570  0.50742
   0.95766  0.01275  0.49897
   0.97038  0.00945  0.47712
   0.98252  0.00587  0.44489
   0.99422  0.00201  0.40198
   1.00000  0.00000  0.29420
