                                                
 Alfa =  10.00000 Re =  4000000.000 Xflap,Yflap =     0.000000    0.000000
#    x        y        Cp  
   1.00000  0.00150  0.48757
   0.99412  0.00387  0.24613
   0.98459  0.00758  0.12466
   0.97410  0.01146  0.02568
   0.96253  0.01551 -0.05704
   0.94982  0.01968 -0.12643
   0.93603  0.02389 -0.17943
   0.92134  0.02809 -0.21861
   0.90603  0.03222 -0.24909
   0.89029  0.03630 -0.27694
   0.87420  0.04034 -0.30587
   0.85782  0.04435 -0.33453
   0.84120  0.04832 -0.36079
   0.82442  0.05228 -0.38887
   0.80754  0.05622 -0.41855
   0.79067  0.06015 -0.45358
   0.77387  0.06406 -0.49689
   0.75719  0.06791 -0.54150
   0.74065  0.07167 -0.58913
   0.72424  0.07533 -0.63721
   0.70793  0.07888 -0.68535
   0.69169  0.08230 -0.73106
   0.67544  0.08561 -0.77361
   0.65914  0.08880 -0.81552
   0.64277  0.09190 -0.85776
   0.62633  0.09491 -0.90106
   0.60985  0.09782 -0.94641
   0.59335  0.10064 -0.99729
   0.57691  0.10335 -1.05369
   0.56056  0.10591 -1.11333
   0.54435  0.10832 -1.17498
   0.52827  0.11055 -1.23639
   0.51231  0.11258 -1.29720
   0.49646  0.11441 -1.35610
   0.48068  0.11603 -1.40841
   0.46493  0.11744 -1.45801
   0.44919  0.11865 -1.50689
   0.43343  0.11965 -1.55393
   0.41763  0.12045 -1.60097
   0.40179  0.12106 -1.64853
   0.38589  0.12146 -1.69750
   0.36994  0.12166 -1.74748
   0.35395  0.12164 -1.79938
   0.33795  0.12140 -1.85200
   0.32200  0.12094 -1.90740
   0.30616  0.12025 -1.96512
   0.29051  0.11935 -2.03006
   0.27513  0.11823 -2.10180
   0.26006  0.11688 -2.17472
   0.24528  0.11528 -2.24712
   0.23076  0.11342 -2.31716
   0.21643  0.11127 -2.38348
   0.20220  0.10880 -2.44400
   0.18793  0.10597 -2.48688
   0.17356  0.10275 -2.52258
   0.15916  0.09917 -2.56053
   0.14502  0.09532 -2.62202
   0.13153  0.09131 -2.72128
   0.11882  0.08714 -2.81542
   0.10673  0.08273 -2.89411
   0.09494  0.07790 -2.90623
   0.08311  0.07255 -2.83918
   0.07156  0.06699 -2.88321
   0.06127  0.06176 -3.12477
   0.05247  0.05681 -3.32385
   0.04479  0.05188 -3.33479
   0.03791  0.04691 -3.22673
   0.03173  0.04205 -3.13018
   0.02627  0.03747 -3.07424
   0.02152  0.03329 -3.12852
   0.01742  0.02949 -3.24079
   0.01391  0.02603 -3.34197
   0.01091  0.02289 -3.52340
   0.00837  0.02006 -3.78103
   0.00627  0.01748 -4.06203
   0.00453  0.01512 -4.33272
   0.00311  0.01292 -4.59846
   0.00197  0.01085 -4.84151
   0.00108  0.00889 -5.02497
   0.00043  0.00700 -5.12441
  -0.00001  0.00518 -5.09987
  -0.00023  0.00340 -4.89945
  -0.00022  0.00166 -4.50528
   0.00001 -0.00005 -3.85702
   0.00048 -0.00175 -3.02563
   0.00119 -0.00344 -2.20565
   0.00213 -0.00512 -1.48164
   0.00329 -0.00677 -0.88062
   0.00469 -0.00840 -0.37771
   0.00634 -0.00998  0.02330
   0.00825 -0.01149  0.34306
   0.01044 -0.01289  0.59202
   0.01295 -0.01409  0.77921
   0.01579 -0.01501  0.90880
   0.01905 -0.01564  0.97629
   0.02282 -0.01599  0.99881
   0.02724 -0.01618  0.99671
   0.03250 -0.01630  0.98176
   0.03881 -0.01634  0.95802
   0.04632 -0.01628  0.92871
   0.05507 -0.01613  0.89464
   0.06504 -0.01584  0.85630
   0.07619 -0.01527  0.81771
   0.08864 -0.01425  0.78813
   0.10265 -0.01278  0.76618
   0.11793 -0.01104  0.74771
   0.13364 -0.00924  0.73393
   0.14926 -0.00756  0.72209
   0.16482 -0.00609  0.70785
   0.18063 -0.00479  0.69217
   0.19685 -0.00362  0.67610
   0.21355 -0.00253  0.66060
   0.23061 -0.00151  0.64565
   0.24791 -0.00055  0.63140
   0.26529  0.00035  0.61791
   0.28266  0.00121  0.60516
   0.30004  0.00205  0.59426
   0.31732  0.00289  0.58536
   0.33445  0.00369  0.57835
   0.35143  0.00445  0.57198
   0.36827  0.00514  0.56615
   0.38500  0.00574  0.56020
   0.40166  0.00625  0.55383
   0.41833  0.00665  0.54549
   0.43504  0.00695  0.53670
   0.45185  0.00716  0.52692
   0.46878  0.00731  0.51752
   0.48584  0.00740  0.50732
   0.50302  0.00746  0.49741
   0.52029  0.00748  0.48813
   0.53762  0.00749  0.47908
   0.55497  0.00749  0.47052
   0.57231  0.00748  0.46232
   0.58963  0.00749  0.45535
   0.60690  0.00751  0.44935
   0.62410  0.00755  0.44569
   0.64123  0.00758  0.44208
   0.65829  0.00759  0.43961
   0.67529  0.00757  0.43675
   0.69224  0.00750  0.43343
   0.70916  0.00737  0.42999
   0.72608  0.00716  0.42483
   0.74301  0.00687  0.41924
   0.75997  0.00652  0.41294
   0.77693  0.00609  0.40643
   0.79388  0.00559  0.39841
   0.81080  0.00503  0.38913
   0.82764  0.00442  0.37874
   0.84439  0.00380  0.36804
   0.86105  0.00319  0.35848
   0.87763  0.00261  0.35034
   0.89416  0.00211  0.34527
   0.91069  0.00169  0.34734
   0.92712  0.00131  0.35480
   0.94306  0.00092  0.36320
   0.95791  0.00046  0.36909
   0.97127 -0.00006  0.37328
   0.98312 -0.00060  0.38148
   0.99362 -0.00114  0.40160
   1.00000 -0.00150  0.48757
