                                                
 Alfa =  10.00000 Re =  4000000.000 Xflap,Yflap =     0.000000    0.000000
#    x        y        Cp  
   1.00000  0.02700  0.21053
   0.99541  0.02711  0.16731
   0.98775  0.02733  0.14551
   0.97892  0.02763  0.12335
   0.96855  0.02805  0.10368
   0.95626  0.02865  0.09949
   0.94234  0.02946  0.06512
   0.92875  0.03036  0.04809
   0.91517  0.03135  0.01418
   0.90112  0.03241 -0.01172
   0.88694  0.03351 -0.03843
   0.87307  0.03459 -0.05851
   0.85934  0.03565 -0.08322
   0.84558  0.03670 -0.10516
   0.83171  0.03774 -0.12561
   0.81765  0.03877 -0.14620
   0.80339  0.03977 -0.15927
   0.78900  0.04073 -0.18036
   0.77468  0.04164 -0.19126
   0.76039  0.04252 -0.20304
   0.74611  0.04336 -0.21666
   0.73180  0.04419 -0.22668
   0.71743  0.04501 -0.23201
   0.70302  0.04583 -0.24625
   0.68859  0.04665 -0.26121
   0.67418  0.04749 -0.27062
   0.65979  0.04833 -0.28638
   0.64540  0.04919 -0.30000
   0.63100  0.05006 -0.31585
   0.61659  0.05095 -0.33781
   0.60217  0.05186 -0.35800
   0.58775  0.05279 -0.38581
   0.57332  0.05373 -0.40780
   0.55890  0.05466 -0.44317
   0.54448  0.05557 -0.47304
   0.53008  0.05643 -0.51119
   0.51568  0.05722 -0.53475
   0.50128  0.05794 -0.57157
   0.48689  0.05856 -0.60023
   0.47250  0.05908 -0.62293
   0.45811  0.05950 -0.65105
   0.44372  0.05980 -0.67193
   0.42933  0.05999 -0.68874
   0.41495  0.06006 -0.70853
   0.40056  0.06001 -0.72105
   0.38618  0.05983 -0.72397
   0.37181  0.05955 -0.72163
   0.35743  0.05922 -0.71877
   0.34306  0.05886 -0.72049
   0.32868  0.05852 -0.72027
   0.31429  0.05822 -0.73776
   0.29990  0.05800 -0.76122
   0.28549  0.05788 -0.81800
   0.27108  0.05780 -0.88432
   0.25666  0.05769 -0.96680
   0.24225  0.05747 -1.04839
   0.22788  0.05707 -1.12552
   0.21357  0.05642 -1.19109
   0.19935  0.05545 -1.21899
   0.18526  0.05416 -1.16934
   0.17126  0.05276 -1.11608
   0.15729  0.05151 -1.09259
   0.14322  0.05064 -1.21071
   0.12890  0.05007 -1.49878
   0.11448  0.04935 -1.85965
   0.10036  0.04805 -2.20381
   0.08710  0.04591 -2.39254
   0.07438  0.04282 -2.33130
   0.06162  0.03890 -1.77900
   0.04866  0.03576 -1.90656
   0.03866  0.03422 -3.39561
   0.03149  0.03261 -5.33125
   0.02533  0.02974 -7.01994
   0.01922  0.02325 -2.75150
   0.01273  0.01619 -1.58578
   0.00753  0.01228 -2.63429
   0.00468  0.01028 -3.76146
   0.00275  0.00885 -5.30920
   0.00140  0.00772 -7.73531
   0.00050  0.00678-12.02807
   0.00000  0.00598-20.51724
  -0.00009  0.00527-28.74110
   0.00026  0.00466-13.64648
   0.00110  0.00411 -4.02770
   0.00250  0.00361 -0.94426
   0.00466  0.00312  0.29300
   0.00821  0.00257  0.81659
   0.01633  0.00140  0.99505
   0.02605 -0.00011  0.97495
   0.03483 -0.00045  0.91932
   0.04439 -0.00020  0.87937
   0.05735  0.00012  0.83642
   0.07028  0.00005  0.78373
   0.08416 -0.00004  0.73629
   0.09813 -0.00000  0.70253
   0.11239  0.00002  0.67039
   0.12643  0.00002  0.64152
   0.14059  0.00001  0.61487
   0.15498 -0.00000  0.58995
   0.16933 -0.00001  0.56817
   0.18368 -0.00000  0.54830
   0.19809 -0.00000  0.52814
   0.21253  0.00000  0.51148
   0.22693  0.00000  0.49620
   0.24132  0.00000  0.47806
   0.25570  0.00000  0.46494
   0.27010  0.00000  0.45099
   0.28453  0.00000  0.43648
   0.29898  0.00000  0.42542
   0.31344  0.00000  0.41257
   0.32789  0.00000  0.39982
   0.34234  0.00000  0.38806
   0.35678  0.00000  0.37881
   0.37124  0.00000  0.36738
   0.38569  0.00000  0.35635
   0.40016 -0.00000  0.34723
   0.41463 -0.00000  0.33553
   0.42910 -0.00001  0.32794
   0.44356 -0.00001  0.31660
   0.45803 -0.00001  0.30634
   0.47249 -0.00001  0.29881
   0.48695 -0.00001  0.28642
   0.50142  0.00000  0.27885
   0.51588  0.00001  0.27229
   0.53034  0.00003  0.25798
   0.54480  0.00004  0.25391
   0.55925  0.00004  0.24316
   0.57370  0.00004  0.23198
   0.58816  0.00002  0.22340
   0.60262 -0.00001  0.20589
   0.61706 -0.00005  0.19158
   0.63147 -0.00007  0.17385
   0.64584 -0.00005  0.15477
   0.66018  0.00006  0.14130
   0.67449  0.00027  0.12075
   0.68880  0.00061  0.11180
   0.70312  0.00113  0.10154
   0.71748  0.00182  0.10232
   0.73190  0.00267  0.11344
   0.74628  0.00362  0.11737
   0.76061  0.00464  0.13479
   0.77493  0.00569  0.14167
   0.78927  0.00674  0.14165
   0.80366  0.00775  0.15316
   0.81791  0.00869  0.14638
   0.83195  0.00958  0.14243
   0.84580  0.01044  0.13398
   0.85951  0.01129  0.13185
   0.87321  0.01216  0.11782
   0.88702  0.01308  0.11819
   0.90116  0.01409  0.11841
   0.91523  0.01516  0.11893
   0.92879  0.01626  0.12323
   0.94232  0.01737  0.14131
   0.95624  0.01851  0.13846
   0.96857  0.01951  0.14828
   0.97896  0.02034  0.15211
   0.98778  0.02104  0.16234
   0.99542  0.02164  0.17356
   1.00000  0.02200  0.21053
