                                                
 Alfa =  10.00000 Re =  4000000.000 Xflap,Yflap =     0.000000    0.000000
#    x        y        Cp  
   1.00000  0.00134  0.41351
   0.99418  0.00324  0.10336
   0.98447  0.00583  0.03375
   0.97319  0.00844 -0.02751
   0.96079  0.01104 -0.08937
   0.94731  0.01350 -0.10916
   0.93255  0.01589 -0.11217
   0.91680  0.01829 -0.11934
   0.90034  0.02070 -0.12444
   0.88336  0.02316 -0.13400
   0.86621  0.02565 -0.14591
   0.84911  0.02814 -0.15552
   0.83211  0.03067 -0.16913
   0.81520  0.03324 -0.18429
   0.79836  0.03587 -0.20045
   0.78165  0.03857 -0.21807
   0.76507  0.04135 -0.23980
   0.74853  0.04423 -0.26730
   0.73199  0.04722 -0.30078
   0.71540  0.05033 -0.33906
   0.69876  0.05354 -0.38404
   0.68204  0.05684 -0.43562
   0.66530  0.06020 -0.49750
   0.64875  0.06355 -0.57381
   0.63253  0.06677 -0.65497
   0.61664  0.06977 -0.72870
   0.60097  0.07253 -0.79449
   0.58540  0.07504 -0.85038
   0.56977  0.07733 -0.89414
   0.55405  0.07941 -0.93564
   0.53829  0.08129 -0.97640
   0.52252  0.08296 -1.01295
   0.50667  0.08442 -1.04113
   0.49066  0.08569 -1.06535
   0.47451  0.08680 -1.09172
   0.45828  0.08775 -1.11966
   0.44201  0.08854 -1.14895
   0.42572  0.08917 -1.17810
   0.40940  0.08964 -1.20853
   0.39305  0.08996 -1.23952
   0.37669  0.09013 -1.27258
   0.36034  0.09014 -1.30770
   0.34401  0.09000 -1.34470
   0.32771  0.08970 -1.38365
   0.31143  0.08924 -1.42386
   0.29521  0.08862 -1.47002
   0.27907  0.08784 -1.51860
   0.26303  0.08688 -1.57113
   0.24710  0.08574 -1.62621
   0.23129  0.08440 -1.68385
   0.21560  0.08286 -1.74474
   0.20003  0.08112 -1.80904
   0.18462  0.07917 -1.88053
   0.16941  0.07700 -1.95992
   0.15447  0.07462 -2.05028
   0.13988  0.07203 -2.15471
   0.12575  0.06922 -2.27446
   0.11221  0.06621 -2.40929
   0.09935  0.06297 -2.54562
   0.08720  0.05952 -2.67720
   0.07581  0.05588 -2.80817
   0.06531  0.05213 -2.94426
   0.05584  0.04837 -3.11470
   0.04747  0.04467 -3.27753
   0.04012  0.04106 -3.42228
   0.03374  0.03760 -3.57884
   0.02825  0.03433 -3.76976
   0.02355  0.03124 -3.95406
   0.01950  0.02830 -4.12331
   0.01602  0.02551 -4.27964
   0.01303  0.02284 -4.42414
   0.01045  0.02029 -4.58370
   0.00825  0.01785 -4.71429
   0.00636  0.01549 -4.80974
   0.00475  0.01319 -4.88853
   0.00339  0.01096 -4.94104
   0.00229  0.00881 -4.94028
   0.00141  0.00673 -4.94383
   0.00075  0.00475 -4.89104
   0.00030  0.00282 -4.77567
   0.00003  0.00093 -4.60746
  -0.00005 -0.00096 -4.53283
   0.00011 -0.00282 -4.39434
   0.00059 -0.00461 -3.90434
   0.00149 -0.00629 -2.60727
   0.00280 -0.00787 -1.31941
   0.00448 -0.00939 -0.43535
   0.00644 -0.01088  0.07684
   0.00866 -0.01235  0.40119
   0.01117 -0.01383  0.62611
   0.01400 -0.01536  0.77575
   0.01723 -0.01697  0.87378
   0.02094 -0.01871  0.93832
   0.02524 -0.02059  0.97795
   0.03027 -0.02263  0.99698
   0.03620 -0.02487  0.99887
   0.04324 -0.02734  0.98617
   0.05157 -0.03009  0.96085
   0.06128 -0.03306  0.92497
   0.07238 -0.03620  0.88141
   0.08468 -0.03941  0.83317
   0.09796 -0.04258  0.78324
   0.11194 -0.04563  0.73350
   0.12641 -0.04849  0.68589
   0.14126 -0.05116  0.64154
   0.15644 -0.05363  0.59989
   0.17188 -0.05590  0.56143
   0.18752 -0.05798  0.52534
   0.20334 -0.05988  0.49178
   0.21929 -0.06161  0.45966
   0.23532 -0.06317  0.42987
   0.25143 -0.06455  0.40210
   0.26762 -0.06577  0.37582
   0.28387 -0.06684  0.35101
   0.30015 -0.06774  0.32739
   0.31645 -0.06848  0.30522
   0.33279 -0.06907  0.28452
   0.34913 -0.06951  0.26463
   0.36547 -0.06979  0.24550
   0.38182 -0.06992  0.22843
   0.39820 -0.06989  0.21194
   0.41456 -0.06971  0.19519
   0.43083 -0.06939  0.17829
   0.44696 -0.06890  0.16187
   0.46298 -0.06822  0.14880
   0.47891 -0.06736  0.13646
   0.49477 -0.06630  0.12734
   0.51056 -0.06503  0.11991
   0.52622 -0.06356  0.11376
   0.54172 -0.06187  0.11060
   0.55712 -0.05994  0.11405
   0.57258 -0.05773  0.12496
   0.58825 -0.05527  0.14105
   0.60409 -0.05258  0.15769
   0.62005 -0.04969  0.17683
   0.63620 -0.04659  0.20175
   0.65267 -0.04332  0.22960
   0.66940 -0.03997  0.25609
   0.68610 -0.03666  0.27830
   0.70258 -0.03349  0.29692
   0.71891 -0.03047  0.31124
   0.73522 -0.02759  0.32239
   0.75156 -0.02484  0.33119
   0.76791 -0.02222  0.33875
   0.78430 -0.01973  0.34451
   0.80072 -0.01736  0.35079
   0.81714 -0.01513  0.35597
   0.83351 -0.01303  0.36154
   0.84984 -0.01108  0.36578
   0.86616 -0.00927  0.36950
   0.88246 -0.00762  0.37234
   0.89867 -0.00612  0.37548
   0.91478 -0.00479  0.37695
   0.93072 -0.00362  0.37642
   0.94620 -0.00254  0.38037
   0.96066 -0.00153  0.40399
   0.97337 -0.00074  0.44862
   0.98430 -0.00042  0.47511
   0.99402 -0.00068  0.50865
   1.00000 -0.00134  0.41351
