                                                
 Alfa =  10.00000 Re =  4000000.000 Xflap,Yflap =     0.000000    0.000000
#    x        y        Cp  
   1.00000  0.00000  0.30164
   0.99430  0.00068  0.25931
   0.98348  0.00221  0.18800
   0.97065  0.00425  0.11995
   0.95682  0.00655  0.06190
   0.94270  0.00889  0.01646
   0.92853  0.01120 -0.02208
   0.91435  0.01345 -0.05192
   0.90011  0.01567 -0.07836
   0.88580  0.01785 -0.10026
   0.87144  0.02002 -0.12206
   0.85706  0.02218 -0.14532
   0.84267  0.02433 -0.16580
   0.82828  0.02647 -0.19010
   0.81391  0.02860 -0.21173
   0.79953  0.03071 -0.23433
   0.78514  0.03281 -0.25579
   0.77075  0.03491 -0.27776
   0.75636  0.03699 -0.30276
   0.74198  0.03905 -0.32664
   0.72761  0.04110 -0.35019
   0.71325  0.04312 -0.37586
   0.69889  0.04512 -0.40043
   0.68453  0.04710 -0.42659
   0.67018  0.04905 -0.45413
   0.65584  0.05098 -0.48159
   0.64151  0.05286 -0.50991
   0.62720  0.05471 -0.53873
   0.61289  0.05652 -0.57027
   0.59860  0.05827 -0.59960
   0.58433  0.05997 -0.63256
   0.57006  0.06162 -0.66347
   0.55581  0.06320 -0.69715
   0.54157  0.06471 -0.72976
   0.52734  0.06615 -0.76353
   0.51313  0.06751 -0.79622
   0.49893  0.06879 -0.83143
   0.48474  0.06998 -0.86577
   0.47055  0.07108 -0.89886
   0.45638  0.07208 -0.93415
   0.44221  0.07299 -0.96765
   0.42805  0.07379 -1.00165
   0.41388  0.07449 -1.03688
   0.39972  0.07508 -1.07083
   0.38557  0.07556 -1.10668
   0.37143  0.07594 -1.14371
   0.35730  0.07620 -1.18168
   0.34320  0.07633 -1.21844
   0.32911  0.07634 -1.25723
   0.31503  0.07623 -1.29519
   0.30096  0.07598 -1.33568
   0.28691  0.07560 -1.37548
   0.27287  0.07509 -1.41935
   0.25885  0.07444 -1.46388
   0.24487  0.07364 -1.51336
   0.23092  0.07269 -1.56513
   0.21704  0.07159 -1.62141
   0.20321  0.07032 -1.68091
   0.18946  0.06887 -1.74515
   0.17580  0.06723 -1.81215
   0.16222  0.06539 -1.88516
   0.14875  0.06333 -1.96168
   0.13540  0.06104 -2.04679
   0.12218  0.05851 -2.13968
   0.10914  0.05571 -2.24172
   0.09636  0.05265 -2.35833
   0.08387  0.04928 -2.48565
   0.07160  0.04558 -2.63468
   0.05974  0.04153 -2.80253
   0.04874  0.03727 -3.00643
   0.03856  0.03276 -3.23366
   0.02891  0.02782 -3.49696
   0.02106  0.02314 -3.83402
   0.01551  0.01931 -4.22273
   0.01122  0.01581 -4.49736
   0.00757  0.01229 -4.57821
   0.00474  0.00917 -4.78233
   0.00278  0.00681 -5.76969
   0.00146  0.00495 -7.28781
   0.00063  0.00334 -8.59495
   0.00017  0.00182 -9.21718
   0.00009  0.00030 -8.16714
   0.00035 -0.00126 -6.24276
   0.00098 -0.00285 -4.52014
   0.00202 -0.00441 -2.93861
   0.00358 -0.00582 -1.28239
   0.00582 -0.00709 -0.05046
   0.00903 -0.00827  0.61075
   0.01355 -0.00967  0.86899
   0.01964 -0.01142  0.97531
   0.02699 -0.01314  0.99978
   0.03591 -0.01467  0.97641
   0.04739 -0.01615  0.92786
   0.06054 -0.01748  0.87019
   0.07368 -0.01849  0.81843
   0.08702 -0.01925  0.77312
   0.10084 -0.01984  0.73259
   0.11493 -0.02027  0.69666
   0.12907 -0.02056  0.66541
   0.14322 -0.02075  0.63751
   0.15744 -0.02084  0.61296
   0.17173 -0.02084  0.59079
   0.18607 -0.02078  0.57091
   0.20045 -0.02065  0.55323
   0.21486 -0.02048  0.53682
   0.22929 -0.02026  0.52176
   0.24374 -0.02001  0.50786
   0.25820 -0.01972  0.49535
   0.27269 -0.01940  0.48347
   0.28719 -0.01906  0.47254
   0.30172 -0.01870  0.46228
   0.31625 -0.01833  0.45262
   0.33079 -0.01794  0.44293
   0.34533 -0.01755  0.43440
   0.35988 -0.01714  0.42558
   0.37443 -0.01673  0.41773
   0.38899 -0.01631  0.41033
   0.40354 -0.01589  0.40231
   0.41811 -0.01546  0.39587
   0.43267 -0.01503  0.38888
   0.44724 -0.01459  0.38251
   0.46181 -0.01416  0.37598
   0.47638 -0.01373  0.36999
   0.49096 -0.01330  0.36388
   0.50553 -0.01288  0.35762
   0.52011 -0.01245  0.35198
   0.53468 -0.01202  0.34611
   0.54925 -0.01160  0.34103
   0.56382 -0.01118  0.33567
   0.57838 -0.01076  0.33058
   0.59295 -0.01034  0.32585
   0.60751 -0.00993  0.32015
   0.62207 -0.00953  0.31550
   0.63663 -0.00912  0.31122
   0.65118 -0.00873  0.30529
   0.66574 -0.00834  0.30196
   0.68031 -0.00795  0.29574
   0.69487 -0.00757  0.29182
   0.70943 -0.00719  0.28637
   0.72400 -0.00682  0.28263
   0.73857 -0.00645  0.27808
   0.75313 -0.00608  0.27299
   0.76769 -0.00572  0.26932
   0.78225 -0.00536  0.26424
   0.79682 -0.00501  0.26011
   0.81139 -0.00465  0.25544
   0.82596 -0.00430  0.25149
   0.84053 -0.00396  0.24651
   0.85510 -0.00361  0.24311
   0.86966 -0.00327  0.23705
   0.88420 -0.00292  0.23336
   0.89871 -0.00256  0.22885
   0.91316 -0.00218  0.22596
   0.92757 -0.00176  0.22469
   0.94198 -0.00130  0.22949
   0.95633 -0.00081  0.23990
   0.97033 -0.00035  0.25506
   0.98333 -0.00002  0.28065
   0.99428  0.00008  0.30846
   1.00001  0.00000  0.30164
