                                                
 Alfa =  10.00000 Re =  4000000.000 Xflap,Yflap =     0.000000    0.000000
#    x        y        Cp  
   1.00000  0.00000  0.28487
   0.99393  0.00057  0.20110
   0.98431  0.00152  0.17118
   0.97400  0.00260  0.15250
   0.96291  0.00384  0.13527
   0.95091  0.00525  0.11938
   0.93792  0.00688  0.10424
   0.92383  0.00876  0.08729
   0.90859  0.01092  0.06822
   0.89227  0.01339  0.04601
   0.87507  0.01615  0.01751
   0.85738  0.01913 -0.01121
   0.83982  0.02221 -0.04391
   0.82226  0.02535 -0.07502
   0.80456  0.02857 -0.10688
   0.78693  0.03179 -0.13344
   0.76947  0.03500 -0.15591
   0.75217  0.03822 -0.18029
   0.73499  0.04148 -0.20341
   0.71792  0.04480 -0.23032
   0.70094  0.04821 -0.26125
   0.68403  0.05171 -0.30321
   0.66717  0.05528 -0.35069
   0.65035  0.05889 -0.40293
   0.63353  0.06249 -0.45888
   0.61670  0.06605 -0.51561
   0.59983  0.06953 -0.57124
   0.58291  0.07291 -0.62083
   0.56592  0.07617 -0.66746
   0.54886  0.07933 -0.71388
   0.53173  0.08240 -0.76027
   0.51456  0.08536 -0.80743
   0.49735  0.08824 -0.85814
   0.48015  0.09101 -0.91319
   0.46296  0.09368 -0.97207
   0.44581  0.09623 -1.03417
   0.42872  0.09865 -1.10008
   0.41170  0.10092 -1.17005
   0.39476  0.10304 -1.24710
   0.37790  0.10499 -1.33165
   0.36114  0.10674 -1.42216
   0.34452  0.10826 -1.51488
   0.32807  0.10951 -1.61057
   0.31186  0.11048 -1.70523
   0.29594  0.11114 -1.80095
   0.28037  0.11147 -1.89491
   0.26507  0.11147 -1.98181
   0.24989  0.11110 -2.05295
   0.23452  0.11033 -2.08841
   0.21871  0.10919 -2.11585
   0.20250  0.10774 -2.16225
   0.18630  0.10609 -2.28155
   0.17067  0.10421 -2.44108
   0.15584  0.10207 -2.61116
   0.14181  0.09961 -2.78467
   0.12848  0.09677 -2.95343
   0.11580  0.09351 -3.09855
   0.10376  0.08980 -3.20629
   0.09236  0.08563 -3.24167
   0.08150  0.08100 -3.22162
   0.07080  0.07576 -3.13192
   0.05968  0.06964 -2.97165
   0.04889  0.06322 -2.94087
   0.04016  0.05771 -3.18149
   0.03343  0.05299 -3.40668
   0.02796  0.04861 -3.54952
   0.02332  0.04422 -3.43901
   0.01910  0.03951 -3.00860
   0.01514  0.03460 -2.59280
   0.01156  0.02999 -2.42848
   0.00855  0.02600 -2.48677
   0.00611  0.02261 -2.58900
   0.00415  0.01965 -2.70540
   0.00256  0.01702 -2.83265
   0.00130  0.01464 -2.96693
   0.00030  0.01246 -3.08973
  -0.00045  0.01044 -3.20738
  -0.00098  0.00855 -3.27134
  -0.00129  0.00678 -3.27475
  -0.00139  0.00509 -3.15031
  -0.00126  0.00350 -2.86368
  -0.00090  0.00197 -2.37424
  -0.00029  0.00051 -1.71518
   0.00062 -0.00090 -0.92956
   0.00184 -0.00226 -0.25448
   0.00338 -0.00359  0.23946
   0.00528 -0.00490  0.57256
   0.00756 -0.00618  0.78759
   0.01027 -0.00743  0.91476
   0.01343 -0.00863  0.97928
   0.01704 -0.00970  0.99982
   0.02117 -0.01060  0.98985
   0.02594 -0.01132  0.96140
   0.03156 -0.01187  0.92125
   0.03830 -0.01221  0.87486
   0.04649 -0.01226  0.82675
   0.05634 -0.01199  0.77805
   0.06775 -0.01132  0.73156
   0.08039 -0.01015  0.69820
   0.09426 -0.00857  0.68095
   0.10951 -0.00687  0.65756
   0.12592 -0.00524  0.62198
   0.14263 -0.00363  0.58189
   0.15838 -0.00202  0.53657
   0.17243 -0.00026  0.49244
   0.18489  0.00180  0.46286
   0.19617  0.00429  0.45319
   0.20667  0.00729  0.48302
   0.21677  0.01074  0.53564
   0.22678  0.01444  0.58945
   0.23695  0.01821  0.63781
   0.24755  0.02184  0.67564
   0.25884  0.02508  0.69080
   0.27106  0.02789  0.69078
   0.28440  0.03032  0.68350
   0.29897  0.03246  0.67236
   0.31461  0.03439  0.66554
   0.33092  0.03605  0.66034
   0.34744  0.03736  0.65500
   0.36382  0.03830  0.64909
   0.37989  0.03887  0.64150
   0.39568  0.03910  0.63263
   0.41134  0.03899  0.62034
   0.42709  0.03859  0.60485
   0.44309  0.03794  0.58768
   0.45950  0.03709  0.56857
   0.47638  0.03608  0.54900
   0.49371  0.03499  0.52937
   0.51135  0.03390  0.51504
   0.52906  0.03283  0.50492
   0.54665  0.03173  0.49678
   0.56399  0.03059  0.48901
   0.58106  0.02935  0.48113
   0.59791  0.02798  0.47105
   0.61465  0.02645  0.45643
   0.63138  0.02477  0.43792
   0.64821  0.02296  0.41770
   0.66521  0.02108  0.39548
   0.68239  0.01915  0.37283
   0.69977  0.01722  0.35050
   0.71729  0.01535  0.33136
   0.73488  0.01354  0.31342
   0.75251  0.01178  0.29657
   0.77014  0.01008  0.27996
   0.78780  0.00842  0.26227
   0.80549  0.00680  0.24280
   0.82327  0.00523  0.22042
   0.84111  0.00374  0.19711
   0.85886  0.00239  0.17443
   0.87630  0.00123  0.15311
   0.89316  0.00031  0.13644
   0.90916 -0.00035  0.12405
   0.92415 -0.00078  0.11818
   0.93806 -0.00100  0.11641
   0.95094 -0.00106  0.11845
   0.96287 -0.00099  0.12611
   0.97395 -0.00082  0.13670
   0.98426 -0.00056  0.15658
   0.99390 -0.00024  0.18786
   1.00000  0.00000  0.28487
