                                                
 Alfa =  10.00000 Re =  4000000.000 Xflap,Yflap =     0.000000    0.000000
#    x        y        Cp  
   1.00000  0.00000  0.16522
   0.99435  0.00052  0.03037
   0.98484  0.00139  0.01945
   0.97382  0.00240  0.01357
   0.96094  0.00356 -0.01369
   0.94626  0.00488 -0.03512
   0.93153  0.00620 -0.05459
   0.91685  0.00751 -0.07294
   0.90180  0.00885 -0.09782
   0.88657  0.01022 -0.11205
   0.87140  0.01161 -0.13296
   0.85617  0.01302 -0.15812
   0.84098  0.01447 -0.18853
   0.82594  0.01588 -0.21969
   0.81098  0.01720 -0.25214
   0.79582  0.01835 -0.25097
   0.78039  0.01942 -0.22005
   0.76530  0.02063 -0.19816
   0.75078  0.02229 -0.23446
   0.73830  0.02425 -0.43880
   0.72722  0.02587 -0.67451
   0.71627  0.02682 -0.82695
   0.70386  0.02671 -0.80546
   0.68767  0.02468 -0.45916
   0.67441  0.02210 -0.16073
   0.66419  0.01990  0.03895
   0.65570  0.01807  0.20070
   0.64836  0.01657  0.33373
   0.64184  0.01537  0.44234
   0.63594  0.01445  0.54387
   0.63055  0.01381  0.62790
   0.62559  0.01345  0.70229
   0.62098  0.01339  0.76706
   0.61670  0.01368  0.81875
   0.61271  0.01438  0.86056
   0.60899  0.01563  0.89102
   0.60553  0.01770  0.90839
   0.60239  0.02132  0.89630
   0.60022  0.02946  0.68921
   0.59969  0.03589 -1.59965
   0.59776  0.03910 -4.30805
   0.59493  0.04091 -4.41694
   0.59138  0.04186 -3.55224
   0.58710  0.04214 -2.71011
   0.58198  0.04185 -2.00319
   0.57580  0.04101 -1.43428
   0.56809  0.03958 -0.95613
   0.55774  0.03748 -0.48979
   0.54273  0.03525 -0.15010
   0.53019  0.03492 -0.13974
   0.51943  0.03574 -0.27560
   0.50772  0.03729 -0.56876
   0.49473  0.03875 -0.81132
   0.48231  0.03942 -0.80704
   0.46933  0.03966 -0.75919
   0.45511  0.03971 -0.69839
   0.43984  0.03980 -0.68385
   0.42489  0.04003 -0.72308
   0.40989  0.04028 -0.76991
   0.39473  0.04047 -0.81313
   0.37969  0.04052 -0.83612
   0.36457  0.04045 -0.85578
   0.34932  0.04030 -0.87665
   0.33397  0.04006 -0.89746
   0.31863  0.03975 -0.92692
   0.30332  0.03937 -0.95340
   0.28805  0.03890 -0.98416
   0.27279  0.03836 -1.01499
   0.25753  0.03773 -1.04911
   0.24227  0.03701 -1.08566
   0.22701  0.03620 -1.12566
   0.21176  0.03531 -1.16831
   0.19652  0.03431 -1.21541
   0.18130  0.03322 -1.27103
   0.16610  0.03203 -1.33182
   0.15092  0.03072 -1.40148
   0.13575  0.02929 -1.48350
   0.12060  0.02772 -1.57948
   0.10547  0.02601 -1.69488
   0.09042  0.02413 -1.84517
   0.07548  0.02207 -2.04007
   0.06061  0.01974 -2.29716
   0.04589  0.01711 -2.67056
   0.03162  0.01414 -3.24638
   0.01778  0.01064 -4.59196
   0.00751  0.00698 -7.73808
   0.00296  0.00440-12.93754
   0.00098  0.00250-18.31237
   0.00012  0.00099-27.77412
   0.00007 -0.00037-26.27702
   0.00085 -0.00168-10.52718
   0.00264 -0.00312 -3.32296
   0.00655 -0.00493 -0.15238
   0.01561 -0.00714  0.88352
   0.02983 -0.00923  0.99982
   0.04421 -0.01082  0.96514
   0.05921 -0.01218  0.90858
   0.07440 -0.01332  0.85320
   0.08955 -0.01429  0.80349
   0.10477 -0.01514  0.75902
   0.12005 -0.01588  0.71942
   0.13536 -0.01654  0.68394
   0.15066 -0.01712  0.65179
   0.16596 -0.01764  0.62277
   0.18126 -0.01810  0.59593
   0.19657 -0.01850  0.57056
   0.21188 -0.01884  0.54852
   0.22720 -0.01912  0.52718
   0.24252 -0.01936  0.50786
   0.25785 -0.01954  0.48905
   0.27319 -0.01968  0.47286
   0.28852 -0.01978  0.45609
   0.30386 -0.01983  0.44081
   0.31919 -0.01984  0.42575
   0.33451 -0.01980  0.41140
   0.34983 -0.01970  0.39842
   0.36514 -0.01955  0.38751
   0.38046 -0.01934  0.37474
   0.39579 -0.01908  0.36750
   0.41112 -0.01878  0.35735
   0.42645 -0.01843  0.34869
   0.44178 -0.01805  0.34037
   0.45711 -0.01762  0.33203
   0.47244 -0.01715  0.32666
   0.48777 -0.01663  0.31960
   0.50311 -0.01609  0.31309
   0.51844 -0.01551  0.31034
   0.53378 -0.01489  0.30429
   0.54912 -0.01425  0.30046
   0.56446 -0.01359  0.29606
   0.57981 -0.01289  0.29230
   0.59515 -0.01218  0.28856
   0.61050 -0.01145  0.28627
   0.62586 -0.01071  0.28349
   0.64121 -0.00995  0.28106
   0.65657 -0.00918  0.27812
   0.67193 -0.00840  0.27559
   0.68729 -0.00762  0.27280
   0.70266 -0.00683  0.27020
   0.71802 -0.00604  0.27016
   0.73337 -0.00526  0.27137
   0.74871 -0.00450  0.27390
   0.76405 -0.00376  0.27210
   0.77938 -0.00304  0.26946
   0.79471 -0.00234  0.27039
   0.81006 -0.00167  0.26734
   0.82543 -0.00103  0.26832
   0.84079 -0.00043  0.27033
   0.85610  0.00012  0.26617
   0.87129  0.00060  0.26969
   0.88641  0.00102  0.26679
   0.90162  0.00138  0.26639
   0.91680  0.00166  0.26956
   0.93168  0.00182  0.26865
   0.94670  0.00181  0.26636
   0.96120  0.00160  0.25020
   0.97391  0.00124  0.23422
   0.98485  0.00081  0.19399
   0.99433  0.00033  0.14404
   1.00000  0.00000  0.16522
