                                                
 Alfa =  10.00000 Re =  4000000.000 Xflap,Yflap =     0.000000    0.000000
#    x        y        Cp  
   1.00000  0.00080  0.50575
   0.99077  0.00380  0.30412
   0.97580  0.00875  0.22257
   0.95939  0.01429  0.14973
   0.94160  0.02043  0.07624
   0.92269  0.02707 -0.00664
   0.90291  0.03395 -0.09285
   0.88234  0.04089 -0.16652
   0.86079  0.04787 -0.22735
   0.83809  0.05497 -0.28337
   0.81423  0.06222 -0.33798
   0.78939  0.06961 -0.39537
   0.76411  0.07703 -0.46240
   0.73891  0.08430 -0.53343
   0.71404  0.09131 -0.60665
   0.68945  0.09807 -0.68090
   0.66490  0.10463 -0.75548
   0.64020  0.11103 -0.83358
   0.61546  0.11726 -0.91862
   0.59116  0.12320 -1.01363
   0.56791  0.12873 -1.12937
   0.54610  0.13369 -1.25318
   0.52565  0.13804 -1.37586
   0.50628  0.14182 -1.49275
   0.48764  0.14507 -1.60010
   0.46938  0.14784 -1.68526
   0.45119  0.15018 -1.75843
   0.43291  0.15215 -1.82411
   0.41446  0.15376 -1.88863
   0.39589  0.15501 -1.95106
   0.37737  0.15592 -2.01998
   0.35913  0.15646 -2.09698
   0.34133  0.15665 -2.17407
   0.32400  0.15647 -2.24795
   0.30711  0.15593 -2.31746
   0.29054  0.15503 -2.38072
   0.27414  0.15376 -2.42743
   0.25775  0.15212 -2.46396
   0.24134  0.15011 -2.49764
   0.22497  0.14777 -2.53381
   0.20887  0.14516 -2.57947
   0.19333  0.14236 -2.64036
   0.17865  0.13949 -2.74298
   0.16502  0.13659 -2.88005
   0.15250  0.13363 -3.01967
   0.14100  0.13062 -3.15401
   0.13044  0.12753 -3.27637
   0.12068  0.12437 -3.39061
   0.11164  0.12112 -3.48192
   0.10321  0.11778 -3.55499
   0.09529  0.11431 -3.59562
   0.08780  0.11071 -3.58763
   0.08068  0.10697 -3.50405
   0.07388  0.10316 -3.41906
   0.06740  0.09937 -3.36991
   0.06128  0.09568 -3.44268
   0.05559  0.09212 -3.59848
   0.05033  0.08864 -3.75355
   0.04550  0.08518 -3.88375
   0.04106  0.08170 -3.93843
   0.03695  0.07815 -3.88850
   0.03313  0.07455 -3.79516
   0.02956  0.07091 -3.68253
   0.02623  0.06723 -3.55570
   0.02311  0.06355 -3.43180
   0.02020  0.05987 -3.31599
   0.01749  0.05623 -3.22870
   0.01499  0.05261 -3.16487
   0.01269  0.04904 -3.08956
   0.01060  0.04549 -3.00147
   0.00871  0.04196 -2.89228
   0.00702  0.03844 -2.76023
   0.00552  0.03495 -2.60699
   0.00421  0.03149 -2.44847
   0.00307  0.02805 -2.28046
   0.00211  0.02465 -2.10975
   0.00131  0.02128 -1.93640
   0.00068  0.01795 -1.75522
   0.00020  0.01464 -1.57528
  -0.00012  0.01137 -1.39022
  -0.00028  0.00813 -1.20319
  -0.00028  0.00491 -1.01242
  -0.00012  0.00172 -0.82229
   0.00020 -0.00146 -0.62608
   0.00068 -0.00462 -0.43400
   0.00133 -0.00776 -0.24754
   0.00213 -0.01088 -0.07273
   0.00310 -0.01398  0.09185
   0.00423 -0.01706  0.24323
   0.00553 -0.02011  0.38104
   0.00699 -0.02313  0.50609
   0.00864 -0.02611  0.61773
   0.01047 -0.02905  0.71483
   0.01249 -0.03192  0.79809
   0.01471 -0.03473  0.86685
   0.01714 -0.03745  0.92154
   0.01979 -0.04008  0.96113
   0.02266 -0.04261  0.98629
   0.02574 -0.04506  0.99824
   0.02905 -0.04741  0.99913
   0.03258 -0.04968  0.99088
   0.03634 -0.05186  0.97517
   0.04033 -0.05395  0.95367
   0.04459 -0.05595  0.92777
   0.04912 -0.05785  0.89897
   0.05396 -0.05966  0.86876
   0.05912 -0.06137  0.83898
   0.06467 -0.06301  0.81084
   0.07065 -0.06459  0.78433
   0.07710 -0.06618  0.75900
   0.08404 -0.06783  0.72972
   0.09141 -0.06956  0.69008
   0.09916 -0.07129  0.64479
   0.10728 -0.07290  0.59809
   0.11588 -0.07429  0.56156
   0.12510 -0.07548  0.53264
   0.13515 -0.07648  0.50893
   0.14624 -0.07731  0.48906
   0.15850 -0.07803  0.46836
   0.17180 -0.07869  0.43621
   0.18573 -0.07919  0.39929
   0.19991 -0.07944  0.36316
   0.21425 -0.07932  0.33564
   0.22892 -0.07880  0.31993
   0.24419 -0.07787  0.31074
   0.26036 -0.07652  0.30761
   0.27779 -0.07469  0.30948
   0.29684 -0.07236  0.31581
   0.31778 -0.06951  0.32279
   0.34058 -0.06615  0.32976
   0.36490 -0.06234  0.33814
   0.39032 -0.05818  0.34765
   0.41649 -0.05378  0.35634
   0.44327 -0.04921  0.36372
   0.47052 -0.04450  0.37149
   0.49793 -0.03971  0.38053
   0.52503 -0.03492  0.39277
   0.55146 -0.03027  0.40583
   0.57715 -0.02585  0.41842
   0.60227 -0.02169  0.42918
   0.62713 -0.01779  0.43652
   0.65197 -0.01410  0.44240
   0.67679 -0.01061  0.44853
   0.70138 -0.00733  0.45563
   0.72532 -0.00431  0.46582
   0.74829 -0.00164  0.47650
   0.77020  0.00062  0.48544
   0.79107  0.00246  0.49251
   0.81104  0.00387  0.49705
   0.83026  0.00486  0.49850
   0.84887  0.00546  0.49786
   0.86706  0.00569  0.49421
   0.88501  0.00553  0.48719
   0.90293  0.00498  0.47359
   0.92103  0.00405  0.44933
   0.93932  0.00290  0.42244
   0.95737  0.00172  0.40188
   0.97451  0.00066  0.39476
   0.99029 -0.00026  0.40214
   1.00000 -0.00080  0.50575
