                                                
 Alfa =  10.00000 Re =  4000000.000 Xflap,Yflap =     0.000000    0.000000
#    x        y        Cp  
   1.00000  0.00000  0.48385
   0.99392  0.00130  0.31349
   0.98383  0.00345  0.23181
   0.97233  0.00590  0.17467
   0.95919  0.00869  0.12521
   0.94439  0.01183  0.07924
   0.92844  0.01521  0.03502
   0.91209  0.01866 -0.00572
   0.89587  0.02205 -0.04293
   0.87983  0.02537 -0.07694
   0.86386  0.02864 -0.10955
   0.84788  0.03188 -0.13970
   0.83183  0.03510 -0.17002
   0.81568  0.03831 -0.20004
   0.79942  0.04151 -0.22937
   0.78309  0.04469 -0.25904
   0.76673  0.04784 -0.28849
   0.75036  0.05096 -0.31843
   0.73400  0.05404 -0.34809
   0.71767  0.05707 -0.37860
   0.70137  0.06006 -0.40856
   0.68508  0.06301 -0.43935
   0.66881  0.06590 -0.47108
   0.65254  0.06876 -0.50268
   0.63626  0.07157 -0.53512
   0.61998  0.07433 -0.56902
   0.60370  0.07704 -0.60322
   0.58744  0.07970 -0.63921
   0.57121  0.08230 -0.67646
   0.55500  0.08483 -0.71466
   0.53882  0.08729 -0.75366
   0.52267  0.08969 -0.79431
   0.50652  0.09200 -0.83629
   0.49037  0.09425 -0.87806
   0.47418  0.09641 -0.92102
   0.45796  0.09851 -0.96648
   0.44170  0.10053 -1.01400
   0.42541  0.10249 -1.06631
   0.40912  0.10437 -1.12350
   0.39287  0.10619 -1.19043
   0.37669  0.10791 -1.26965
   0.36064  0.10952 -1.35567
   0.34475  0.11097 -1.44812
   0.32904  0.11224 -1.54492
   0.31354  0.11331 -1.64802
   0.29825  0.11416 -1.75439
   0.28318  0.11475 -1.86940
   0.26836  0.11508 -1.98818
   0.25379  0.11511 -2.10808
   0.23947  0.11481 -2.22591
   0.22540  0.11418 -2.34156
   0.21157  0.11318 -2.45091
   0.19797  0.11181 -2.55030
   0.18460  0.11004 -2.63390
   0.17143  0.10788 -2.70752
   0.15844  0.10532 -2.77173
   0.14557  0.10235 -2.83337
   0.13278  0.09894 -2.89241
   0.12013  0.09509 -2.94883
   0.10782  0.09084 -3.00529
   0.09617  0.08634 -3.08720
   0.08543  0.08167 -3.21068
   0.07561  0.07680 -3.29075
   0.06645  0.07155 -3.23566
   0.05773  0.06583 -3.09266
   0.04943  0.05971 -2.91373
   0.04175  0.05346 -2.72336
   0.03489  0.04738 -2.55854
   0.02886  0.04167 -2.42707
   0.02358  0.03637 -2.32762
   0.01895  0.03147 -2.25315
   0.01494  0.02708 -2.22757
   0.01159  0.02331 -2.30996
   0.00883  0.02013 -2.53890
   0.00660  0.01738 -2.77968
   0.00479  0.01496 -3.02564
   0.00333  0.01276 -3.27027
   0.00216  0.01073 -3.49951
   0.00123  0.00884 -3.69726
   0.00054  0.00704 -3.84978
   0.00006  0.00532 -3.90125
  -0.00020  0.00367 -3.82821
  -0.00026  0.00205 -3.56833
  -0.00009  0.00047 -3.09968
   0.00031 -0.00110 -2.39809
   0.00095 -0.00266 -1.65435
   0.00183 -0.00423 -0.99579
   0.00295 -0.00580 -0.45100
   0.00433 -0.00739 -0.01342
   0.00600 -0.00900  0.31932
   0.00799 -0.01062  0.57199
   0.01035 -0.01223  0.75501
   0.01312 -0.01379  0.88133
   0.01635 -0.01523  0.95909
   0.02016 -0.01653  0.99428
   0.02468 -0.01774  0.99913
   0.03010 -0.01902  0.98584
   0.03659 -0.02043  0.95917
   0.04423 -0.02188  0.92172
   0.05302 -0.02326  0.87828
   0.06320 -0.02450  0.83544
   0.07520 -0.02565  0.79462
   0.08899 -0.02681  0.75026
   0.10370 -0.02788  0.70691
   0.11873 -0.02881  0.66794
   0.13396 -0.02955  0.63291
   0.14935 -0.03012  0.60313
   0.16500 -0.03050  0.57893
   0.18100 -0.03074  0.55909
   0.19740 -0.03090  0.54161
   0.21409 -0.03104  0.52271
   0.23088 -0.03115  0.50409
   0.24768 -0.03124  0.48556
   0.26441 -0.03128  0.46835
   0.28100 -0.03128  0.45232
   0.29746 -0.03122  0.43756
   0.31385 -0.03109  0.42501
   0.33024 -0.03091  0.41415
   0.34669 -0.03069  0.40438
   0.36322 -0.03043  0.39481
   0.37985 -0.03014  0.38640
   0.39657 -0.02984  0.37760
   0.41335 -0.02954  0.36769
   0.43012 -0.02924  0.35737
   0.44686 -0.02892  0.34677
   0.46354 -0.02859  0.33687
   0.48016 -0.02823  0.32679
   0.49671 -0.02784  0.31758
   0.51323 -0.02740  0.30941
   0.52973 -0.02691  0.30240
   0.54624 -0.02639  0.29594
   0.56277 -0.02582  0.28949
   0.57933 -0.02522  0.28449
   0.59593 -0.02459  0.27843
   0.61254 -0.02392  0.27385
   0.62916 -0.02322  0.26833
   0.64578 -0.02249  0.26369
   0.66240 -0.02173  0.25889
   0.67900 -0.02094  0.25529
   0.69560 -0.02012  0.25047
   0.71219 -0.01927  0.24742
   0.72878 -0.01838  0.24409
   0.74537 -0.01746  0.24123
   0.76196 -0.01650  0.23870
   0.77854 -0.01551  0.23705
   0.79510 -0.01449  0.23582
   0.81163 -0.01342  0.23591
   0.82812 -0.01233  0.23679
   0.84457 -0.01121  0.23880
   0.86100 -0.01008  0.24072
   0.87744 -0.00893  0.24323
   0.89394 -0.00777  0.24652
   0.91056 -0.00661  0.24949
   0.92723 -0.00544  0.25239
   0.94345 -0.00429  0.25956
   0.95847 -0.00319  0.26910
   0.97183 -0.00219  0.28596
   0.98353 -0.00129  0.30998
   0.99381 -0.00049  0.35608
   1.00000  0.00000  0.48385
