                                                
 Alfa =  10.00000 Re =  4000000.000 Xflap,Yflap =     0.000000    0.000000
#    x        y        Cp  
   1.00000  0.00000  0.34404
   0.99422  0.00086  0.28818
   0.98361  0.00271  0.21005
   0.97091  0.00516  0.13373
   0.95698  0.00792  0.07021
   0.94271  0.01071  0.02002
   0.92830  0.01345 -0.01666
   0.91376  0.01615 -0.04836
   0.89911  0.01883 -0.07516
   0.88438  0.02149 -0.10081
   0.86961  0.02414 -0.12654
   0.85483  0.02678 -0.15218
   0.84004  0.02942 -0.17766
   0.82526  0.03204 -0.20456
   0.81048  0.03466 -0.22821
   0.79570  0.03726 -0.25556
   0.78091  0.03985 -0.28191
   0.76612  0.04243 -0.30860
   0.75135  0.04499 -0.33645
   0.73658  0.04754 -0.36615
   0.72183  0.05006 -0.39372
   0.70709  0.05256 -0.42511
   0.69235  0.05504 -0.45474
   0.67761  0.05748 -0.48793
   0.66289  0.05990 -0.52066
   0.64818  0.06228 -0.55540
   0.63349  0.06461 -0.59160
   0.61881  0.06690 -0.63023
   0.60415  0.06914 -0.66830
   0.58951  0.07131 -0.71070
   0.57492  0.07342 -0.75417
   0.56036  0.07544 -0.79964
   0.54586  0.07737 -0.84594
   0.53140  0.07918 -0.89254
   0.51698  0.08088 -0.93786
   0.50258  0.08246 -0.98376
   0.48821  0.08390 -1.02895
   0.47385  0.08520 -1.07218
   0.45950  0.08636 -1.11485
   0.44515  0.08737 -1.15736
   0.43082  0.08823 -1.19928
   0.41650  0.08894 -1.24042
   0.40220  0.08948 -1.28068
   0.38791  0.08986 -1.32041
   0.37364  0.09007 -1.35952
   0.35939  0.09011 -1.39693
   0.34515  0.08997 -1.43406
   0.33094  0.08966 -1.46902
   0.31675  0.08916 -1.50287
   0.30257  0.08848 -1.53465
   0.28839  0.08761 -1.56527
   0.27421  0.08656 -1.59463
   0.26003  0.08533 -1.62634
   0.24587  0.08392 -1.66040
   0.23175  0.08234 -1.69641
   0.21768  0.08057 -1.73515
   0.20366  0.07862 -1.77677
   0.18970  0.07647 -1.82090
   0.17581  0.07414 -1.87098
   0.16203  0.07160 -1.92645
   0.14837  0.06885 -1.98656
   0.13484  0.06588 -2.05295
   0.12146  0.06268 -2.12646
   0.10828  0.05924 -2.21115
   0.09538  0.05555 -2.30868
   0.08276  0.05160 -2.41925
   0.07046  0.04735 -2.54945
   0.05875  0.04288 -2.70479
   0.04797  0.03830 -2.88659
   0.03806  0.03357 -3.09442
   0.02907  0.02871 -3.33385
   0.02194  0.02436 -3.63296
   0.01668  0.02072 -3.97124
   0.01256  0.01745 -4.24709
   0.00912  0.01431 -4.43709
   0.00629  0.01136 -4.61180
   0.00412  0.00885 -4.98167
   0.00250  0.00678 -5.98476
   0.00135  0.00500 -7.12113
   0.00059  0.00338 -8.04296
   0.00016  0.00182 -8.33990
   0.00007  0.00026 -7.37632
   0.00030 -0.00135 -5.77065
   0.00085 -0.00301 -4.27752
   0.00176 -0.00467 -2.94218
   0.00308 -0.00627 -1.62511
   0.00492 -0.00778 -0.49691
   0.00740 -0.00924  0.25838
   0.01064 -0.01076  0.66399
   0.01475 -0.01252  0.85668
   0.01989 -0.01448  0.95898
   0.02615 -0.01648  0.99799
   0.03391 -0.01846  0.99132
   0.04377 -0.02046  0.95518
   0.05555 -0.02245  0.90265
   0.06814 -0.02418  0.84799
   0.08118 -0.02562  0.79733
   0.09478 -0.02683  0.75127
   0.10878 -0.02784  0.70935
   0.12296 -0.02866  0.67260
   0.13724 -0.02930  0.63975
   0.15162 -0.02981  0.61087
   0.16612 -0.03018  0.58466
   0.18069 -0.03044  0.56117
   0.19532 -0.03060  0.53984
   0.20998 -0.03067  0.52041
   0.22469 -0.03065  0.50299
   0.23943 -0.03056  0.48691
   0.25420 -0.03041  0.47203
   0.26900 -0.03019  0.45803
   0.28381 -0.02991  0.44485
   0.29862 -0.02958  0.43342
   0.31343 -0.02919  0.42172
   0.32824 -0.02875  0.41132
   0.34305 -0.02825  0.40205
   0.35786 -0.02770  0.39399
   0.37269 -0.02710  0.38687
   0.38755 -0.02645  0.38029
   0.40243 -0.02576  0.37463
   0.41733 -0.02504  0.36967
   0.43226 -0.02428  0.36520
   0.44722 -0.02351  0.36076
   0.46220 -0.02271  0.35699
   0.47720 -0.02190  0.35337
   0.49221 -0.02109  0.34979
   0.50724 -0.02027  0.34578
   0.52228 -0.01945  0.34276
   0.53731 -0.01863  0.33924
   0.55234 -0.01781  0.33554
   0.56736 -0.01699  0.33258
   0.58237 -0.01618  0.32949
   0.59738 -0.01538  0.32612
   0.61238 -0.01458  0.32365
   0.62738 -0.01380  0.32039
   0.64237 -0.01302  0.31791
   0.65737 -0.01225  0.31433
   0.67235 -0.01150  0.31189
   0.68734 -0.01076  0.30978
   0.70232 -0.01003  0.30628
   0.71729 -0.00932  0.30430
   0.73226 -0.00862  0.30147
   0.74722 -0.00795  0.29917
   0.76218 -0.00729  0.29664
   0.77713 -0.00665  0.29286
   0.79209 -0.00604  0.29119
   0.80705 -0.00544  0.28829
   0.82201 -0.00486  0.28465
   0.83697 -0.00431  0.28374
   0.85191 -0.00378  0.28045
   0.86685 -0.00327  0.27718
   0.88179 -0.00279  0.27555
   0.89673 -0.00233  0.27080
   0.91169 -0.00189  0.26798
   0.92665 -0.00144  0.26739
   0.94158 -0.00098  0.27036
   0.95633 -0.00053  0.27745
   0.97051 -0.00014  0.29301
   0.98336  0.00011  0.31681
   0.99414  0.00013  0.34344
   1.00000  0.00000  0.34404
