                                                
 Alfa =  10.00000 Re =  4000000.000 Xflap,Yflap =     0.000000    0.000000
#    x        y        Cp  
   1.00000  0.00000  0.52252
   0.99377  0.00157  0.31442
   0.98309  0.00455  0.22577
   0.97021  0.00773  0.18175
   0.95565  0.01133  0.13964
   0.94027  0.01518  0.10047
   0.92462  0.01914  0.06580
   0.90887  0.02320  0.02847
   0.89298  0.02736 -0.00954
   0.87703  0.03156 -0.04611
   0.86131  0.03571 -0.06733
   0.84594  0.03990 -0.10657
   0.83063  0.04416 -0.16352
   0.81527  0.04835 -0.18732
   0.79997  0.05257 -0.21723
   0.78470  0.05689 -0.27998
   0.76932  0.06117 -0.32420
   0.75380  0.06542 -0.34995
   0.73826  0.06973 -0.39939
   0.72275  0.07403 -0.46145
   0.70721  0.07824 -0.49822
   0.69161  0.08244 -0.53496
   0.67609  0.08667 -0.60657
   0.66071  0.09081 -0.68250
   0.64520  0.09484 -0.72958
   0.62944  0.09885 -0.77940
   0.61380  0.10283 -0.86740
   0.59848  0.10661 -0.96075
   0.58312  0.11018 -1.01848
   0.56739  0.11367 -1.07372
   0.55167  0.11709 -1.17457
   0.53643  0.12025 -1.28893
   0.52136  0.12309 -1.36544
   0.50601  0.12573 -1.42733
   0.49061  0.12822 -1.53644
   0.47576  0.13038 -1.67638
   0.46134  0.13211 -1.76947
   0.44673  0.13344 -1.79990
   0.43174  0.13449 -1.84075
   0.41683  0.13526 -1.92816
   0.40228  0.13567 -1.99991
   0.38771  0.13566 -2.00563
   0.37275  0.13530 -1.99566
   0.35764  0.13468 -2.03017
   0.34278  0.13377 -2.07402
   0.32795  0.13251 -2.06426
   0.31273  0.13091 -2.03404
   0.29740  0.12909 -2.07041
   0.28251  0.12709 -2.13179
   0.26781  0.12474 -2.12049
   0.25272  0.12201 -2.07843
   0.23752  0.11909 -2.12296
   0.22283  0.11601 -2.18250
   0.20829  0.11259 -2.16292
   0.19345  0.10881 -2.15254
   0.17887  0.10487 -2.22404
   0.16477  0.10072 -2.25482
   0.15055  0.09613 -2.21727
   0.13636  0.09131 -2.27620
   0.12281  0.08635 -2.35307
   0.10943  0.08099 -2.31683
   0.09611  0.07530 -2.37287
   0.08358  0.06957 -2.48008
   0.07151  0.06347 -2.44019
   0.05993  0.05724 -2.54800
   0.04963  0.05121 -2.67911
   0.04036  0.04518 -2.64268
   0.03229  0.03958 -2.81061
   0.02573  0.03459 -2.99149
   0.02039  0.03006 -3.00720
   0.01600  0.02602 -3.09904
   0.01243  0.02249 -3.33052
   0.00955  0.01935 -3.51297
   0.00722  0.01650 -3.63468
   0.00530  0.01390 -3.73522
   0.00371  0.01151 -3.98038
   0.00241  0.00930 -4.33986
   0.00139  0.00721 -4.63342
   0.00063  0.00522 -4.91840
   0.00014  0.00333 -5.17306
  -0.00007  0.00153 -5.21409
   0.00003 -0.00023 -4.73880
   0.00048 -0.00199 -3.52810
   0.00126 -0.00380 -2.40342
   0.00238 -0.00561 -1.49296
   0.00382 -0.00741 -0.75092
   0.00562 -0.00918 -0.15880
   0.00781 -0.01093  0.27824
   0.01042 -0.01275  0.56475
   0.01349 -0.01469  0.74375
   0.01713 -0.01673  0.86744
   0.02152 -0.01884  0.94906
   0.02693 -0.02113  0.98965
   0.03353 -0.02374  0.99988
   0.04142 -0.02648  0.98623
   0.05106 -0.02936  0.95610
   0.06238 -0.03248  0.91075
   0.07473 -0.03544  0.86234
   0.08849 -0.03835  0.81497
   0.10265 -0.04114  0.75978
   0.11697 -0.04355  0.72153
   0.13184 -0.04592  0.67807
   0.14637 -0.04809  0.62646
   0.16096 -0.04986  0.60122
   0.17625 -0.05155  0.57382
   0.19158 -0.05322  0.53075
   0.20689 -0.05465  0.50204
   0.22278 -0.05593  0.48052
   0.23882 -0.05714  0.44718
   0.25452 -0.05817  0.41739
   0.27036 -0.05899  0.40062
   0.28654 -0.05972  0.37743
   0.30249 -0.06034  0.34787
   0.31822 -0.06075  0.32744
   0.33417 -0.06099  0.31442
   0.35030 -0.06113  0.29256
   0.36614 -0.06114  0.26584
   0.38162 -0.06094  0.24695
   0.39699 -0.06050  0.23625
   0.41249 -0.05984  0.23519
   0.42811 -0.05908  0.23433
   0.44318 -0.05840  0.19835
   0.45708 -0.05767  0.14020
   0.47018 -0.05649  0.12054
   0.48335 -0.05470  0.16967
   0.49739 -0.05246  0.22748
   0.51247 -0.05015  0.24602
   0.52800 -0.04785  0.24322
   0.54364 -0.04546  0.24723
   0.55943 -0.04291  0.26101
   0.57533 -0.04023  0.27906
   0.59122 -0.03752  0.29989
   0.60715 -0.03489  0.30937
   0.62321 -0.03230  0.31200
   0.63934 -0.02969  0.32156
   0.65536 -0.02710  0.33607
   0.67136 -0.02460  0.34240
   0.68752 -0.02216  0.34525
   0.70360 -0.01973  0.35766
   0.71935 -0.01742  0.37198
   0.73506 -0.01531  0.37011
   0.75101 -0.01325  0.36903
   0.76686 -0.01120  0.38303
   0.78247 -0.00932  0.39073
   0.79827 -0.00760  0.38499
   0.81422 -0.00590  0.39187
   0.82986 -0.00432  0.40438
   0.84554 -0.00296  0.39876
   0.86148 -0.00166  0.40162
   0.87710 -0.00048  0.41494
   0.89254  0.00047  0.41589
   0.90810  0.00121  0.41472
   0.92349  0.00178  0.42003
   0.93814  0.00210  0.42896
   0.95185  0.00205  0.42089
   0.96466  0.00172  0.39049
   0.97633  0.00144  0.41071
   0.98652  0.00086  0.48153
   0.99483 -0.00056 -0.03961
   1.00000  0.00000  0.52252
