                                                
 Alfa =  10.00000 Re =  4000000.000 Xflap,Yflap =     0.000000    0.000000
#    x        y        Cp  
   1.00000  0.00351  0.29905
   0.99434  0.00443  0.16674
   0.98324  0.00623  0.10527
   0.97001  0.00837  0.05491
   0.95586  0.01066  0.01131
   0.94147  0.01299 -0.02849
   0.92702  0.01534 -0.06349
   0.91260  0.01767 -0.10270
   0.89832  0.01999 -0.14990
   0.88468  0.02211 -0.22049
   0.87102  0.02389 -0.20064
   0.85670  0.02566 -0.19796
   0.84222  0.02745 -0.21064
   0.82768  0.02925 -0.22399
   0.81313  0.03105 -0.23969
   0.79857  0.03285 -0.25675
   0.78400  0.03465 -0.27321
   0.76944  0.03645 -0.29241
   0.75488  0.03825 -0.31107
   0.74031  0.04005 -0.33284
   0.72575  0.04185 -0.35308
   0.71120  0.04364 -0.37834
   0.69670  0.04543 -0.40210
   0.68233  0.04721 -0.43741
   0.66821  0.04893 -0.48342
   0.65414  0.05052 -0.50866
   0.64006  0.05196 -0.52030
   0.62578  0.05331 -0.52105
   0.61134  0.05462 -0.52436
   0.59680  0.05594 -0.53444
   0.58221  0.05725 -0.55054
   0.56761  0.05858 -0.56809
   0.55300  0.05990 -0.58782
   0.53839  0.06122 -0.61065
   0.52378  0.06254 -0.63367
   0.50916  0.06386 -0.66132
   0.49456  0.06518 -0.69134
   0.47999  0.06650 -0.72487
   0.46554  0.06780 -0.76448
   0.45139  0.06908 -0.83122
   0.43716  0.07022 -0.85431
   0.42284  0.07131 -0.89591
   0.40856  0.07231 -0.93198
   0.39427  0.07322 -0.96835
   0.37996  0.07405 -1.00435
   0.36566  0.07480 -1.04248
   0.35135  0.07546 -1.08076
   0.33705  0.07603 -1.12151
   0.32275  0.07652 -1.16421
   0.30847  0.07691 -1.21124
   0.29421  0.07721 -1.25904
   0.27997  0.07740 -1.31159
   0.26577  0.07749 -1.36599
   0.25161  0.07745 -1.42659
   0.23749  0.07729 -1.48778
   0.22342  0.07700 -1.55471
   0.20940  0.07655 -1.62588
   0.19545  0.07595 -1.70159
   0.18156  0.07518 -1.78087
   0.16775  0.07423 -1.86988
   0.15403  0.07308 -1.96318
   0.14040  0.07173 -2.06631
   0.12690  0.07015 -2.18249
   0.11355  0.06833 -2.30844
   0.10037  0.06625 -2.45380
   0.08742  0.06390 -2.62054
   0.07475  0.06125 -2.81529
   0.06247  0.05830 -3.05665
   0.05078  0.05505 -3.35333
   0.03997  0.05158 -3.72792
   0.03048  0.04801 -4.19715
   0.02266  0.04456 -4.77239
   0.01658  0.04140 -5.42214
   0.01197  0.03859 -6.17084
   0.00851  0.03607 -6.93470
   0.00588  0.03380 -7.73764
   0.00389  0.03170 -8.52584
   0.00238  0.02976 -9.29838
   0.00128  0.02792-10.03342
   0.00052  0.02619-10.74693
   0.00010  0.02455-11.30259
   0.00001  0.02298-10.99252
   0.00029  0.02140 -9.21988
   0.00099  0.01983 -6.84230
   0.00218  0.01837 -3.84347
   0.00384  0.01704 -1.79016
   0.00596  0.01580 -0.55777
   0.00863  0.01463  0.17996
   0.01205  0.01347  0.60342
   0.01651  0.01225  0.84025
   0.02250  0.01093  0.95902
   0.03054  0.00950  0.99900
   0.04085  0.00806  0.98783
   0.05290  0.00672  0.95095
   0.06602  0.00556  0.90647
   0.07967  0.00457  0.86218
   0.09359  0.00373  0.82109
   0.10767  0.00304  0.78415
   0.12187  0.00246  0.75082
   0.13616  0.00197  0.72093
   0.15052  0.00156  0.69397
   0.16493  0.00122  0.66957
   0.17939  0.00094  0.64730
   0.19387  0.00070  0.62669
   0.20838  0.00051  0.60817
   0.22291  0.00035  0.59064
   0.23746  0.00023  0.57478
   0.25203  0.00014  0.55972
   0.26660  0.00008  0.54595
   0.28120  0.00003  0.53335
   0.29582  0.00001  0.52150
   0.31047 -0.00001  0.51008
   0.32512 -0.00002  0.49905
   0.33977 -0.00002  0.48911
   0.35444 -0.00001  0.47895
   0.36911 -0.00001  0.46921
   0.38378 -0.00001  0.45975
   0.39844 -0.00002  0.45069
   0.41310 -0.00001  0.44194
   0.42773 -0.00001  0.43317
   0.44237 -0.00001  0.42477
   0.45703 -0.00001  0.41727
   0.47169 -0.00001  0.40909
   0.48635 -0.00001  0.40148
   0.50101 -0.00001  0.39405
   0.51566 -0.00001  0.38713
   0.53031 -0.00001  0.37971
   0.54496 -0.00001  0.37266
   0.55962 -0.00001  0.36630
   0.57428 -0.00001  0.35926
   0.58894 -0.00001  0.35322
   0.60360 -0.00001  0.34663
   0.61827 -0.00001  0.34033
   0.63294 -0.00001  0.33379
   0.64760 -0.00001  0.32885
   0.66225 -0.00001  0.32142
   0.67688 -0.00001  0.31654
   0.69151 -0.00001  0.31033
   0.70614 -0.00001  0.30527
   0.72078 -0.00001  0.29985
   0.73542 -0.00001  0.29329
   0.75006 -0.00001  0.28927
   0.76470 -0.00001  0.28260
   0.77935 -0.00001  0.27835
   0.79401 -0.00001  0.27287
   0.80868 -0.00000  0.26708
   0.82335 -0.00000  0.26185
   0.83801 -0.00000  0.25867
   0.85267 -0.00001  0.25178
   0.86733 -0.00001  0.24687
   0.88200 -0.00000  0.24245
   0.89667 -0.00000  0.23767
   0.91134 -0.00000  0.23414
   0.92601 -0.00000  0.23011
   0.94067 -0.00000  0.22770
   0.95524 -0.00000  0.22386
   0.96957 -0.00000  0.22438
   0.98298 -0.00000  0.22791
   0.99425 -0.00000  0.24239
   1.00000  0.00000  0.29905
