                                                
 Alfa =  10.00000 Re =  4000000.000 Xflap,Yflap =     0.000000    0.000000
#    x        y        Cp  
   1.00000  0.00550  0.24372
   0.99461  0.00681  0.11086
   0.98496  0.00914  0.04295
   0.97299  0.01195 -0.02312
   0.95916  0.01513 -0.07436
   0.94492  0.01833 -0.12237
   0.93074  0.02146 -0.16973
   0.91656  0.02452 -0.21291
   0.90233  0.02752 -0.25440
   0.88804  0.03044 -0.29091
   0.87371  0.03327 -0.32710
   0.85936  0.03601 -0.35944
   0.84500  0.03867 -0.39173
   0.83063  0.04123 -0.42301
   0.81625  0.04372 -0.44986
   0.80186  0.04611 -0.48156
   0.78744  0.04842 -0.50758
   0.77300  0.05065 -0.53538
   0.75855  0.05279 -0.55942
   0.74407  0.05486 -0.58491
   0.72958  0.05684 -0.61214
   0.71508  0.05874 -0.63456
   0.70057  0.06056 -0.66158
   0.68605  0.06230 -0.68552
   0.67152  0.06396 -0.70980
   0.65698  0.06553 -0.73387
   0.64244  0.06703 -0.75970
   0.62789  0.06844 -0.78330
   0.61333  0.06977 -0.80795
   0.59877  0.07101 -0.83183
   0.58421  0.07218 -0.85762
   0.56964  0.07325 -0.88112
   0.55507  0.07424 -0.90624
   0.54051  0.07514 -0.93176
   0.52595  0.07596 -0.95657
   0.51139  0.07667 -0.98165
   0.49683  0.07730 -1.00735
   0.48228  0.07783 -1.03137
   0.46773  0.07827 -1.05612
   0.45317  0.07861 -1.08148
   0.43861  0.07885 -1.10620
   0.42406  0.07900 -1.13234
   0.40951  0.07904 -1.15763
   0.39496  0.07899 -1.18511
   0.38044  0.07884 -1.21213
   0.36592  0.07858 -1.23966
   0.35142  0.07822 -1.26615
   0.33692  0.07775 -1.29466
   0.32242  0.07717 -1.32112
   0.30792  0.07648 -1.34900
   0.29341  0.07570 -1.37917
   0.27888  0.07481 -1.41098
   0.26434  0.07382 -1.44588
   0.24981  0.07273 -1.48642
   0.23531  0.07156 -1.53400
   0.22086  0.07028 -1.58770
   0.20646  0.06890 -1.64790
   0.19213  0.06739 -1.71623
   0.17784  0.06576 -1.79243
   0.16362  0.06398 -1.87888
   0.14952  0.06205 -1.97952
   0.13562  0.05996 -2.10107
   0.12199  0.05768 -2.23794
   0.10864  0.05517 -2.38742
   0.09556  0.05240 -2.55116
   0.08272  0.04930 -2.73741
   0.07030  0.04590 -2.94553
   0.05861  0.04223 -3.19226
   0.04780  0.03833 -3.46211
   0.03774  0.03414 -3.77859
   0.02846  0.02961 -4.17782
   0.02083  0.02520 -4.57262
   0.01521  0.02140 -5.04417
   0.01107  0.01810 -5.48662
   0.00787  0.01509 -5.84375
   0.00536  0.01227 -6.05605
   0.00342  0.00971 -6.25120
   0.00195  0.00746 -6.94371
   0.00091  0.00550 -7.89445
   0.00024  0.00374 -8.78313
  -0.00009  0.00211 -9.26717
  -0.00009  0.00056 -8.90747
   0.00028 -0.00095 -7.03590
   0.00102 -0.00244 -4.85846
   0.00216 -0.00389 -3.08203
   0.00372 -0.00519 -1.57053
   0.00579 -0.00624 -0.31391
   0.00848 -0.00707  0.43713
   0.01195 -0.00779  0.77729
   0.01636 -0.00851  0.92904
   0.02203 -0.00911  0.99260
   0.02943 -0.00944  0.99513
   0.03905 -0.00935  0.96152
   0.05082 -0.00882  0.91337
   0.06391 -0.00788  0.86535
   0.07741 -0.00661  0.82508
   0.09129 -0.00510  0.79254
   0.10561 -0.00339  0.76622
   0.12022 -0.00157  0.74487
   0.13489  0.00029  0.72789
   0.14951  0.00214  0.71413
   0.16406  0.00392  0.70152
   0.17859  0.00563  0.69058
   0.19311  0.00725  0.68057
   0.20763  0.00879  0.67122
   0.22212  0.01024  0.66301
   0.23659  0.01159  0.65489
   0.25105  0.01284  0.64694
   0.26553  0.01398  0.63881
   0.28004  0.01501  0.63064
   0.29459  0.01596  0.62237
   0.30918  0.01683  0.61443
   0.32380  0.01761  0.60667
   0.33845  0.01832  0.59900
   0.35311  0.01896  0.59175
   0.36778  0.01953  0.58448
   0.38246  0.02004  0.57773
   0.39716  0.02048  0.57068
   0.41186  0.02085  0.56427
   0.42657  0.02117  0.55751
   0.44128  0.02142  0.55170
   0.45600  0.02161  0.54472
   0.47071  0.02174  0.53899
   0.48543  0.02181  0.53242
   0.50015  0.02183  0.52654
   0.51487  0.02178  0.51996
   0.52960  0.02167  0.51425
   0.54433  0.02151  0.50699
   0.55906  0.02129  0.50180
   0.57380  0.02102  0.49417
   0.58855  0.02069  0.48847
   0.60329  0.02031  0.48230
   0.61803  0.01988  0.47533
   0.63276  0.01939  0.46895
   0.64750  0.01885  0.46174
   0.66224  0.01825  0.45557
   0.67698  0.01761  0.44725
   0.69173  0.01691  0.44050
   0.70649  0.01617  0.43257
   0.72126  0.01538  0.42503
   0.73602  0.01455  0.41668
   0.75080  0.01367  0.40869
   0.76559  0.01276  0.40032
   0.78039  0.01181  0.39278
   0.79520  0.01083  0.38189
   0.81002  0.00982  0.37497
   0.82483  0.00877  0.36529
   0.83963  0.00771  0.35740
   0.85445  0.00661  0.34786
   0.86930  0.00548  0.33894
   0.88417  0.00433  0.32869
   0.89903  0.00316  0.32037
   0.91383  0.00198  0.30854
   0.92851  0.00078  0.30220
   0.94312 -0.00043  0.29081
   0.95777 -0.00168  0.28161
   0.97207 -0.00292  0.27444
   0.98450 -0.00404  0.26549
   0.99447 -0.00497  0.25912
   1.00000 -0.00550  0.24372
