                                                
 Alfa =  10.00000 Re =  4000000.000 Xflap,Yflap =     0.000000    0.000000
#    x        y        Cp  
   1.00000  0.00220  0.60426
   0.99184  0.00539  0.37807
   0.97870  0.01044  0.26214
   0.96438  0.01582  0.16665
   0.94884  0.02152  0.08430
   0.93215  0.02748  0.00820
   0.91447  0.03362 -0.06309
   0.89601  0.03982 -0.13098
   0.87688  0.04604 -0.19416
   0.85719  0.05223 -0.25533
   0.83705  0.05835 -0.31357
   0.81656  0.06437 -0.37100
   0.79585  0.07027 -0.42794
   0.77499  0.07601 -0.48612
   0.75405  0.08158 -0.54455
   0.73309  0.08695 -0.60264
   0.71213  0.09211 -0.66094
   0.69118  0.09705 -0.71851
   0.67025  0.10177 -0.77579
   0.64933  0.10627 -0.83291
   0.62841  0.11055 -0.89084
   0.60751  0.11460 -0.94898
   0.58663  0.11842 -1.00836
   0.56579  0.12201 -1.06891
   0.54501  0.12536 -1.13133
   0.52434  0.12845 -1.19515
   0.50380  0.13130 -1.26208
   0.48345  0.13388 -1.33366
   0.46334  0.13619 -1.40927
   0.44351  0.13821 -1.48659
   0.42401  0.13991 -1.56580
   0.40488  0.14129 -1.64542
   0.38614  0.14236 -1.72777
   0.36782  0.14309 -1.81048
   0.34992  0.14349 -1.89199
   0.33240  0.14354 -1.97047
   0.31524  0.14326 -2.04606
   0.29838  0.14262 -2.11310
   0.28177  0.14164 -2.16882
   0.26540  0.14033 -2.22148
   0.24933  0.13873 -2.27718
   0.23367  0.13686 -2.34704
   0.21853  0.13475 -2.41898
   0.20398  0.13240 -2.49169
   0.19005  0.12983 -2.56054
   0.17675  0.12705 -2.62570
   0.16408  0.12409 -2.68498
   0.15202  0.12095 -2.73759
   0.14054  0.11767 -2.78190
   0.12963  0.11426 -2.81979
   0.11932  0.11077 -2.85871
   0.10961  0.10724 -2.89841
   0.10053  0.10372 -2.94417
   0.09208  0.10023 -3.01282
   0.08425  0.09678 -3.08243
   0.07700  0.09338 -3.15540
   0.07028  0.09001 -3.22496
   0.06406  0.08669 -3.29183
   0.05830  0.08339 -3.34353
   0.05294  0.08010 -3.38724
   0.04796  0.07683 -3.40315
   0.04332  0.07358 -3.40250
   0.03899  0.07034 -3.39556
   0.03495  0.06714 -3.38589
   0.03118  0.06398 -3.37687
   0.02767  0.06088 -3.37791
   0.02440  0.05782 -3.40291
   0.02135  0.05483 -3.47258
   0.01853  0.05186 -3.52927
   0.01594  0.04889 -3.56336
   0.01356  0.04592 -3.55400
   0.01139  0.04293 -3.48752
   0.00942  0.03993 -3.38263
   0.00765  0.03693 -3.26237
   0.00607  0.03395 -3.12338
   0.00467  0.03098 -2.98326
   0.00344  0.02804 -2.83298
   0.00237  0.02514 -2.67898
   0.00148  0.02226 -2.51412
   0.00074  0.01941 -2.34103
   0.00015  0.01660 -2.16863
  -0.00028  0.01381 -1.97565
  -0.00055  0.01105 -1.78416
  -0.00067  0.00831 -1.57516
  -0.00063  0.00560 -1.35979
  -0.00042  0.00291 -1.13249
  -0.00004  0.00023 -0.89795
   0.00052 -0.00243 -0.64996
   0.00126 -0.00509 -0.40271
   0.00219 -0.00774 -0.17658
   0.00330 -0.01038  0.03510
   0.00459 -0.01301  0.22381
   0.00607 -0.01563  0.39080
   0.00775 -0.01823  0.53580
   0.00963 -0.02080  0.65914
   0.01172 -0.02333  0.76176
   0.01402 -0.02580  0.84430
   0.01652 -0.02820  0.90749
   0.01924 -0.03053  0.95219
   0.02218 -0.03280  0.98080
   0.02532 -0.03502  0.99582
   0.02868 -0.03719  0.99998
   0.03228 -0.03932  0.99535
   0.03611 -0.04141  0.98354
   0.04022 -0.04347  0.96604
   0.04460 -0.04550  0.94420
   0.04928 -0.04750  0.91876
   0.05425 -0.04948  0.88953
   0.05955 -0.05143  0.85749
   0.06519 -0.05332  0.82351
   0.07119 -0.05515  0.78745
   0.07763 -0.05688  0.75258
   0.08454 -0.05851  0.71937
   0.09202 -0.06006  0.68829
   0.10014 -0.06152  0.65845
   0.10897 -0.06293  0.62773
   0.11857 -0.06427  0.59681
   0.12897 -0.06552  0.56689
   0.14020 -0.06666  0.53818
   0.15228 -0.06768  0.51027
   0.16518 -0.06855  0.48149
   0.17890 -0.06924  0.45450
   0.19348 -0.06969  0.43019
   0.20904 -0.06986  0.41343
   0.22584 -0.06972  0.40398
   0.24410 -0.06935  0.39760
   0.26373 -0.06883  0.38502
   0.28420 -0.06819  0.36767
   0.30510 -0.06739  0.35174
   0.32636 -0.06636  0.34097
   0.34809 -0.06513  0.33245
   0.37038 -0.06370  0.32593
   0.39324 -0.06210  0.32066
   0.41664 -0.06034  0.31554
   0.44044 -0.05846  0.31090
   0.46452 -0.05647  0.30648
   0.48875 -0.05439  0.30290
   0.51305 -0.05224  0.29879
   0.53732 -0.05003  0.29499
   0.56155 -0.04777  0.29148
   0.58574 -0.04542  0.28950
   0.60993 -0.04299  0.28899
   0.63420 -0.04048  0.29106
   0.65862 -0.03790  0.29390
   0.68321 -0.03528  0.29702
   0.70796 -0.03266  0.29945
   0.73281 -0.03005  0.30055
   0.75770 -0.02747  0.30164
   0.78254 -0.02490  0.30294
   0.80727 -0.02235  0.30510
   0.83179 -0.01982  0.30844
   0.85592 -0.01732  0.31294
   0.87940 -0.01487  0.31996
   0.90191 -0.01250  0.32960
   0.92317 -0.01024  0.34324
   0.94288 -0.00815  0.36064
   0.96078 -0.00627  0.38247
   0.97684 -0.00459  0.41402
   0.99122 -0.00310  0.46418
   1.00000 -0.00220  0.60426
