                                                
 Alfa =  10.00000 Re =  4000000.000 Xflap,Yflap =     0.000000    0.000000
#    x        y        Cp  
   1.00000  0.00000  0.28989
   0.99472  0.00058  0.27839
   0.98494  0.00186  0.21987
   0.97313  0.00364  0.18229
   0.95997  0.00584  0.14179
   0.94600  0.00835  0.10013
   0.93160  0.01106  0.05961
   0.91700  0.01391  0.02047
   0.90223  0.01688 -0.02075
   0.88729  0.01992 -0.06040
   0.87226  0.02300 -0.10004
   0.85720  0.02609 -0.14015
   0.84217  0.02917 -0.17857
   0.82721  0.03221 -0.21838
   0.81230  0.03520 -0.25707
   0.79744  0.03814 -0.29224
   0.78260  0.04102 -0.33175
   0.76778  0.04383 -0.36759
   0.75301  0.04656 -0.40404
   0.73827  0.04922 -0.44153
   0.72355  0.05178 -0.47530
   0.70883  0.05426 -0.51067
   0.69411  0.05665 -0.54172
   0.67938  0.05895 -0.57725
   0.66466  0.06115 -0.60828
   0.64995  0.06325 -0.64204
   0.63526  0.06525 -0.67313
   0.62057  0.06714 -0.70419
   0.60587  0.06892 -0.73298
   0.59115  0.07060 -0.76134
   0.57640  0.07218 -0.78834
   0.56163  0.07366 -0.81694
   0.54685  0.07504 -0.84335
   0.53204  0.07632 -0.87108
   0.51722  0.07751 -0.89938
   0.50240  0.07859 -0.92865
   0.48758  0.07958 -0.95768
   0.47277  0.08046 -0.98897
   0.45797  0.08124 -1.01970
   0.44319  0.08191 -1.05090
   0.42842  0.08247 -1.08251
   0.41366  0.08292 -1.11364
   0.39891  0.08325 -1.14693
   0.38416  0.08347 -1.18001
   0.36943  0.08357 -1.21365
   0.35472  0.08354 -1.24936
   0.34003  0.08340 -1.28523
   0.32537  0.08312 -1.32311
   0.31074  0.08272 -1.36216
   0.29614  0.08218 -1.40169
   0.28157  0.08150 -1.44581
   0.26704  0.08068 -1.48927
   0.25256  0.07971 -1.53769
   0.23814  0.07859 -1.58907
   0.22381  0.07731 -1.64441
   0.20957  0.07586 -1.70328
   0.19544  0.07423 -1.76644
   0.18144  0.07241 -1.83197
   0.16757  0.07039 -1.90321
   0.15384  0.06815 -1.97818
   0.14029  0.06570 -2.06010
   0.12693  0.06300 -2.14934
   0.11382  0.06006 -2.24576
   0.10103  0.05688 -2.35369
   0.08858  0.05343 -2.47021
   0.07652  0.04970 -2.60496
   0.06499  0.04572 -2.75229
   0.05429  0.04158 -2.92168
   0.04453  0.03733 -3.10055
   0.03563  0.03295 -3.29727
   0.02787  0.02863 -3.50777
   0.02171  0.02477 -3.78604
   0.01695  0.02140 -4.05689
   0.01312  0.01829 -4.23643
   0.00989  0.01530 -4.28815
   0.00718  0.01252 -4.37641
   0.00500  0.01010 -4.67886
   0.00329  0.00805 -5.57222
   0.00200  0.00625 -6.60283
   0.00108  0.00457 -7.37830
   0.00049  0.00294 -7.64983
   0.00019  0.00130 -7.23090
   0.00017 -0.00033 -6.53698
   0.00045 -0.00192 -5.79935
   0.00103 -0.00338 -4.78125
   0.00199 -0.00467 -2.95364
   0.00337 -0.00581 -1.26664
   0.00521 -0.00685 -0.17403
   0.00760 -0.00785  0.43078
   0.01058 -0.00895  0.71768
   0.01422 -0.01016  0.87772
   0.01855 -0.01140  0.96282
   0.02361 -0.01258  0.99682
   0.02977 -0.01372  0.99593
   0.03782 -0.01488  0.96973
   0.04844 -0.01610  0.92402
   0.06063 -0.01716  0.87181
   0.07333 -0.01796  0.82300
   0.08683 -0.01856  0.77852
   0.10108 -0.01900  0.73778
   0.11565 -0.01927  0.70209
   0.13031 -0.01940  0.67092
   0.14507 -0.01942  0.64347
   0.15997 -0.01935  0.61904
   0.17498 -0.01919  0.59745
   0.19006 -0.01896  0.57810
   0.20521 -0.01867  0.56058
   0.22040 -0.01833  0.54481
   0.23565 -0.01796  0.53043
   0.25095 -0.01756  0.51706
   0.26627 -0.01713  0.50454
   0.28161 -0.01668  0.49292
   0.29696 -0.01621  0.48205
   0.31232 -0.01573  0.47211
   0.32772 -0.01524  0.46271
   0.34313 -0.01474  0.45366
   0.35856 -0.01424  0.44516
   0.37400 -0.01374  0.43714
   0.38944 -0.01323  0.42868
   0.40487 -0.01273  0.42178
   0.42030 -0.01222  0.41411
   0.43571 -0.01172  0.40815
   0.45111 -0.01122  0.40095
   0.46652 -0.01073  0.39465
   0.48193 -0.01025  0.38847
   0.49734 -0.00977  0.38199
   0.51276 -0.00929  0.37631
   0.52816 -0.00882  0.37072
   0.54356 -0.00836  0.36527
   0.55894 -0.00791  0.36052
   0.57432 -0.00747  0.35450
   0.58970 -0.00703  0.35018
   0.60509 -0.00661  0.34357
   0.62048 -0.00620  0.33963
   0.63587 -0.00580  0.33467
   0.65125 -0.00540  0.32937
   0.66663 -0.00502  0.32483
   0.68200 -0.00465  0.32032
   0.69737 -0.00429  0.31594
   0.71274 -0.00395  0.31053
   0.72812 -0.00361  0.30592
   0.74350 -0.00329  0.30128
   0.75888 -0.00298  0.29698
   0.77427 -0.00268  0.29233
   0.78966 -0.00238  0.28805
   0.80504 -0.00210  0.28359
   0.82040 -0.00184  0.27960
   0.83576 -0.00159  0.27558
   0.85110 -0.00135  0.27115
   0.86647 -0.00113  0.26712
   0.88186 -0.00092  0.26169
   0.89725 -0.00072  0.25764
   0.91261 -0.00052  0.25268
   0.92794 -0.00032  0.25289
   0.94320 -0.00010  0.25241
   0.95813  0.00010  0.26184
   0.97217  0.00024  0.27074
   0.98462  0.00027  0.27925
   0.99468  0.00016  0.31041
   1.00001  0.00000  0.28989
