                                                
 Alfa =  10.00000 Re =  4000000.000 Xflap,Yflap =     0.000000    0.000000
#    x        y        Cp  
   1.00000  0.00125  0.58257
   0.99308  0.00354  0.36066
   0.98183  0.00720  0.26062
   0.96939  0.01118  0.18100
   0.95561  0.01548  0.11369
   0.94050  0.02009  0.05598
   0.92424  0.02495  0.00617
   0.90719  0.02998 -0.04054
   0.88972  0.03512 -0.09031
   0.87210  0.04032 -0.14568
   0.85449  0.04548 -0.20305
   0.83701  0.05054 -0.26041
   0.81968  0.05547 -0.31807
   0.80246  0.06025 -0.37303
   0.78526  0.06487 -0.42314
   0.76797  0.06937 -0.46955
   0.75053  0.07376 -0.51475
   0.73291  0.07808 -0.56055
   0.71515  0.08232 -0.60768
   0.69735  0.08648 -0.66000
   0.67965  0.09052 -0.72110
   0.66217  0.09439 -0.78779
   0.64498  0.09804 -0.85456
   0.62808  0.10144 -0.92139
   0.61140  0.10458 -0.98504
   0.59487  0.10745 -1.04165
   0.57837  0.11005 -1.08662
   0.56178  0.11241 -1.12350
   0.54504  0.11457 -1.15851
   0.52810  0.11653 -1.19013
   0.51094  0.11832 -1.22293
   0.49359  0.11995 -1.25728
   0.47610  0.12141 -1.29784
   0.45856  0.12271 -1.34171
   0.44103  0.12383 -1.38866
   0.42354  0.12477 -1.43779
   0.40613  0.12553 -1.49102
   0.38883  0.12610 -1.55026
   0.37163  0.12647 -1.61715
   0.35455  0.12663 -1.68684
   0.33762  0.12656 -1.76026
   0.32090  0.12624 -1.83489
   0.30444  0.12565 -1.91081
   0.28829  0.12480 -1.99028
   0.27251  0.12368 -2.07218
   0.25713  0.12227 -2.15109
   0.24212  0.12055 -2.22669
   0.22743  0.11852 -2.29431
   0.21299  0.11615 -2.35346
   0.19871  0.11341 -2.39527
   0.18448  0.11025 -2.40597
   0.17021  0.10668 -2.39846
   0.15593  0.10274 -2.39491
   0.14177  0.09854 -2.42025
   0.12801  0.09417 -2.48801
   0.11493  0.08969 -2.56868
   0.10272  0.08514 -2.65332
   0.09148  0.08060 -2.75581
   0.08124  0.07607 -2.86071
   0.07196  0.07157 -2.95239
   0.06360  0.06710 -3.02362
   0.05607  0.06267 -3.06292
   0.04932  0.05828 -3.06595
   0.04325  0.05395 -3.00609
   0.03780  0.04974 -2.92771
   0.03289  0.04569 -2.85629
   0.02848  0.04183 -2.80060
   0.02451  0.03818 -2.77446
   0.02092  0.03474 -2.80256
   0.01768  0.03147 -2.84665
   0.01477  0.02835 -2.89429
   0.01216  0.02538 -2.93999
   0.00983  0.02257 -3.03690
   0.00779  0.01991 -3.14946
   0.00604  0.01740 -3.25987
   0.00454  0.01502 -3.35725
   0.00329  0.01276 -3.42593
   0.00225  0.01057 -3.46560
   0.00141  0.00846 -3.46714
   0.00077  0.00641 -3.39502
   0.00032  0.00439 -3.26925
   0.00006  0.00241 -3.04967
  -0.00001  0.00044 -2.73074
   0.00012 -0.00152 -2.30720
   0.00044 -0.00349 -1.82717
   0.00095 -0.00546 -1.36858
   0.00164 -0.00745 -0.94535
   0.00252 -0.00945 -0.56283
   0.00360 -0.01146 -0.22468
   0.00488 -0.01348  0.06159
   0.00638 -0.01551  0.30684
   0.00811 -0.01753  0.51010
   0.01009 -0.01952  0.67547
   0.01234 -0.02144  0.80437
   0.01486 -0.02325  0.89984
   0.01767 -0.02491  0.96117
   0.02078 -0.02643  0.99218
   0.02420 -0.02780  0.99995
   0.02794 -0.02905  0.99190
   0.03204 -0.03021  0.97333
   0.03656 -0.03125  0.94768
   0.04158 -0.03218  0.91780
   0.04717 -0.03297  0.88672
   0.05347 -0.03363  0.85588
   0.06063 -0.03415  0.82693
   0.06886 -0.03455  0.80101
   0.07841 -0.03490  0.77530
   0.08946 -0.03529  0.74389
   0.10201 -0.03566  0.71031
   0.11602 -0.03595  0.68028
   0.13141 -0.03613  0.65299
   0.14791 -0.03626  0.62776
   0.16513 -0.03638  0.60021
   0.18272 -0.03649  0.57244
   0.20042 -0.03651  0.54646
   0.21821 -0.03640  0.52559
   0.23615 -0.03616  0.50830
   0.25430 -0.03582  0.49339
   0.27269 -0.03538  0.48054
   0.29133 -0.03487  0.46908
   0.31018 -0.03432  0.45813
   0.32918 -0.03374  0.44740
   0.34825 -0.03315  0.43735
   0.36736 -0.03254  0.42770
   0.38646 -0.03193  0.41865
   0.40556 -0.03133  0.40965
   0.42465 -0.03072  0.40070
   0.44374 -0.03012  0.39200
   0.46286 -0.02953  0.38339
   0.48198 -0.02893  0.37513
   0.50112 -0.02834  0.36693
   0.52026 -0.02775  0.35885
   0.53939 -0.02716  0.35103
   0.55851 -0.02657  0.34350
   0.57761 -0.02597  0.33614
   0.59668 -0.02536  0.32906
   0.61572 -0.02475  0.32318
   0.63472 -0.02413  0.31719
   0.65368 -0.02352  0.31147
   0.67259 -0.02293  0.30517
   0.69143 -0.02237  0.29833
   0.71020 -0.02184  0.28907
   0.72887 -0.02133  0.27720
   0.74743 -0.02081  0.26512
   0.76583 -0.02026  0.25313
   0.78407 -0.01963  0.24202
   0.80208 -0.01892  0.23195
   0.81985 -0.01808  0.22458
   0.83734 -0.01711  0.21970
   0.85456 -0.01599  0.21774
   0.87154 -0.01471  0.22040
   0.88831 -0.01325  0.22737
   0.90494 -0.01158  0.24440
   0.92145 -0.00974  0.27153
   0.93768 -0.00785  0.30171
   0.95325 -0.00607  0.33100
   0.96771 -0.00448  0.35681
   0.98086 -0.00312  0.38863
   0.99273 -0.00194  0.43527
   1.00000 -0.00125  0.58257
