                                                
 Alfa =  10.00000 Re =  4000000.000 Xflap,Yflap =     0.000000    0.000000
#    x        y        Cp  
   1.00000  0.00000  0.29605
   0.99424  0.00059  0.20203
   0.98391  0.00169  0.15364
   0.97130  0.00311  0.11425
   0.95733  0.00477  0.07371
   0.94336  0.00649  0.03651
   0.92949  0.00819  0.00158
   0.91557  0.00984 -0.01681
   0.90165  0.01147 -0.02766
   0.88769  0.01316 -0.04915
   0.87365  0.01490 -0.07399
   0.85959  0.01664 -0.09228
   0.84557  0.01839 -0.11019
   0.83155  0.02018 -0.13177
   0.81752  0.02201 -0.15891
   0.80346  0.02385 -0.18526
   0.78939  0.02568 -0.21178
   0.77532  0.02750 -0.23489
   0.76125  0.02930 -0.25926
   0.74717  0.03109 -0.28321
   0.73312  0.03285 -0.30877
   0.71909  0.03458 -0.33562
   0.70507  0.03628 -0.36049
   0.69106  0.03793 -0.38472
   0.67704  0.03954 -0.40918
   0.66301  0.04110 -0.43212
   0.64896  0.04263 -0.45635
   0.63492  0.04412 -0.48335
   0.62090  0.04556 -0.50929
   0.60690  0.04694 -0.53736
   0.59291  0.04826 -0.56375
   0.57892  0.04951 -0.58806
   0.56493  0.05069 -0.61377
   0.55094  0.05180 -0.63756
   0.53694  0.05284 -0.66274
   0.52294  0.05380 -0.68624
   0.50894  0.05469 -0.71170
   0.49494  0.05550 -0.73410
   0.48095  0.05624 -0.75701
   0.46695  0.05689 -0.78085
   0.45294  0.05747 -0.80257
   0.43893  0.05797 -0.82555
   0.42489  0.05839 -0.84818
   0.41085  0.05875 -0.87146
   0.39680  0.05903 -0.89749
   0.38278  0.05924 -0.92587
   0.36878  0.05937 -0.95356
   0.35479  0.05941 -0.98251
   0.34080  0.05936 -1.00998
   0.32683  0.05922 -1.03912
   0.31286  0.05898 -1.06551
   0.29888  0.05864 -1.09037
   0.28488  0.05821 -1.11559
   0.27085  0.05771 -1.14531
   0.25680  0.05715 -1.17969
   0.24275  0.05652 -1.22292
   0.22874  0.05582 -1.27430
   0.21477  0.05504 -1.33468
   0.20087  0.05417 -1.40282
   0.18706  0.05317 -1.47763
   0.17333  0.05203 -1.55680
   0.15968  0.05071 -1.63758
   0.14610  0.04920 -1.72210
   0.13260  0.04748 -1.80951
   0.11916  0.04553 -1.90607
   0.10579  0.04335 -2.01705
   0.09256  0.04092 -2.15168
   0.07957  0.03822 -2.31528
   0.06678  0.03520 -2.51043
   0.05422  0.03181 -2.74837
   0.04232  0.02809 -3.09877
   0.03139  0.02404 -3.52034
   0.02185  0.01978 -4.09980
   0.01455  0.01575 -4.71575
   0.00935  0.01225 -5.41974
   0.00589  0.00942 -6.47171
   0.00356  0.00701 -7.00296
   0.00188  0.00486 -7.89141
   0.00076  0.00306 -9.91899
   0.00015  0.00150-11.84758
  -0.00000  0.00005-12.00402
   0.00032 -0.00139 -8.18198
   0.00114 -0.00293 -4.56143
   0.00253 -0.00464 -2.17934
   0.00457 -0.00648 -0.70101
   0.00741 -0.00853  0.13462
   0.01153 -0.01093  0.64172
   0.01751 -0.01375  0.90384
   0.02582 -0.01671  0.99590
   0.03653 -0.01973  0.98511
   0.04842 -0.02240  0.93627
   0.06134 -0.02483  0.87749
   0.07459 -0.02696  0.82034
   0.08793 -0.02881  0.76877
   0.10147 -0.03045  0.72235
   0.11515 -0.03191  0.67956
   0.12887 -0.03321  0.64107
   0.14263 -0.03434  0.60649
   0.15644 -0.03533  0.57534
   0.17029 -0.03619  0.54755
   0.18418 -0.03692  0.52299
   0.19813 -0.03754  0.50130
   0.21214 -0.03808  0.48078
   0.22616 -0.03855  0.46173
   0.24023 -0.03894  0.44421
   0.25434 -0.03929  0.42752
   0.26845 -0.03960  0.40922
   0.28254 -0.03986  0.39180
   0.29661 -0.04007  0.37492
   0.31066 -0.04021  0.35873
   0.32468 -0.04028  0.34340
   0.33869 -0.04027  0.33015
   0.35270 -0.04018  0.31830
   0.36673 -0.04000  0.30780
   0.38079 -0.03976  0.29839
   0.39485 -0.03946  0.28885
   0.40890 -0.03909  0.28006
   0.42296 -0.03866  0.27167
   0.43701 -0.03817  0.26466
   0.45107 -0.03762  0.25741
   0.46513 -0.03700  0.25103
   0.47918 -0.03633  0.24490
   0.49323 -0.03560  0.23922
   0.50727 -0.03481  0.23509
   0.52132 -0.03396  0.23148
   0.53536 -0.03305  0.22885
   0.54941 -0.03208  0.22619
   0.56346 -0.03106  0.22526
   0.57752 -0.02999  0.22441
   0.59158 -0.02887  0.22434
   0.60565 -0.02771  0.22513
   0.61974 -0.02651  0.22663
   0.63385 -0.02528  0.22820
   0.64797 -0.02402  0.23028
   0.66211 -0.02275  0.23204
   0.67626 -0.02147  0.23346
   0.69041 -0.02018  0.23503
   0.70456 -0.01888  0.23765
   0.71870 -0.01758  0.24096
   0.73283 -0.01628  0.24317
   0.74695 -0.01500  0.24701
   0.76106 -0.01373  0.24982
   0.77515 -0.01250  0.25188
   0.78922 -0.01129  0.25565
   0.80329 -0.01013  0.25732
   0.81735 -0.00902  0.25981
   0.83139 -0.00795  0.26169
   0.84534 -0.00697  0.26445
   0.85931 -0.00607  0.26033
   0.87340 -0.00524  0.25459
   0.88748 -0.00445  0.25615
   0.90139 -0.00374  0.25474
   0.91528 -0.00313  0.23948
   0.92923 -0.00253  0.23149
   0.94311 -0.00189  0.23854
   0.95703 -0.00129  0.24362
   0.97104 -0.00078  0.24397
   0.98378 -0.00039  0.24321
   0.99420 -0.00013  0.25659
   1.00000  0.00000  0.29605
