                                                
 Alfa =  10.00000 Re =  4000000.000 Xflap,Yflap =     0.000000    0.000000
#    x        y        Cp  
   1.00000  0.00000  0.40782
   0.99352  0.00266  0.17859
   0.98225  0.00682  0.08886
   0.96937  0.01138 -0.01523
   0.95525  0.01609 -0.08069
   0.94032  0.02088 -0.14245
   0.92487  0.02566 -0.20123
   0.90920  0.03034 -0.25632
   0.89325  0.03496 -0.30178
   0.87729  0.03949 -0.36720
   0.86142  0.04383 -0.41976
   0.84549  0.04801 -0.46914
   0.82953  0.05204 -0.52080
   0.81361  0.05588 -0.57053
   0.79768  0.05953 -0.61220
   0.78159  0.06302 -0.64455
   0.76542  0.06639 -0.68983
   0.74936  0.06958 -0.73651
   0.73327  0.07257 -0.76745
   0.71702  0.07542 -0.79921
   0.70080  0.07812 -0.84128
   0.68463  0.08062 -0.87358
   0.66829  0.08296 -0.89200
   0.65182  0.08520 -0.92560
   0.63551  0.08728 -0.96999
   0.61926  0.08915 -0.99302
   0.60276  0.09087 -1.00155
   0.58610  0.09250 -1.03247
   0.56962  0.09401 -1.07731
   0.55322  0.09533 -1.09676
   0.53658  0.09650 -1.10800
   0.51984  0.09760 -1.14324
   0.50331  0.09858 -1.18811
   0.48681  0.09936 -1.20597
   0.47003  0.10003 -1.21880
   0.45323  0.10064 -1.26704
   0.43676  0.10111 -1.32531
   0.42034  0.10138 -1.34304
   0.40360  0.10150 -1.35775
   0.38688  0.10157 -1.42022
   0.37057  0.10148 -1.48679
   0.35425  0.10115 -1.49960
   0.33758  0.10066 -1.52018
   0.32103  0.10009 -1.59914
   0.30488  0.09935 -1.66297
   0.28859  0.09835 -1.67348
   0.27204  0.09721 -1.72685
   0.25594  0.09598 -1.83976
   0.24014  0.09447 -1.88233
   0.22398  0.09267 -1.89400
   0.20797  0.09081 -2.02976
   0.19269  0.08875 -2.14747
   0.17735  0.08627 -2.13060
   0.16186  0.08364 -2.25657
   0.14727  0.08092 -2.47409
   0.13294  0.07771 -2.45708
   0.11842  0.07419 -2.56595
   0.10500  0.07068 -2.87674
   0.09230  0.06670 -2.82167
   0.07981  0.06248 -2.94567
   0.06873  0.05847 -3.41537
   0.05882  0.05413 -3.29419
   0.04952  0.04970 -3.30734
   0.04154  0.04576 -3.93243
   0.03492  0.04188 -3.99632
   0.02913  0.03798 -3.62709
   0.02400  0.03450 -3.91755
   0.01967  0.03145 -4.69896
   0.01614  0.02851 -4.93238
   0.01320  0.02559 -4.41818
   0.01057  0.02283 -4.10645
   0.00815  0.02037 -4.68615
   0.00603  0.01814 -5.90872
   0.00433  0.01599 -6.85744
   0.00307  0.01380 -6.49213
   0.00211  0.01158 -5.70757
   0.00133  0.00939 -5.11410
   0.00064  0.00728 -5.21602
   0.00009  0.00528 -5.83110
  -0.00024  0.00339 -6.44573
  -0.00028  0.00159 -6.77872
   0.00005 -0.00016 -6.06632
   0.00081 -0.00188 -4.19160
   0.00198 -0.00353 -2.48752
   0.00348 -0.00513 -1.21341
   0.00521 -0.00678 -0.55225
   0.00713 -0.00848 -0.19886
   0.00933 -0.01014  0.11810
   0.01191 -0.01166  0.45445
   0.01495 -0.01311  0.69947
   0.01844 -0.01468  0.83103
   0.02234 -0.01648  0.90201
   0.02676 -0.01835  0.95555
   0.03194 -0.02008  0.98989
   0.03812 -0.02186  0.99994
   0.04537 -0.02401  0.99408
   0.05360 -0.02626  0.97410
   0.06308 -0.02836  0.94897
   0.07390 -0.03073  0.91531
   0.08551 -0.03321  0.87000
   0.09801 -0.03535  0.83871
   0.11148 -0.03760  0.79962
   0.12523 -0.03984  0.74967
   0.13943 -0.04170  0.72368
   0.15429 -0.04358  0.68980
   0.16915 -0.04543  0.64296
   0.18414 -0.04694  0.61962
   0.19964 -0.04835  0.59745
   0.21512 -0.04978  0.55488
   0.23043 -0.05093  0.52841
   0.24610 -0.05184  0.51874
   0.26204 -0.05278  0.49096
   0.27773 -0.05363  0.45630
   0.29340 -0.05419  0.44500
   0.30935 -0.05464  0.43555
   0.32513 -0.05511  0.40204
   0.34040 -0.05538  0.37561
   0.35547 -0.05529  0.38490
   0.37071 -0.05514  0.39182
   0.38603 -0.05520  0.36087
   0.40130 -0.05523  0.32332
   0.41684 -0.05494  0.31791
   0.43297 -0.05444  0.32162
   0.44939 -0.05391  0.30548
   0.46562 -0.05331  0.28462
   0.48188 -0.05248  0.28000
   0.49853 -0.05148  0.27914
   0.51520 -0.05042  0.26332
   0.53141 -0.04925  0.24641
   0.54748 -0.04782  0.24646
   0.56381 -0.04616  0.25188
   0.58020 -0.04438  0.24616
   0.59627 -0.04245  0.24089
   0.61221 -0.04027  0.24877
   0.62834 -0.03785  0.26276
   0.64456 -0.03526  0.27079
   0.66064 -0.03250  0.28286
   0.67683 -0.02950  0.30637
   0.69338 -0.02632  0.33109
   0.71007 -0.02309  0.34687
   0.72655 -0.01982  0.36892
   0.74282 -0.01655  0.39674
   0.75907 -0.01338  0.41771
   0.77543 -0.01034  0.43302
   0.79170 -0.00742  0.45221
   0.80772 -0.00472  0.47058
   0.82371 -0.00226  0.48072
   0.83968  0.00000  0.49506
   0.85543  0.00200  0.50876
   0.87110  0.00370  0.51692
   0.88667  0.00514  0.52934
   0.90191  0.00623  0.53959
   0.91693  0.00696  0.54702
   0.93154  0.00732  0.55803
   0.94556  0.00724  0.56462
   0.95888  0.00672  0.57269
   0.97129  0.00568  0.57519
   0.98286  0.00408  0.56213
   0.99345  0.00194  0.56284
   1.00000  0.00000  0.40782
