                                                
 Alfa =  10.00000 Re =  4000000.000 Xflap,Yflap =     0.000000    0.000000
#    x        y        Cp  
   1.00000  0.00065  0.24961
   0.99442  0.00120  0.14306
   0.98516  0.00213  0.11205
   0.97460  0.00323  0.08127
   0.96248  0.00455  0.05479
   0.94874  0.00612  0.02663
   0.93380  0.00790 -0.00788
   0.91874  0.00973 -0.04183
   0.90360  0.01156 -0.07433
   0.88870  0.01332 -0.09998
   0.87398  0.01500 -0.11955
   0.85929  0.01663 -0.13607
   0.84455  0.01823 -0.15180
   0.82968  0.01982 -0.16467
   0.81464  0.02141 -0.17734
   0.79946  0.02300 -0.19051
   0.78422  0.02461 -0.20432
   0.76902  0.02622 -0.21726
   0.75381  0.02785 -0.23167
   0.73857  0.02950 -0.24629
   0.72334  0.03117 -0.26234
   0.70819  0.03286 -0.27834
   0.69308  0.03458 -0.29796
   0.67799  0.03634 -0.31940
   0.66290  0.03812 -0.34314
   0.64778  0.03993 -0.36669
   0.63264  0.04176 -0.39431
   0.61746  0.04361 -0.42113
   0.60225  0.04546 -0.45174
   0.58701  0.04732 -0.48250
   0.57177  0.04917 -0.51484
   0.55653  0.05101 -0.54921
   0.54131  0.05282 -0.58563
   0.52613  0.05460 -0.62234
   0.51099  0.05634 -0.66169
   0.49591  0.05803 -0.70272
   0.48090  0.05965 -0.74611
   0.46596  0.06121 -0.79106
   0.45109  0.06268 -0.83793
   0.43628  0.06406 -0.88408
   0.42152  0.06533 -0.93243
   0.40678  0.06648 -0.97894
   0.39202  0.06751 -1.02445
   0.37722  0.06840 -1.06722
   0.36235  0.06917 -1.11079
   0.34742  0.06981 -1.15481
   0.33245  0.07032 -1.20014
   0.31747  0.07070 -1.24898
   0.30255  0.07095 -1.30293
   0.28776  0.07107 -1.36743
   0.27318  0.07104 -1.43873
   0.25884  0.07084 -1.51376
   0.24473  0.07044 -1.58735
   0.23080  0.06981 -1.66035
   0.21700  0.06893 -1.72591
   0.20323  0.06777 -1.78461
   0.18935  0.06628 -1.81706
   0.17526  0.06447 -1.83318
   0.16094  0.06237 -1.85059
   0.14652  0.06005 -1.88936
   0.13226  0.05757 -1.97004
   0.11836  0.05493 -2.06865
   0.10477  0.05207 -2.17550
   0.09128  0.04890 -2.27723
   0.07780  0.04541 -2.40010
   0.06487  0.04178 -2.67994
   0.05317  0.03800 -3.00602
   0.04286  0.03400 -3.19477
   0.03384  0.02990 -3.33375
   0.02591  0.02582 -3.54196
   0.01891  0.02174 -3.95367
   0.01337  0.01798 -4.24616
   0.00945  0.01494 -4.64505
   0.00665  0.01249 -5.16289
   0.00457  0.01039 -5.71033
   0.00299  0.00854 -6.30359
   0.00179  0.00684 -6.91729
   0.00091  0.00526 -7.49064
   0.00030  0.00376 -7.89931
  -0.00003  0.00232 -7.95616
  -0.00010  0.00092 -7.42786
   0.00010 -0.00044 -6.09455
   0.00058 -0.00180 -4.29047
   0.00135 -0.00316 -2.73745
   0.00241 -0.00452 -1.50921
   0.00378 -0.00590 -0.61776
   0.00551 -0.00730  0.01725
   0.00768 -0.00872  0.45880
   0.01041 -0.01014  0.75046
   0.01390 -0.01143  0.92671
   0.01843 -0.01238  0.99738
   0.02466 -0.01284  0.98606
   0.03332 -0.01311  0.93711
   0.04383 -0.01315  0.86637
   0.05450 -0.01264  0.80172
   0.06566 -0.01142  0.75979
   0.07824 -0.00949  0.73545
   0.09198 -0.00708  0.72413
   0.10593 -0.00468  0.71544
   0.11993 -0.00250  0.70185
   0.13412 -0.00051  0.68828
   0.14854  0.00133  0.67445
   0.16317  0.00302  0.66157
   0.17793  0.00458  0.64919
   0.19275  0.00602  0.63718
   0.20761  0.00734  0.62668
   0.22248  0.00857  0.61731
   0.23736  0.00969  0.60830
   0.25223  0.01070  0.59996
   0.26711  0.01160  0.59185
   0.28198  0.01240  0.58381
   0.29685  0.01308  0.57613
   0.31172  0.01364  0.56766
   0.32659  0.01410  0.55936
   0.34147  0.01445  0.55076
   0.35636  0.01469  0.54205
   0.37126  0.01484  0.53264
   0.38619  0.01488  0.52330
   0.40115  0.01483  0.51375
   0.41614  0.01469  0.50311
   0.43116  0.01446  0.49198
   0.44623  0.01417  0.48040
   0.46134  0.01380  0.46909
   0.47650  0.01339  0.45722
   0.49170  0.01293  0.44542
   0.50694  0.01244  0.43363
   0.52221  0.01192  0.42215
   0.53750  0.01138  0.41180
   0.55282  0.01083  0.39965
   0.56815  0.01026  0.38968
   0.58349  0.00968  0.37896
   0.59883  0.00910  0.36762
   0.61417  0.00852  0.35726
   0.62950  0.00794  0.34777
   0.64483  0.00736  0.33643
   0.66014  0.00679  0.32804
   0.67544  0.00623  0.31688
   0.69074  0.00567  0.30769
   0.70604  0.00512  0.29845
   0.72134  0.00459  0.28782
   0.73666  0.00407  0.27888
   0.75198  0.00358  0.26875
   0.76730  0.00310  0.25994
   0.78259  0.00265  0.25085
   0.79785  0.00224  0.24330
   0.81303  0.00185  0.23490
   0.82813  0.00150  0.22863
   0.84315  0.00117  0.22210
   0.85811  0.00085  0.21464
   0.87307  0.00055  0.20846
   0.88811  0.00025  0.20116
   0.90333 -0.00006  0.19064
   0.91852 -0.00036  0.17871
   0.93362 -0.00062  0.16650
   0.94863 -0.00081  0.15611
   0.96240 -0.00089  0.15155
   0.97452 -0.00089  0.15316
   0.98511 -0.00083  0.16010
   0.99440 -0.00073  0.17305
   1.00000 -0.00065  0.24961
