                                                
 Alfa =  10.00000 Re =  4000000.000 Xflap,Yflap =     0.000000    0.000000
#    x        y        Cp  
   1.00000  0.00171  0.27744
   0.99381  0.00231  0.18097
   0.98344  0.00331  0.14619
   0.97222  0.00436  0.16959
   0.96066  0.00576  0.13605
   0.94783  0.00760  0.05466
   0.93344  0.00959  0.02089
   0.91787  0.01172 -0.01311
   0.90156  0.01392 -0.04405
   0.88488  0.01615 -0.07361
   0.86802  0.01838 -0.10198
   0.85109  0.02061 -0.12985
   0.83413  0.02281 -0.15626
   0.81717  0.02499 -0.18345
   0.80022  0.02713 -0.20833
   0.78329  0.02924 -0.23425
   0.76638  0.03131 -0.26076
   0.74949  0.03334 -0.28454
   0.73263  0.03532 -0.31020
   0.71578  0.03725 -0.33450
   0.69896  0.03913 -0.35898
   0.68214  0.04095 -0.38304
   0.66533  0.04272 -0.40617
   0.64851  0.04444 -0.42936
   0.63170  0.04609 -0.45282
   0.61488  0.04770 -0.47631
   0.59807  0.04924 -0.49912
   0.58124  0.05073 -0.52298
   0.56441  0.05217 -0.54637
   0.54759  0.05355 -0.57099
   0.53075  0.05487 -0.59498
   0.51391  0.05614 -0.62036
   0.49708  0.05735 -0.64623
   0.48024  0.05850 -0.67259
   0.46339  0.05959 -0.70034
   0.44655  0.06063 -0.72882
   0.42972  0.06161 -0.75871
   0.41288  0.06253 -0.79019
   0.39605  0.06340 -0.82369
   0.37924  0.06420 -0.85888
   0.36244  0.06493 -0.89765
   0.34568  0.06560 -0.93799
   0.32893  0.06620 -0.98187
   0.31223  0.06673 -1.02947
   0.29558  0.06718 -1.08190
   0.27902  0.06755 -1.14245
   0.26262  0.06783 -1.21105
   0.24638  0.06799 -1.28406
   0.23032  0.06800 -1.36183
   0.21444  0.06786 -1.44481
   0.19870  0.06753 -1.52650
   0.18307  0.06703 -1.61277
   0.16759  0.06634 -1.71044
   0.15235  0.06549 -1.82778
   0.13755  0.06448 -1.97842
   0.12339  0.06329 -2.15547
   0.10998  0.06189 -2.34904
   0.09745  0.06028 -2.57154
   0.08592  0.05848 -2.81187
   0.07542  0.05649 -3.07707
   0.06599  0.05436 -3.38772
   0.05759  0.05206 -3.69578
   0.05011  0.04959 -3.98295
   0.04345  0.04696 -4.22699
   0.03753  0.04417 -4.37649
   0.03226  0.04124 -4.44152
   0.02758  0.03822 -4.40377
   0.02342  0.03517 -4.25896
   0.01972  0.03216 -4.20135
   0.01644  0.02925 -4.20540
   0.01357  0.02642 -4.21025
   0.01106  0.02369 -4.19291
   0.00890  0.02105 -4.14337
   0.00703  0.01849 -4.08451
   0.00543  0.01602 -3.99620
   0.00408  0.01363 -3.88593
   0.00296  0.01132 -3.73503
   0.00204  0.00909 -3.56750
   0.00130  0.00695 -3.37428
   0.00072  0.00488 -3.26792
   0.00029  0.00289 -3.25556
   0.00005  0.00098 -3.13791
   0.00001 -0.00085 -2.85882
   0.00018 -0.00270 -2.42224
   0.00059 -0.00456 -1.91282
   0.00124 -0.00642 -1.36024
   0.00216 -0.00822 -0.81705
   0.00336 -0.00995 -0.31642
   0.00484 -0.01156  0.10500
   0.00665 -0.01299  0.46770
   0.00878 -0.01417  0.74430
   0.01121 -0.01519  0.88892
   0.01392 -0.01607  0.96249
   0.01696 -0.01683  0.99371
   0.02038 -0.01752  0.99980
   0.02424 -0.01820  0.99140
   0.02864 -0.01888  0.97330
   0.03369 -0.01954  0.94809
   0.03957 -0.02017  0.91836
   0.04651 -0.02077  0.88563
   0.05476 -0.02136  0.84941
   0.06455 -0.02192  0.81164
   0.07603 -0.02245  0.77327
   0.08916 -0.02292  0.73570
   0.10369 -0.02333  0.69995
   0.11929 -0.02368  0.66757
   0.13565 -0.02398  0.63913
   0.15248 -0.02427  0.61155
   0.16956 -0.02457  0.58582
   0.18676 -0.02487  0.56168
   0.20402 -0.02517  0.53918
   0.22129 -0.02548  0.51772
   0.23855 -0.02578  0.49713
   0.25575 -0.02608  0.47789
   0.27282 -0.02638  0.45596
   0.28978 -0.02663  0.43733
   0.30671 -0.02683  0.42054
   0.32364 -0.02697  0.40545
   0.34058 -0.02705  0.39099
   0.35752 -0.02709  0.37763
   0.37449 -0.02708  0.36493
   0.39146 -0.02702  0.35323
   0.40845 -0.02692  0.34141
   0.42545 -0.02678  0.33130
   0.44245 -0.02659  0.32035
   0.45944 -0.02637  0.31065
   0.47645 -0.02609  0.30162
   0.49345 -0.02578  0.29209
   0.51046 -0.02543  0.28406
   0.52746 -0.02503  0.27559
   0.54446 -0.02459  0.26842
   0.56145 -0.02411  0.26031
   0.57844 -0.02359  0.25444
   0.59543 -0.02302  0.24721
   0.61242 -0.02241  0.24185
   0.62941 -0.02176  0.23614
   0.64640 -0.02106  0.23163
   0.66340 -0.02032  0.22682
   0.68041 -0.01955  0.22265
   0.69743 -0.01873  0.21922
   0.71447 -0.01787  0.21635
   0.73152 -0.01698  0.21405
   0.74860 -0.01605  0.21146
   0.76569 -0.01509  0.21025
   0.78281 -0.01411  0.20826
   0.79995 -0.01310  0.20803
   0.81711 -0.01207  0.20664
   0.83428 -0.01102  0.20615
   0.85144 -0.00996  0.20709
   0.86857 -0.00889  0.20679
   0.88560 -0.00781  0.20822
   0.90242 -0.00674  0.21059
   0.91881 -0.00569  0.21266
   0.93435 -0.00468  0.21978
   0.94857 -0.00374  0.22379
   0.96115 -0.00283  0.27965
   0.97247 -0.00234  0.27735
   0.98349 -0.00211  0.23324
   0.99379 -0.00186  0.24276
   1.00000 -0.00171  0.27744
