                                                
 Alfa =  10.00000 Re =  4000000.000 Xflap,Yflap =     0.000000    0.000000
#    x        y        Cp  
   1.00000  0.00100  0.46803
   0.99493  0.00179  0.28503
   0.98650  0.00310  0.21550
   0.97684  0.00457  0.15567
   0.96565  0.00625  0.10950
   0.95277  0.00816  0.06413
   0.93893  0.01016  0.02445
   0.92542  0.01208 -0.01281
   0.91177  0.01397 -0.04121
   0.89773  0.01586 -0.07685
   0.88384  0.01769 -0.09944
   0.87017  0.01943 -0.12728
   0.85656  0.02113 -0.15031
   0.84290  0.02278 -0.17341
   0.82913  0.02440 -0.19676
   0.81521  0.02599 -0.21758
   0.80111  0.02755 -0.23855
   0.78689  0.02908 -0.26179
   0.77268  0.03056 -0.27950
   0.75849  0.03198 -0.30329
   0.74428  0.03337 -0.32229
   0.73004  0.03470 -0.34317
   0.71577  0.03598 -0.36190
   0.70155  0.03720 -0.38331
   0.68735  0.03837 -0.40020
   0.67318  0.03948 -0.41896
   0.65901  0.04053 -0.43807
   0.64483  0.04153 -0.45710
   0.63064  0.04248 -0.47441
   0.61644  0.04337 -0.49295
   0.60222  0.04420 -0.51029
   0.58799  0.04499 -0.52827
   0.57375  0.04571 -0.54552
   0.55951  0.04638 -0.56499
   0.54527  0.04699 -0.58063
   0.53102  0.04754 -0.59842
   0.51678  0.04804 -0.61774
   0.50253  0.04849 -0.63490
   0.48829  0.04887 -0.65495
   0.47404  0.04921 -0.67187
   0.45979  0.04948 -0.69273
   0.44554  0.04970 -0.71230
   0.43128  0.04986 -0.73148
   0.41703  0.04996 -0.75415
   0.40278  0.05000 -0.77530
   0.38853  0.04998 -0.79876
   0.37431  0.04990 -0.82376
   0.36009  0.04976 -0.84863
   0.34589  0.04954 -0.87553
   0.33169  0.04926 -0.90260
   0.31751  0.04889 -0.93078
   0.30332  0.04845 -0.95958
   0.28912  0.04792 -0.99007
   0.27491  0.04730 -1.02115
   0.26067  0.04658 -1.05366
   0.24642  0.04577 -1.08835
   0.23217  0.04487 -1.12532
   0.21794  0.04386 -1.16462
   0.20376  0.04275 -1.20780
   0.18966  0.04154 -1.25682
   0.17567  0.04023 -1.31302
   0.16175  0.03878 -1.37051
   0.14781  0.03718 -1.43252
   0.13374  0.03539 -1.49505
   0.11962  0.03343 -1.56736
   0.10552  0.03131 -1.65488
   0.09168  0.02908 -1.77952
   0.07832  0.02673 -1.94047
   0.06479  0.02408 -2.13691
   0.05156  0.02115 -2.37415
   0.03993  0.01825 -2.67339
   0.03066  0.01570 -3.03901
   0.02062  0.01258 -3.88280
   0.01121  0.00887 -5.20003
   0.00661  0.00660 -6.95368
   0.00405  0.00505 -8.99218
   0.00234  0.00377-11.60799
   0.00117  0.00261-15.04371
   0.00042  0.00154-19.29426
   0.00005  0.00051-22.36191
   0.00005 -0.00051-19.12171
   0.00042 -0.00154-11.97694
   0.00117 -0.00261 -6.56275
   0.00234 -0.00377 -3.30281
   0.00405 -0.00505 -1.34120
   0.00661 -0.00660 -0.15871
   0.01121 -0.00887  0.58955
   0.02062 -0.01258  0.94673
   0.03066 -0.01570  0.99992
   0.03993 -0.01825  0.98475
   0.05156 -0.02115  0.94078
   0.06479 -0.02408  0.88302
   0.07832 -0.02673  0.82643
   0.09168 -0.02908  0.77584
   0.10552 -0.03131  0.72759
   0.11962 -0.03343  0.68112
   0.13374 -0.03539  0.63798
   0.14781 -0.03718  0.59849
   0.16175 -0.03878  0.56373
   0.17567 -0.04023  0.53242
   0.18966 -0.04154  0.50419
   0.20376 -0.04275  0.47772
   0.21794 -0.04386  0.45197
   0.23217 -0.04487  0.42868
   0.24642 -0.04577  0.40644
   0.26067 -0.04658  0.38616
   0.27491 -0.04730  0.36626
   0.28912 -0.04792  0.34850
   0.30332 -0.04845  0.33283
   0.31751 -0.04889  0.31650
   0.33169 -0.04926  0.30225
   0.34589 -0.04954  0.28897
   0.36009 -0.04976  0.27669
   0.37430 -0.04990  0.26498
   0.38853 -0.04998  0.25357
   0.40278 -0.05000  0.24246
   0.41703 -0.04996  0.23323
   0.43128 -0.04986  0.22206
   0.44554 -0.04970  0.21242
   0.45979 -0.04948  0.20463
   0.47404 -0.04921  0.19468
   0.48829 -0.04887  0.18706
   0.50253 -0.04849  0.17945
   0.51678 -0.04804  0.17118
   0.53102 -0.04754  0.16473
   0.54527 -0.04699  0.15713
   0.55951 -0.04638  0.15206
   0.57375 -0.04571  0.14505
   0.58799 -0.04499  0.14108
   0.60222 -0.04420  0.13485
   0.61644 -0.04337  0.13008
   0.63064 -0.04248  0.12759
   0.64483 -0.04153  0.12204
   0.65901 -0.04053  0.11993
   0.67318 -0.03948  0.11840
   0.68735 -0.03837  0.11256
   0.70155 -0.03720  0.11435
   0.71577 -0.03598  0.11014
   0.73004 -0.03470  0.11260
   0.74428 -0.03337  0.10958
   0.75849 -0.03198  0.11044
   0.77268 -0.03056  0.11140
   0.78689 -0.02908  0.11225
   0.80111 -0.02755  0.11364
   0.81521 -0.02599  0.11577
   0.82913 -0.02440  0.11794
   0.84290 -0.02278  0.12054
   0.85656 -0.02113  0.12305
   0.87017 -0.01943  0.13123
   0.88384 -0.01769  0.13096
   0.89773 -0.01586  0.14437
   0.91177 -0.01397  0.14824
   0.92542 -0.01208  0.16237
   0.93893 -0.01016  0.17375
   0.95277 -0.00816  0.19171
   0.96565 -0.00625  0.21204
   0.97684 -0.00457  0.24048
   0.98650 -0.00310  0.26816
   0.99493 -0.00179  0.32705
   1.00000 -0.00100  0.46803
