                                                
 Alfa =  10.00000 Re =  4000000.000 Xflap,Yflap =     0.000000    0.000000
#    x        y        Cp  
   1.00000  0.00000  0.53984
   0.99472  0.00157  0.31097
   0.98601  0.00407  0.19622
   0.97617  0.00677  0.11253
   0.96499  0.00968  0.04156
   0.95237  0.01275 -0.01528
   0.93852  0.01588 -0.05183
   0.92403  0.01897 -0.07334
   0.90951  0.02200 -0.09002
   0.89523  0.02502 -0.11461
   0.88123  0.02808 -0.15712
   0.86742  0.03115 -0.20562
   0.85369  0.03419 -0.25679
   0.84000  0.03718 -0.31177
   0.82627  0.04008 -0.36494
   0.81248  0.04285 -0.41605
   0.79858  0.04546 -0.45770
   0.78455  0.04785 -0.48220
   0.77038  0.05008 -0.49570
   0.75607  0.05216 -0.50578
   0.74164  0.05414 -0.51088
   0.72710  0.05606 -0.51626
   0.71248  0.05794 -0.52280
   0.69782  0.05983 -0.53867
   0.68317  0.06175 -0.56784
   0.66855  0.06368 -0.60424
   0.65399  0.06557 -0.64386
   0.63949  0.06740 -0.68681
   0.62504  0.06914 -0.72864
   0.61065  0.07078 -0.77102
   0.59628  0.07227 -0.80717
   0.58191  0.07362 -0.83399
   0.56751  0.07483 -0.85657
   0.55306  0.07592 -0.87807
   0.53856  0.07689 -0.89650
   0.52400  0.07777 -0.91518
   0.50938  0.07854 -0.93509
   0.49473  0.07924 -0.95626
   0.48006  0.07986 -0.98341
   0.46538  0.08039 -1.01130
   0.45071  0.08083 -1.04126
   0.43606  0.08118 -1.07157
   0.42143  0.08143 -1.10383
   0.40684  0.08157 -1.13705
   0.39227  0.08160 -1.17109
   0.37773  0.08152 -1.20714
   0.36321  0.08131 -1.24390
   0.34872  0.08096 -1.27987
   0.33426  0.08048 -1.31552
   0.31983  0.07984 -1.35175
   0.30543  0.07904 -1.38426
   0.29109  0.07808 -1.41405
   0.27679  0.07695 -1.43898
   0.26254  0.07567 -1.46408
   0.24833  0.07424 -1.48835
   0.23413  0.07266 -1.51408
   0.21991  0.07094 -1.54318
   0.20563  0.06907 -1.57501
   0.19124  0.06706 -1.61548
   0.17669  0.06490 -1.66564
   0.16209  0.06260 -1.72934
   0.14765  0.06020 -1.82178
   0.13370  0.05774 -1.95828
   0.12032  0.05512 -2.10359
   0.10737  0.05224 -2.23871
   0.09449  0.04892 -2.29085
   0.08125  0.04512 -2.27360
   0.06792  0.04125 -2.57177
   0.05570  0.03736 -3.13322
   0.04534  0.03319 -3.37304
   0.03658  0.02884 -3.34184
   0.02846  0.02422 -3.33012
   0.01896  0.01819 -3.40766
   0.01124  0.01292 -4.01814
   0.00737  0.01010 -5.11703
   0.00490  0.00807 -6.22707
   0.00315  0.00637 -7.44723
   0.00187  0.00488 -8.81766
   0.00095  0.00350-10.29520
   0.00035  0.00219-11.50000
   0.00004  0.00094-12.05653
   0.00002 -0.00030-10.91786
   0.00030 -0.00155 -8.21191
   0.00088 -0.00282 -5.56739
   0.00177 -0.00415 -3.47352
   0.00301 -0.00556 -1.93338
   0.00469 -0.00710 -0.84440
   0.00701 -0.00886 -0.08338
   0.01038 -0.01101  0.45388
   0.01596 -0.01394  0.81118
   0.02440 -0.01721  0.97818
   0.03316 -0.01966  0.99916
   0.04344 -0.02195  0.97501
   0.05674 -0.02469  0.92670
   0.07061 -0.02743  0.86427
   0.08353 -0.02952  0.81040
   0.09699 -0.03125  0.76742
   0.11151 -0.03290  0.72234
   0.12621 -0.03441  0.67772
   0.14079 -0.03570  0.63660
   0.15496 -0.03673  0.60216
   0.16899 -0.03752  0.57506
   0.18316 -0.03814  0.55233
   0.19761 -0.03863  0.53200
   0.21235 -0.03904  0.51143
   0.22722 -0.03937  0.49104
   0.24204 -0.03962  0.47196
   0.25690 -0.03979  0.45451
   0.27176 -0.03988  0.43751
   0.28653 -0.03988  0.42245
   0.30121 -0.03979  0.40905
   0.31583 -0.03962  0.39721
   0.33043 -0.03938  0.38679
   0.34505 -0.03906  0.37760
   0.35970 -0.03869  0.36861
   0.37439 -0.03826  0.36132
   0.38913 -0.03778  0.35396
   0.40392 -0.03726  0.34671
   0.41873 -0.03670  0.33944
   0.43354 -0.03611  0.33263
   0.44835 -0.03548  0.32607
   0.46314 -0.03482  0.31991
   0.47793 -0.03412  0.31417
   0.49269 -0.03338  0.30905
   0.50746 -0.03260  0.30442
   0.52223 -0.03179  0.30132
   0.53701 -0.03094  0.29829
   0.55182 -0.03006  0.29562
   0.56664 -0.02917  0.29320
   0.58149 -0.02825  0.29128
   0.59635 -0.02733  0.28814
   0.61121 -0.02640  0.28641
   0.62606 -0.02547  0.28260
   0.64090 -0.02453  0.28036
   0.65573 -0.02358  0.27667
   0.67054 -0.02263  0.27427
   0.68535 -0.02167  0.27143
   0.70016 -0.02069  0.26963
   0.71500 -0.01970  0.26724
   0.72985 -0.01869  0.26651
   0.74466 -0.01767  0.26435
   0.75943 -0.01665  0.26472
   0.77419 -0.01562  0.26392
   0.78898 -0.01458  0.26319
   0.80381 -0.01353  0.26420
   0.81855 -0.01248  0.26489
   0.83315 -0.01145  0.26572
   0.84761 -0.01044  0.26786
   0.86198 -0.00944  0.26910
   0.87633 -0.00846  0.27036
   0.89080 -0.00750  0.27189
   0.90550 -0.00655  0.27318
   0.92010 -0.00563  0.27002
   0.93449 -0.00471  0.27192
   0.94908 -0.00376  0.27635
   0.96280 -0.00282  0.28700
   0.97486 -0.00195  0.30761
   0.98534 -0.00115  0.33529
   0.99450 -0.00044  0.38903
   1.00000  0.00000  0.53984
