                                                
 Alfa =  10.00000 Re =  4000000.000 Xflap,Yflap =     0.000000    0.000000
#    x        y        Cp  
   1.00000  0.00028  0.27911
   0.99384  0.00062  0.16897
   0.98160  0.00144  0.09856
   0.96813  0.00233  0.06258
   0.95443  0.00322  0.03712
   0.94072  0.00410  0.01732
   0.92699  0.00497 -0.00065
   0.91326  0.00586 -0.01569
   0.89953  0.00676 -0.03338
   0.88579  0.00767 -0.04950
   0.87204  0.00859 -0.06498
   0.85830  0.00953 -0.07999
   0.84456  0.01046 -0.09443
   0.83081  0.01141 -0.11162
   0.81706  0.01236 -0.12527
   0.80330  0.01332 -0.14003
   0.78954  0.01427 -0.15575
   0.77579  0.01523 -0.17111
   0.76203  0.01619 -0.18797
   0.74828  0.01714 -0.20160
   0.73455  0.01808 -0.21916
   0.72082  0.01901 -0.23450
   0.70709  0.01993 -0.25021
   0.69336  0.02083 -0.26362
   0.67963  0.02172 -0.28041
   0.66590  0.02259 -0.29448
   0.65217  0.02344 -0.30946
   0.63843  0.02428 -0.32490
   0.62470  0.02510 -0.33939
   0.61096  0.02591 -0.35536
   0.59723  0.02670 -0.37164
   0.58349  0.02748 -0.38745
   0.56976  0.02824 -0.40349
   0.55603  0.02898 -0.42174
   0.54230  0.02969 -0.43813
   0.52857  0.03039 -0.45557
   0.51485  0.03107 -0.47370
   0.50112  0.03172 -0.49237
   0.48739  0.03235 -0.51123
   0.47366  0.03295 -0.53048
   0.45994  0.03354 -0.55159
   0.44622  0.03409 -0.57129
   0.43250  0.03461 -0.59429
   0.41879  0.03511 -0.61593
   0.40508  0.03557 -0.63967
   0.39136  0.03600 -0.66329
   0.37765  0.03639 -0.68742
   0.36395  0.03675 -0.71523
   0.35024  0.03707 -0.74135
   0.33655  0.03734 -0.77130
   0.32286  0.03757 -0.80097
   0.30917  0.03776 -0.83278
   0.29549  0.03790 -0.86708
   0.28181  0.03798 -0.90169
   0.26815  0.03801 -0.94066
   0.25449  0.03797 -0.98068
   0.24085  0.03787 -1.02544
   0.22722  0.03770 -1.07168
   0.21360  0.03746 -1.12323
   0.20000  0.03713 -1.17726
   0.18642  0.03671 -1.23910
   0.17287  0.03619 -1.30631
   0.15935  0.03557 -1.38211
   0.14587  0.03482 -1.46525
   0.13241  0.03393 -1.56108
   0.11901  0.03290 -1.66992
   0.10572  0.03169 -1.80054
   0.09256  0.03029 -1.95295
   0.07945  0.02864 -2.14083
   0.06642  0.02671 -2.37380
   0.05387  0.02448 -2.68132
   0.04199  0.02192 -3.07918
   0.03016  0.01874 -3.70750
   0.02013  0.01519 -4.42583
   0.01320  0.01207 -5.13980
   0.00747  0.00887 -6.85114
   0.00357  0.00583 -8.58469
   0.00161  0.00372-10.61943
   0.00055  0.00209-13.44679
   0.00006  0.00068-15.68916
   0.00006 -0.00068-13.06485
   0.00055 -0.00209 -7.59221
   0.00161 -0.00372 -3.70287
   0.00357 -0.00583 -1.34379
   0.00747 -0.00887  0.13459
   0.01320 -0.01207  0.76582
   0.02013 -0.01519  0.95809
   0.03016 -0.01874  0.99811
   0.04199 -0.02192  0.95344
   0.05387 -0.02448  0.89191
   0.06642 -0.02671  0.82879
   0.07945 -0.02864  0.76961
   0.09256 -0.03029  0.71764
   0.10572 -0.03169  0.67192
   0.11901 -0.03290  0.63156
   0.13241 -0.03393  0.59545
   0.14587 -0.03482  0.56305
   0.15935 -0.03557  0.53427
   0.17287 -0.03619  0.50849
   0.18642 -0.03671  0.48514
   0.20000 -0.03713  0.46423
   0.21360 -0.03746  0.44398
   0.22722 -0.03770  0.42661
   0.24085 -0.03787  0.41007
   0.25449 -0.03797  0.39520
   0.26815 -0.03801  0.38124
   0.28181 -0.03798  0.36835
   0.29549 -0.03790  0.35608
   0.30917 -0.03776  0.34485
   0.32286 -0.03757  0.33443
   0.33655 -0.03734  0.32449
   0.35024 -0.03707  0.31509
   0.36395 -0.03675  0.30716
   0.37765 -0.03639  0.29829
   0.39136 -0.03600  0.29117
   0.40508 -0.03557  0.28323
   0.41879 -0.03511  0.27702
   0.43250 -0.03461  0.26953
   0.44622 -0.03409  0.26380
   0.45994 -0.03354  0.25890
   0.47366 -0.03295  0.25239
   0.48739 -0.03235  0.24785
   0.50112 -0.03172  0.24238
   0.51485 -0.03107  0.23768
   0.52857 -0.03039  0.23282
   0.54230 -0.02969  0.22830
   0.55603 -0.02898  0.22480
   0.56976 -0.02824  0.22035
   0.58349 -0.02748  0.21675
   0.59723 -0.02670  0.21348
   0.61096 -0.02591  0.20958
   0.62470 -0.02510  0.20655
   0.63843 -0.02428  0.20341
   0.65216 -0.02344  0.20044
   0.66590 -0.02259  0.19637
   0.67963 -0.02172  0.19546
   0.69336 -0.02083  0.19109
   0.70709 -0.01993  0.18995
   0.72081 -0.01901  0.18848
   0.73455 -0.01808  0.18638
   0.74828 -0.01714  0.18524
   0.76203 -0.01619  0.18504
   0.77579 -0.01523  0.18323
   0.78954 -0.01428  0.18322
   0.80330 -0.01332  0.18074
   0.81706 -0.01236  0.18095
   0.83081 -0.01141  0.17862
   0.84456 -0.01046  0.17761
   0.85830 -0.00953  0.17761
   0.87204 -0.00859  0.17613
   0.88579 -0.00767  0.17329
   0.89953 -0.00676  0.17368
   0.91326 -0.00586  0.17151
   0.92699 -0.00497  0.17147
   0.94071 -0.00410  0.16766
   0.95443 -0.00322  0.16547
   0.96813 -0.00233  0.16989
   0.98160 -0.00144  0.17444
   0.99384 -0.00062  0.21300
   1.00000 -0.00028  0.27911
