                                                
 Alfa =  10.00000 Re =  4000000.000 Xflap,Yflap =     0.000000    0.000000
#    x        y        Cp  
   1.00000  0.00000  0.37474
   0.99447  0.00089  0.22996
   0.98527  0.00236  0.16269
   0.97474  0.00405  0.11504
   0.96260  0.00599  0.07619
   0.94876  0.00820  0.03705
   0.93391  0.01057  0.00408
   0.91923  0.01291 -0.02638
   0.90435  0.01530 -0.05636
   0.88942  0.01771 -0.08556
   0.87473  0.02009 -0.11673
   0.86015  0.02246 -0.14725
   0.84558  0.02481 -0.17760
   0.83095  0.02715 -0.20887
   0.81621  0.02948 -0.23990
   0.80136  0.03179 -0.26962
   0.78642  0.03406 -0.29947
   0.77145  0.03628 -0.32896
   0.75647  0.03844 -0.35687
   0.74150  0.04054 -0.38388
   0.72658  0.04256 -0.41192
   0.71168  0.04452 -0.43769
   0.69680  0.04640 -0.46361
   0.68192  0.04820 -0.48655
   0.66703  0.04994 -0.51022
   0.65210  0.05162 -0.53348
   0.63713  0.05324 -0.55638
   0.62213  0.05480 -0.58103
   0.60712  0.05630 -0.60497
   0.59211  0.05776 -0.63285
   0.57713  0.05915 -0.66241
   0.56219  0.06047 -0.69363
   0.54732  0.06171 -0.72383
   0.53249  0.06285 -0.75583
   0.51771  0.06389 -0.78557
   0.50295  0.06483 -0.81299
   0.48819  0.06564 -0.83712
   0.47339  0.06635 -0.85797
   0.45855  0.06695 -0.87632
   0.44364  0.06746 -0.89618
   0.42868  0.06789 -0.91478
   0.41366  0.06824 -0.93574
   0.39862  0.06852 -0.95879
   0.38358  0.06874 -0.98834
   0.36858  0.06890 -1.01956
   0.35364  0.06897 -1.05501
   0.33876  0.06897 -1.09002
   0.32392  0.06887 -1.12786
   0.30911  0.06867 -1.16638
   0.29430  0.06837 -1.20530
   0.27944  0.06796 -1.24353
   0.26452  0.06743 -1.28492
   0.24952  0.06680 -1.32965
   0.23447  0.06606 -1.38098
   0.21942  0.06522 -1.44027
   0.20446  0.06430 -1.51411
   0.18967  0.06328 -1.61762
   0.17517  0.06213 -1.74461
   0.16105  0.06078 -1.87487
   0.14737  0.05916 -1.99795
   0.13418  0.05725 -2.09791
   0.12137  0.05505 -2.18554
   0.10872  0.05249 -2.26194
   0.09585  0.04948 -2.29880
   0.08233  0.04596 -2.29477
   0.06899  0.04239 -2.53084
   0.05738  0.03902 -2.98228
   0.04728  0.03546 -3.24898
   0.03794  0.03143 -3.26283
   0.02926  0.02720 -3.32287
   0.02165  0.02321 -3.79066
   0.01560  0.01963 -4.43023
   0.01128  0.01660 -4.81095
   0.00815  0.01406 -5.25429
   0.00581  0.01189 -5.74598
   0.00400  0.00996 -6.27498
   0.00261  0.00819 -6.84262
   0.00154  0.00656 -7.40957
   0.00075  0.00501 -7.91472
   0.00022  0.00354 -8.26507
  -0.00006  0.00211 -8.24098
  -0.00009  0.00072 -7.63241
   0.00015 -0.00064 -6.24059
   0.00066 -0.00200 -4.47380
   0.00144 -0.00337 -2.92734
   0.00251 -0.00476 -1.70571
   0.00390 -0.00617 -0.78839
   0.00566 -0.00763 -0.12796
   0.00788 -0.00914  0.34080
   0.01071 -0.01069  0.66245
   0.01434 -0.01221  0.87021
   0.01907 -0.01352  0.97764
   0.02537 -0.01455  0.99951
   0.03379 -0.01555  0.97594
   0.04474 -0.01658  0.92900
   0.05740 -0.01754  0.87376
   0.07064 -0.01831  0.81863
   0.08424 -0.01878  0.77284
   0.09854 -0.01899  0.73660
   0.11353 -0.01908  0.70297
   0.12878 -0.01909  0.67228
   0.14397 -0.01904  0.64587
   0.15902 -0.01893  0.62362
   0.17404 -0.01878  0.60416
   0.18910 -0.01861  0.58696
   0.20424 -0.01846  0.57054
   0.21947 -0.01834  0.55385
   0.23474 -0.01824  0.53775
   0.25004 -0.01816  0.52173
   0.26534 -0.01810  0.50672
   0.28063 -0.01805  0.49179
   0.29593 -0.01801  0.47780
   0.31122 -0.01797  0.46365
   0.32650 -0.01792  0.45038
   0.34175 -0.01787  0.43762
   0.35699 -0.01780  0.42497
   0.37220 -0.01771  0.41346
   0.38739 -0.01761  0.40190
   0.40258 -0.01748  0.39089
   0.41776 -0.01732  0.38161
   0.43294 -0.01713  0.37247
   0.44813 -0.01691  0.36351
   0.46333 -0.01667  0.35561
   0.47854 -0.01641  0.34758
   0.49376 -0.01612  0.33996
   0.50898 -0.01582  0.33285
   0.52419 -0.01549  0.32528
   0.53940 -0.01514  0.31855
   0.55460 -0.01477  0.31205
   0.56979 -0.01437  0.30549
   0.58497 -0.01395  0.30015
   0.60014 -0.01350  0.29475
   0.61531 -0.01301  0.29121
   0.63048 -0.01251  0.28690
   0.64567 -0.01198  0.28405
   0.66088 -0.01143  0.28090
   0.67610 -0.01088  0.27883
   0.69135 -0.01032  0.27542
   0.70662 -0.00976  0.27302
   0.72191 -0.00920  0.27054
   0.73717 -0.00865  0.26717
   0.75241 -0.00811  0.26380
   0.76765 -0.00758  0.26100
   0.78292 -0.00707  0.25714
   0.79819 -0.00656  0.25465
   0.81339 -0.00607  0.25040
   0.82847 -0.00560  0.24617
   0.84345 -0.00514  0.24204
   0.85836 -0.00470  0.23825
   0.87326 -0.00426  0.23395
   0.88824 -0.00383  0.22954
   0.90341 -0.00340  0.22516
   0.91850 -0.00297  0.21988
   0.93347 -0.00253  0.21632
   0.94848 -0.00205  0.21389
   0.96234 -0.00156  0.21851
   0.97452 -0.00109  0.22596
   0.98512 -0.00066  0.24038
   0.99441 -0.00025  0.27504
   1.00000  0.00000  0.37474
