                                                
 Alfa =  10.00000 Re =  4000000.000 Xflap,Yflap =     0.000000    0.000000
#    x        y        Cp  
   1.00000  0.00299  0.29419
   0.99454  0.00309  0.26554
   0.98446  0.00343  0.25540
   0.97248  0.00408  0.24200
   0.95951  0.00507  0.22441
   0.94600  0.00641  0.20106
   0.93206  0.00806  0.16823
   0.91771  0.00999  0.13198
   0.90306  0.01213  0.09350
   0.88821  0.01443  0.05290
   0.87319  0.01685  0.01210
   0.85801  0.01933 -0.03180
   0.84273  0.02182 -0.07177
   0.82740  0.02429 -0.10916
   0.81209  0.02671 -0.14312
   0.79682  0.02909 -0.17903
   0.78162  0.03141 -0.21322
   0.76650  0.03365 -0.24772
   0.75144  0.03580 -0.28004
   0.73641  0.03786 -0.31020
   0.72138  0.03982 -0.33739
   0.70634  0.04170 -0.36393
   0.69127  0.04348 -0.38781
   0.67617  0.04518 -0.41127
   0.66103  0.04679 -0.43274
   0.64587  0.04833 -0.45396
   0.63069  0.04979 -0.47547
   0.61551  0.05116 -0.49669
   0.60031  0.05246 -0.51713
   0.58510  0.05369 -0.53642
   0.56986  0.05484 -0.55522
   0.55459  0.05592 -0.57448
   0.53930  0.05693 -0.59449
   0.52400  0.05788 -0.61455
   0.50871  0.05877 -0.63574
   0.49341  0.05958 -0.65630
   0.47811  0.06033 -0.67670
   0.46279  0.06102 -0.69768
   0.44745  0.06164 -0.71945
   0.43212  0.06220 -0.74314
   0.41680  0.06269 -0.76642
   0.40149  0.06312 -0.79103
   0.38618  0.06348 -0.81387
   0.37084  0.06378 -0.83880
   0.35547  0.06402 -0.86403
   0.34006  0.06420 -0.89225
   0.32462  0.06434 -0.92381
   0.30917  0.06443 -0.95837
   0.29373  0.06447 -0.99848
   0.27833  0.06447 -1.04360
   0.26298  0.06441 -1.09533
   0.24766  0.06429 -1.15283
   0.23233  0.06410 -1.21952
   0.21700  0.06384 -1.29693
   0.20179  0.06349 -1.38889
   0.18689  0.06304 -1.50901
   0.17247  0.06244 -1.64476
   0.15852  0.06163 -1.78471
   0.14494  0.06053 -1.91926
   0.13159  0.05912 -2.04503
   0.11848  0.05738 -2.18048
   0.10576  0.05530 -2.32494
   0.09345  0.05285 -2.45608
   0.08148  0.05000 -2.57509
   0.06987  0.04675 -2.69231
   0.05877  0.04315 -2.82766
   0.04842  0.03929 -2.98384
   0.03898  0.03524 -3.14527
   0.03073  0.03119 -3.35476
   0.02386  0.02733 -3.56408
   0.01830  0.02376 -3.76725
   0.01386  0.02053 -4.00531
   0.01035  0.01763 -4.29233
   0.00756  0.01499 -4.55289
   0.00535  0.01256 -4.87560
   0.00361  0.01029 -5.05224
   0.00227  0.00815 -5.26195
   0.00127  0.00612 -5.34683
   0.00061  0.00417 -4.96987
   0.00019  0.00233 -4.69060
   0.00000  0.00059 -4.52864
   0.00007 -0.00105 -3.32249
   0.00024 -0.00274 -3.71450
   0.00075 -0.00433 -2.82185
   0.00163 -0.00586 -1.15791
   0.00265 -0.00744 -0.91201
   0.00403 -0.00900 -0.16850
   0.00570 -0.01056  0.23217
   0.00775 -0.01210  0.56166
   0.01023 -0.01363  0.77738
   0.01322 -0.01516  0.90779
   0.01687 -0.01668  0.97776
   0.02138 -0.01820  0.99984
   0.02702 -0.01972  0.98797
   0.03421 -0.02123  0.95331
   0.04341 -0.02273  0.90591
   0.05481 -0.02427  0.85304
   0.06792 -0.02582  0.79893
   0.08210 -0.02731  0.74831
   0.09672 -0.02872  0.70041
   0.11145 -0.02999  0.65892
   0.12640 -0.03114  0.62268
   0.14154 -0.03221  0.58883
   0.15670 -0.03319  0.55745
   0.17185 -0.03409  0.52835
   0.18699 -0.03489  0.50156
   0.20212 -0.03560  0.47704
   0.21728 -0.03622  0.45546
   0.23249 -0.03675  0.43572
   0.24777 -0.03721  0.41731
   0.26309 -0.03760  0.40008
   0.27845 -0.03793  0.38344
   0.29380 -0.03819  0.36833
   0.30917 -0.03839  0.35370
   0.32453 -0.03854  0.33989
   0.33991 -0.03863  0.32717
   0.35530 -0.03867  0.31513
   0.37071 -0.03865  0.30374
   0.38615 -0.03858  0.29326
   0.40160 -0.03847  0.28257
   0.41705 -0.03831  0.27254
   0.43249 -0.03811  0.26256
   0.44791 -0.03786  0.25286
   0.46332 -0.03756  0.24470
   0.47874 -0.03721  0.23629
   0.49416 -0.03681  0.22922
   0.50960 -0.03637  0.22234
   0.52506 -0.03588  0.21571
   0.54053 -0.03535  0.20973
   0.55601 -0.03478  0.20399
   0.57149 -0.03418  0.19791
   0.58697 -0.03354  0.19233
   0.60244 -0.03286  0.18765
   0.61793 -0.03215  0.18298
   0.63342 -0.03140  0.17828
   0.64893 -0.03062  0.17414
   0.66446 -0.02980  0.17021
   0.68000 -0.02897  0.16628
   0.69554 -0.02810  0.16125
   0.71106 -0.02721  0.15787
   0.72657 -0.02630  0.15251
   0.74206 -0.02536  0.14888
   0.75754 -0.02438  0.14479
   0.77301 -0.02337  0.14194
   0.78850 -0.02232  0.13892
   0.80399 -0.02125  0.13519
   0.81947 -0.02015  0.13311
   0.83492 -0.01901  0.12903
   0.85035 -0.01783  0.12691
   0.86576 -0.01662  0.12396
   0.88115 -0.01536  0.12295
   0.89649 -0.01405  0.12093
   0.91173 -0.01269  0.11974
   0.92683 -0.01126  0.12199
   0.94178 -0.00975  0.12726
   0.95652 -0.00816  0.13909
   0.97078 -0.00653  0.15693
   0.98387 -0.00496  0.18763
   0.99450 -0.00366  0.22289
   1.00000 -0.00300  0.29419
