                                                
 Alfa =  10.00000 Re =  4000000.000 Xflap,Yflap =     0.000000    0.000000
#    x        y        Cp  
   1.00000  0.00000  0.27750
   0.99243  0.00102  0.19940
   0.98008  0.00274  0.15324
   0.96636  0.00472  0.11877
   0.95110  0.00703  0.08616
   0.93425  0.00969  0.04955
   0.91592  0.01270  0.01156
   0.89634  0.01602 -0.02807
   0.87571  0.01958 -0.06865
   0.85420  0.02336 -0.11022
   0.83204  0.02729 -0.15476
   0.80945  0.03132 -0.19990
   0.78672  0.03536 -0.24731
   0.76404  0.03936 -0.29507
   0.74151  0.04326 -0.34368
   0.71913  0.04705 -0.38996
   0.69691  0.05073 -0.43764
   0.67485  0.05426 -0.48575
   0.65300  0.05764 -0.53464
   0.63133  0.06085 -0.58315
   0.60984  0.06389 -0.63237
   0.58853  0.06674 -0.68111
   0.56738  0.06941 -0.73175
   0.54646  0.07187 -0.78190
   0.52580  0.07412 -0.83435
   0.50535  0.07613 -0.88448
   0.48501  0.07791 -0.93217
   0.46483  0.07947 -0.98285
   0.44507  0.08079 -1.04249
   0.42586  0.08179 -1.10072
   0.40690  0.08243 -1.13086
   0.38754  0.08272 -1.12150
   0.36743  0.08282 -1.11365
   0.34702  0.08290 -1.16018
   0.32711  0.08289 -1.23510
   0.30770  0.08263 -1.28970
   0.28820  0.08207 -1.30504
   0.26835  0.08130 -1.32232
   0.24867  0.08047 -1.37682
   0.22998  0.07960 -1.45420
   0.21251  0.07868 -1.53623
   0.19620  0.07768 -1.61561
   0.18109  0.07665 -1.70558
   0.16741  0.07563 -1.81612
   0.15530  0.07467 -1.97449
   0.14464  0.07368 -2.14021
   0.13521  0.07262 -2.28340
   0.12677  0.07146 -2.39358
   0.11913  0.07019 -2.45038
   0.11213  0.06882 -2.38878
   0.10566  0.06744 -2.27127
   0.09961  0.06616 -2.20220
   0.09394  0.06506 -2.20848
   0.08860  0.06418 -2.42034
   0.08359  0.06344 -2.78730
   0.07891  0.06272 -3.21330
   0.07453  0.06195 -3.64397
   0.07043  0.06104 -4.04138
   0.06659  0.05997 -4.33270
   0.06297  0.05869 -4.43146
   0.05956  0.05717 -4.07003
   0.05629  0.05548 -3.49333
   0.05310  0.05377 -3.00845
   0.04993  0.05214 -2.68932
   0.04674  0.05071 -2.83261
   0.04354  0.04941 -3.34645
   0.04041  0.04810 -3.93870
   0.03739  0.04664 -4.17436
   0.03449  0.04500 -3.93446
   0.03167  0.04324 -3.63246
   0.02888  0.04148 -3.42300
   0.02610  0.03976 -3.52007
   0.02336  0.03808 -3.76634
   0.02068  0.03640 -4.09537
   0.01808  0.03470 -4.52332
   0.01561  0.03293 -5.05689
   0.01333  0.03104 -5.31652
   0.01125  0.02899 -5.07770
   0.00931  0.02684 -4.81181
   0.00748  0.02465 -4.89793
   0.00581  0.02241 -5.12779
   0.00436  0.02008 -5.08944
   0.00314  0.01766 -4.69509
   0.00215  0.01516 -4.22026
   0.00135  0.01262 -3.76380
   0.00074  0.01006 -3.33662
   0.00031  0.00747 -2.92776
   0.00005  0.00488 -2.52818
  -0.00005  0.00228 -2.16684
   0.00002 -0.00031 -1.87661
   0.00027 -0.00288 -1.71571
   0.00081 -0.00537 -1.47432
   0.00176 -0.00772 -0.93969
   0.00315 -0.00990 -0.28224
   0.00487 -0.01192  0.17685
   0.00685 -0.01375  0.48646
   0.00909 -0.01535  0.71573
   0.01159 -0.01670  0.86778
   0.01434 -0.01777  0.95416
   0.01732 -0.01857  0.99187
   0.02054 -0.01916  0.99997
   0.02400 -0.01962  0.99390
   0.02768 -0.02003  0.98109
   0.03162 -0.02038  0.96477
   0.03585 -0.02070  0.94650
   0.04043 -0.02098  0.92734
   0.04541 -0.02124  0.90810
   0.05087 -0.02148  0.88892
   0.05689 -0.02174  0.86953
   0.06356 -0.02204  0.84887
   0.07101 -0.02240  0.82632
   0.07936 -0.02283  0.80233
   0.08874 -0.02333  0.77682
   0.09930 -0.02389  0.74990
   0.11123 -0.02451  0.72247
   0.12472 -0.02519  0.69412
   0.13990 -0.02593  0.66576
   0.15677 -0.02673  0.63815
   0.17516 -0.02762  0.61041
   0.19490 -0.02865  0.58010
   0.21583 -0.02979  0.54829
   0.23764 -0.03100  0.51635
   0.25990 -0.03224  0.48364
   0.28210 -0.03346  0.45007
   0.30395 -0.03456  0.41751
   0.32542 -0.03551  0.38718
   0.34662 -0.03628  0.35957
   0.36752 -0.03686  0.33235
   0.38797 -0.03723  0.30574
   0.40802 -0.03733  0.28322
   0.42800 -0.03711  0.27078
   0.44828 -0.03660  0.26379
   0.46899 -0.03586  0.25821
   0.49001 -0.03492  0.25252
   0.51125 -0.03378  0.24803
   0.53271 -0.03247  0.24600
   0.55445 -0.03098  0.24487
   0.57647 -0.02933  0.24489
   0.59873 -0.02755  0.24617
   0.62122 -0.02564  0.24772
   0.64391 -0.02362  0.25060
   0.66680 -0.02150  0.25430
   0.68989 -0.01930  0.25966
   0.71311 -0.01705  0.26533
   0.73635 -0.01478  0.27139
   0.75946 -0.01253  0.27880
   0.78228 -0.01034  0.28610
   0.80464 -0.00824  0.29438
   0.82636 -0.00629  0.30262
   0.84735 -0.00452  0.31132
   0.86764 -0.00296  0.31690
   0.88722 -0.00161  0.32211
   0.90585 -0.00047  0.32923
   0.92323  0.00043  0.34120
   0.93928  0.00103  0.34971
   0.95408  0.00129  0.35079
   0.96778  0.00125  0.34316
   0.98053  0.00094  0.32807
   0.99245  0.00043  0.31190
   1.00000  0.00000  0.27750
