                                                
 Alfa =  10.00000 Re =  4000000.000 Xflap,Yflap =     0.000000    0.000000
#    x        y        Cp  
   1.00000  0.00100  0.47419
   0.99503  0.00203  0.28824
   0.98678  0.00372  0.21210
   0.97737  0.00563  0.15014
   0.96656  0.00781  0.09819
   0.95417  0.01026  0.04908
   0.94076  0.01288  0.00297
   0.92764  0.01541 -0.03857
   0.91445  0.01790 -0.07634
   0.90088  0.02042 -0.11637
   0.88739  0.02287 -0.14872
   0.87412  0.02523 -0.18528
   0.86094  0.02751 -0.21846
   0.84775  0.02973 -0.24866
   0.83448  0.03189 -0.28069
   0.82109  0.03400 -0.31254
   0.80754  0.03604 -0.34169
   0.79386  0.03802 -0.36718
   0.78007  0.03991 -0.39192
   0.76623  0.04172 -0.41701
   0.75236  0.04344 -0.43799
   0.73849  0.04508 -0.45958
   0.72464  0.04664 -0.47840
   0.71080  0.04811 -0.49931
   0.69700  0.04951 -0.51950
   0.68321  0.05084 -0.53718
   0.66942  0.05210 -0.55919
   0.65563  0.05329 -0.57745
   0.64184  0.05441 -0.59620
   0.62803  0.05546 -0.61640
   0.61421  0.05644 -0.63543
   0.60038  0.05735 -0.65414
   0.58653  0.05818 -0.67146
   0.57268  0.05895 -0.69038
   0.55882  0.05965 -0.70978
   0.54496  0.06028 -0.72726
   0.53109  0.06085 -0.74460
   0.51723  0.06134 -0.76460
   0.50336  0.06177 -0.78212
   0.48949  0.06212 -0.80139
   0.47562  0.06242 -0.81956
   0.46174  0.06264 -0.84149
   0.44787  0.06279 -0.86134
   0.43399  0.06288 -0.88029
   0.42011  0.06290 -0.90388
   0.40624  0.06284 -0.92473
   0.39238  0.06272 -0.94900
   0.37852  0.06252 -0.97322
   0.36467  0.06224 -0.99825
   0.35083  0.06189 -1.02572
   0.33701  0.06145 -1.05136
   0.32319  0.06093 -1.08106
   0.30938  0.06032 -1.10843
   0.29558  0.05961 -1.13811
   0.28177  0.05880 -1.16821
   0.26796  0.05789 -1.20126
   0.25416  0.05688 -1.23292
   0.24035  0.05576 -1.26908
   0.22656  0.05454 -1.30510
   0.21280  0.05320 -1.34604
   0.19907  0.05174 -1.38912
   0.18540  0.05017 -1.44133
   0.17179  0.04848 -1.49818
   0.15825  0.04663 -1.55639
   0.14473  0.04461 -1.61658
   0.13122  0.04240 -1.67643
   0.11768  0.04001 -1.74319
   0.10417  0.03745 -1.82769
   0.09076  0.03473 -1.95284
   0.07755  0.03183 -2.11656
   0.06457  0.02865 -2.28467
   0.05173  0.02518 -2.49355
   0.03888  0.02134 -2.88768
   0.02640  0.01699 -3.46464
   0.01569  0.01250 -4.27986
   0.00784  0.00850 -6.37472
   0.00394  0.00582 -8.58093
   0.00194  0.00400-11.37423
   0.00077  0.00254-15.06974
   0.00014  0.00126-19.51058
  -0.00001  0.00009-21.04368
   0.00032 -0.00104-13.89915
   0.00114 -0.00217 -7.01269
   0.00255 -0.00338 -3.04464
   0.00488 -0.00481 -0.82424
   0.00950 -0.00687  0.41953
   0.01837 -0.00979  0.91072
   0.03002 -0.01286  0.99928
   0.04351 -0.01573  0.97656
   0.05688 -0.01815  0.92872
   0.07010 -0.02031  0.87662
   0.08348 -0.02223  0.82679
   0.09708 -0.02395  0.78240
   0.11080 -0.02555  0.74058
   0.12458 -0.02706  0.70068
   0.13832 -0.02843  0.66346
   0.15203 -0.02968  0.62966
   0.16573 -0.03079  0.59942
   0.17945 -0.03177  0.57291
   0.19323 -0.03266  0.54819
   0.20705 -0.03345  0.52506
   0.22091 -0.03417  0.50335
   0.23480 -0.03481  0.48291
   0.24869 -0.03537  0.46390
   0.26258 -0.03586  0.44566
   0.27647 -0.03628  0.42905
   0.29035 -0.03662  0.41291
   0.30422 -0.03690  0.39923
   0.31809 -0.03711  0.38613
   0.33197 -0.03726  0.37226
   0.34585 -0.03735  0.36190
   0.35974 -0.03739  0.35078
   0.37363 -0.03737  0.34037
   0.38754 -0.03731  0.33070
   0.40146 -0.03720  0.32160
   0.41538 -0.03705  0.31309
   0.42930 -0.03686  0.30342
   0.44322 -0.03663  0.29550
   0.45714 -0.03635  0.28754
   0.47106 -0.03604  0.27993
   0.48498 -0.03569  0.27271
   0.49890 -0.03529  0.26564
   0.51281 -0.03486  0.25955
   0.52673 -0.03439  0.25350
   0.54065 -0.03388  0.24744
   0.55457 -0.03334  0.24216
   0.56850 -0.03275  0.23709
   0.58242 -0.03213  0.23187
   0.59633 -0.03147  0.22854
   0.61024 -0.03078  0.22420
   0.62413 -0.03005  0.21943
   0.63801 -0.02928  0.21664
   0.65188 -0.02849  0.21485
   0.66574 -0.02765  0.21078
   0.67961 -0.02678  0.21099
   0.69348 -0.02588  0.20589
   0.70739 -0.02495  0.20770
   0.72133 -0.02398  0.20686
   0.73524 -0.02299  0.20646
   0.74910 -0.02198  0.20757
   0.76294 -0.02097  0.20753
   0.77677 -0.01994  0.20676
   0.79064 -0.01892  0.20801
   0.80456 -0.01789  0.20657
   0.81836 -0.01688  0.20427
   0.83202 -0.01588  0.20047
   0.84552 -0.01487  0.19937
   0.85893 -0.01386  0.19909
   0.87231 -0.01282  0.19632
   0.88578 -0.01175  0.19731
   0.89946 -0.01062  0.19663
   0.91321 -0.00944  0.20074
   0.92659 -0.00825  0.20838
   0.93990 -0.00702  0.21390
   0.95350 -0.00572  0.22837
   0.96606 -0.00449  0.24160
   0.97703 -0.00339  0.26383
   0.98658 -0.00241  0.28954
   0.99495 -0.00154  0.33332
   1.00000 -0.00100  0.47419
