                                                
 Alfa =  10.00000 Re =  4000000.000 Xflap,Yflap =     0.000000    0.000000
#    x        y        Cp  
   1.00000  0.00000  0.59493
   0.99349  0.00237  0.34802
   0.98274  0.00618  0.21133
   0.97083  0.01019  0.11065
   0.95775  0.01433  0.04073
   0.94357  0.01860 -0.01895
   0.92839  0.02297 -0.06902
   0.91242  0.02743 -0.11799
   0.89591  0.03192 -0.16836
   0.87904  0.03636 -0.21523
   0.86191  0.04074 -0.26044
   0.84461  0.04503 -0.30366
   0.82715  0.04923 -0.34369
   0.80958  0.05334 -0.38508
   0.79195  0.05734 -0.42571
   0.77427  0.06125 -0.46693
   0.75659  0.06504 -0.50858
   0.73890  0.06871 -0.54992
   0.72122  0.07225 -0.59125
   0.70354  0.07567 -0.63092
   0.68584  0.07896 -0.67081
   0.66814  0.08212 -0.71226
   0.65045  0.08515 -0.75264
   0.63275  0.08805 -0.79267
   0.61505  0.09081 -0.83388
   0.59735  0.09344 -0.87525
   0.57966  0.09593 -0.91775
   0.56198  0.09827 -0.96020
   0.54431  0.10048 -1.00317
   0.52665  0.10254 -1.04878
   0.50904  0.10446 -1.09679
   0.49150  0.10621 -1.14638
   0.47403  0.10780 -1.19696
   0.45663  0.10922 -1.24927
   0.43933  0.11046 -1.30431
   0.42214  0.11151 -1.36051
   0.40507  0.11237 -1.41868
   0.38813  0.11301 -1.47706
   0.37132  0.11344 -1.53626
   0.35462  0.11363 -1.59368
   0.33804  0.11360 -1.65110
   0.32159  0.11333 -1.71185
   0.30529  0.11281 -1.77113
   0.28912  0.11204 -1.82912
   0.27310  0.11101 -1.88669
   0.25721  0.10971 -1.94251
   0.24148  0.10815 -1.99970
   0.22593  0.10632 -2.05650
   0.21057  0.10423 -2.11502
   0.19545  0.10187 -2.17716
   0.18064  0.09927 -2.24499
   0.16619  0.09641 -2.31149
   0.15214  0.09330 -2.37588
   0.13855  0.08998 -2.44438
   0.12552  0.08648 -2.52045
   0.11316  0.08284 -2.61209
   0.10159  0.07912 -2.71260
   0.09086  0.07534 -2.82008
   0.08099  0.07152 -2.91662
   0.07195  0.06768 -2.99979
   0.06373  0.06385 -3.07116
   0.05628  0.06009 -3.13696
   0.04955  0.05640 -3.19051
   0.04349  0.05281 -3.22997
   0.03804  0.04936 -3.28337
   0.03314  0.04604 -3.35977
   0.02874  0.04287 -3.44341
   0.02480  0.03982 -3.52930
   0.02127  0.03688 -3.61542
   0.01811  0.03404 -3.69566
   0.01527  0.03129 -3.79810
   0.01273  0.02861 -3.90622
   0.01048  0.02599 -3.97169
   0.00851  0.02342 -3.99253
   0.00678  0.02089 -3.95372
   0.00528  0.01841 -3.88504
   0.00400  0.01597 -3.79049
   0.00290  0.01357 -3.67310
   0.00198  0.01120 -3.53280
   0.00125  0.00889 -3.38382
   0.00068  0.00666 -3.26156
   0.00028  0.00450 -3.12963
   0.00006  0.00241 -2.96355
   0.00000  0.00035 -2.74210
   0.00014 -0.00171 -2.46896
   0.00050 -0.00378 -2.13325
   0.00114 -0.00585 -1.67339
   0.00210 -0.00788 -1.07367
   0.00335 -0.00984 -0.52793
   0.00488 -0.01171 -0.07721
   0.00667 -0.01349  0.27048
   0.00869 -0.01519  0.52751
   0.01094 -0.01686  0.70021
   0.01340 -0.01849  0.81901
   0.01610 -0.02009  0.90009
   0.01905 -0.02166  0.95332
   0.02228 -0.02320  0.98420
   0.02582 -0.02473  0.99812
   0.02970 -0.02626  0.99900
   0.03394 -0.02780  0.98973
   0.03861 -0.02932  0.97210
   0.04374 -0.03083  0.94784
   0.04943 -0.03230  0.91836
   0.05573 -0.03373  0.88490
   0.06274 -0.03509  0.84944
   0.07057 -0.03638  0.81240
   0.07931 -0.03758  0.77518
   0.08905 -0.03868  0.73795
   0.09986 -0.03965  0.70140
   0.11177 -0.04046  0.66658
   0.12477 -0.04109  0.63473
   0.13881 -0.04152  0.60504
   0.15380 -0.04174  0.57888
   0.16963 -0.04177  0.55547
   0.18613 -0.04163  0.53413
   0.20316 -0.04131  0.51456
   0.22060 -0.04083  0.49843
   0.23844 -0.04020  0.48483
   0.25665 -0.03946  0.47335
   0.27516 -0.03862  0.46280
   0.29393 -0.03773  0.45332
   0.31291 -0.03679  0.44413
   0.33204 -0.03583  0.43492
   0.35125 -0.03487  0.42571
   0.37050 -0.03390  0.41624
   0.38975 -0.03293  0.40741
   0.40898 -0.03196  0.39850
   0.42819 -0.03097  0.39042
   0.44739 -0.02997  0.38264
   0.46656 -0.02895  0.37557
   0.48573 -0.02791  0.36867
   0.50489 -0.02686  0.36261
   0.52404 -0.02578  0.35708
   0.54320 -0.02469  0.35222
   0.56239 -0.02357  0.34824
   0.58159 -0.02244  0.34420
   0.60080 -0.02130  0.34091
   0.62002 -0.02014  0.33833
   0.63922 -0.01899  0.33617
   0.65837 -0.01786  0.33454
   0.67750 -0.01675  0.33143
   0.69661 -0.01566  0.32888
   0.71570 -0.01460  0.32667
   0.73475 -0.01357  0.32418
   0.75381 -0.01257  0.32033
   0.77288 -0.01161  0.31750
   0.79197 -0.01066  0.31430
   0.81105 -0.00974  0.31128
   0.83012 -0.00884  0.30807
   0.84913 -0.00795  0.30675
   0.86799 -0.00709  0.30538
   0.88663 -0.00627  0.30348
   0.90489 -0.00548  0.30330
   0.92252 -0.00474  0.30113
   0.93926 -0.00405  0.29732
   0.95479 -0.00334  0.29730
   0.96893 -0.00256  0.30543
   0.98167 -0.00166  0.33885
   0.99309 -0.00067  0.41306
   1.00000  0.00000  0.59493
