                                                
 Alfa =  10.00000 Re =  4000000.000 Xflap,Yflap =     0.000000    0.000000
#    x        y        Cp  
   1.00000 -0.00360  0.04806
   0.99481 -0.00310  0.01720
   0.98320 -0.00206 -0.07823
   0.97029 -0.00112 -0.07915
   0.95725 -0.00028 -0.12027
   0.94420  0.00048 -0.19578
   0.93115  0.00114 -0.12292
   0.91810  0.00179 -0.15393
   0.90504  0.00235 -0.18082
   0.89199  0.00287 -0.18448
   0.87893  0.00334 -0.21486
   0.86588  0.00378 -0.21972
   0.85280  0.00416 -0.21738
   0.83974  0.00456 -0.23087
   0.82667  0.00488 -0.21630
   0.81358  0.00521 -0.24359
   0.80050  0.00554 -0.22575
   0.78744  0.00586 -0.26194
   0.77436  0.00611 -0.26448
   0.76128  0.00637 -0.24971
   0.74819  0.00664 -0.29112
   0.73510  0.00690 -0.28771
   0.72202  0.00716 -0.28552
   0.70895  0.00742 -0.32142
   0.69587  0.00761 -0.30757
   0.68279  0.00781 -0.31192
   0.66970  0.00800 -0.33942
   0.65661  0.00820 -0.32819
   0.64352  0.00840 -0.36021
   0.63045  0.00859 -0.36135
   0.61738  0.00872 -0.37301
   0.60429  0.00886 -0.35314
   0.59120  0.00899 -0.39063
   0.57811  0.00912 -0.38311
   0.56502  0.00925 -0.41981
   0.55194  0.00938 -0.40552
   0.53887  0.00951 -0.43190
   0.52579  0.00957 -0.43960
   0.51271  0.00964 -0.44737
   0.49962  0.00970 -0.44772
   0.48652  0.00977 -0.47593
   0.47343  0.00983 -0.46738
   0.46034  0.00990 -0.49710
   0.44726  0.00997 -0.50967
   0.43420  0.01000 -0.53707
   0.42111  0.01000 -0.52649
   0.40802  0.01000 -0.54864
   0.39493  0.01000 -0.56401
   0.38184  0.01000 -0.57010
   0.36875  0.01000 -0.59787
   0.35566  0.01000 -0.61413
   0.34258  0.01000 -0.64471
   0.32952  0.00995 -0.66805
   0.31643  0.00988 -0.66032
   0.30334  0.00982 -0.70411
   0.29025  0.00975 -0.71831
   0.27716  0.00969 -0.73848
   0.26408  0.00962 -0.78894
   0.25102  0.00951 -0.80481
   0.23793  0.00938 -0.83185
   0.22484  0.00925 -0.86476
   0.21175  0.00912 -0.90102
   0.19867  0.00899 -0.95184
   0.18560  0.00884 -1.00629
   0.17253  0.00864 -1.04310
   0.15944  0.00844 -1.10428
   0.14638  0.00823 -1.18480
   0.13330  0.00796 -1.23923
   0.12023  0.00771 -1.35101
   0.10717  0.00738 -1.44255
   0.09412  0.00703 -1.57416
   0.08106  0.00663 -1.74139
   0.06800  0.00618 -1.92883
   0.05494  0.00571 -2.27029
   0.04191  0.00510 -2.67582
   0.02894  0.00438 -3.44444
   0.01652  0.00348 -5.00288
   0.00660  0.00230 -9.64437
   0.00225  0.00144-17.93830
   0.00025  0.00044*********
   0.00025 -0.00045-77.53747
   0.00226 -0.00144 -3.94989
   0.00661 -0.00230 -0.47748
   0.01656 -0.00348  0.85180
   0.02898 -0.00439  0.99500
   0.04196 -0.00510  0.98738
   0.05498 -0.00571  0.94758
   0.06804 -0.00618  0.90483
   0.08110 -0.00663  0.86160
   0.09416 -0.00703  0.82284
   0.10721 -0.00738  0.78789
   0.12027 -0.00771  0.75432
   0.13334 -0.00797  0.72675
   0.14642 -0.00823  0.69847
   0.15949 -0.00844  0.67467
   0.17257 -0.00864  0.65276
   0.18565 -0.00884  0.63014
   0.19871 -0.00899  0.60931
   0.21180 -0.00912  0.59648
   0.22489 -0.00925  0.57604
   0.23798 -0.00938  0.56052
   0.25106 -0.00951  0.54408
   0.26413 -0.00962  0.52620
   0.27720 -0.00969  0.52041
   0.29029 -0.00975  0.50233
   0.30338 -0.00982  0.49184
   0.31647 -0.00988  0.47961
   0.32954 -0.00995  0.45724
   0.34262 -0.00995  0.46018
   0.35570 -0.00995  0.44386
   0.36880 -0.00995  0.43749
   0.38188 -0.00995  0.42375
   0.39496 -0.00995  0.41694
   0.40803 -0.00991  0.40065
   0.42111 -0.00984  0.39664
   0.43419 -0.00978  0.38888
   0.44726 -0.00968  0.37799
   0.46034 -0.00955  0.37276
   0.47343 -0.00942  0.36988
   0.48652 -0.00928  0.35546
   0.49959 -0.00915  0.35168
   0.51266 -0.00896  0.34570
   0.52575 -0.00876  0.32923
   0.53883 -0.00857  0.33792
   0.55190 -0.00836  0.32366
   0.56497 -0.00810  0.32195
   0.57805 -0.00784  0.31309
   0.59112 -0.00757  0.31662
   0.60419 -0.00724  0.30136
   0.61727 -0.00692  0.31378
   0.63036 -0.00659  0.29017
   0.64345 -0.00626  0.31150
   0.65654 -0.00594  0.28745
   0.66962 -0.00561  0.28967
   0.68271 -0.00528  0.28393
   0.69580 -0.00495  0.29162
   0.70888 -0.00463  0.28388
   0.72197 -0.00430  0.28303
   0.73506 -0.00397  0.27538
   0.74815 -0.00365  0.26792
   0.76123 -0.00332  0.27838
   0.77432 -0.00299  0.27248
   0.78739 -0.00266  0.28151
   0.80045 -0.00239  0.27500
   0.81354 -0.00213  0.27263
   0.82661 -0.00186  0.27978
   0.83968 -0.00165  0.27714
   0.85275 -0.00152  0.26490
   0.86582 -0.00141  0.26265
   0.87888 -0.00140  0.25678
   0.89192 -0.00141  0.27485
   0.90497 -0.00155  0.24147
   0.91804 -0.00172  0.27959
   0.93111 -0.00197  0.26271
   0.94417 -0.00232  0.21281
   0.95721 -0.00278  0.22640
   0.97026 -0.00341  0.24539
   0.98318 -0.00421  0.18646
   0.99480 -0.00507  0.17009
   1.00000 -0.00550  0.04806
