                                                
 Alfa =  10.00000 Re =  4000000.000 Xflap,Yflap =     0.000000    0.000000
#    x        y        Cp  
   1.00000  0.00000  0.25480
   0.99437  0.00072  0.19609
   0.98334  0.00232  0.12681
   0.97020  0.00434  0.05207
   0.95630  0.00648  0.00334
   0.94229  0.00857 -0.03590
   0.92821  0.01063 -0.06820
   0.91405  0.01265 -0.09548
   0.89986  0.01465 -0.12231
   0.88568  0.01661 -0.14832
   0.87149  0.01854 -0.17418
   0.85730  0.02045 -0.19721
   0.84310  0.02232 -0.22221
   0.82890  0.02416 -0.24402
   0.81472  0.02596 -0.26948
   0.80054  0.02773 -0.29332
   0.78637  0.02945 -0.31565
   0.77222  0.03113 -0.33923
   0.75806  0.03275 -0.35992
   0.74390  0.03433 -0.38291
   0.72974  0.03585 -0.40224
   0.71558  0.03732 -0.42412
   0.70142  0.03874 -0.44331
   0.68725  0.04010 -0.46339
   0.67307  0.04141 -0.48227
   0.65888  0.04268 -0.50115
   0.64468  0.04389 -0.52025
   0.63047  0.04505 -0.53990
   0.61626  0.04617 -0.55949
   0.60206  0.04723 -0.57945
   0.58785  0.04824 -0.59962
   0.57364  0.04920 -0.61938
   0.55944  0.05010 -0.63949
   0.54522  0.05096 -0.65990
   0.53101  0.05176 -0.68083
   0.51679  0.05250 -0.70201
   0.50258  0.05319 -0.72378
   0.48836  0.05383 -0.74540
   0.47415  0.05441 -0.76886
   0.45995  0.05493 -0.79160
   0.44575  0.05539 -0.81598
   0.43155  0.05579 -0.83993
   0.41736  0.05612 -0.86488
   0.40316  0.05639 -0.89031
   0.38897  0.05660 -0.91719
   0.37478  0.05674 -0.94539
   0.36061  0.05681 -0.97547
   0.34644  0.05681 -1.00559
   0.33229  0.05674 -1.03694
   0.31816  0.05659 -1.07080
   0.30403  0.05635 -1.10567
   0.28992  0.05604 -1.14304
   0.27582  0.05563 -1.18154
   0.26175  0.05513 -1.22327
   0.24770  0.05454 -1.26862
   0.23368  0.05384 -1.31713
   0.21970  0.05303 -1.36834
   0.20576  0.05211 -1.42481
   0.19186  0.05106 -1.48514
   0.17803  0.04988 -1.55168
   0.16424  0.04855 -1.62441
   0.15053  0.04706 -1.70453
   0.13691  0.04540 -1.79380
   0.12342  0.04355 -1.89627
   0.11007  0.04151 -2.00954
   0.09684  0.03923 -2.14308
   0.08376  0.03669 -2.29695
   0.07105  0.03390 -2.49106
   0.05886  0.03086 -2.72393
   0.04704  0.02746 -2.99891
   0.03584  0.02373 -3.35764
   0.02647  0.02011 -3.90731
   0.01908  0.01668 -4.44961
   0.01312  0.01338 -4.88094
   0.00866  0.01057 -5.58686
   0.00551  0.00838 -7.44716
   0.00334  0.00647 -9.38054
   0.00186  0.00466-10.52044
   0.00088  0.00289-10.95732
   0.00030  0.00120-11.38639
   0.00010 -0.00037-11.60917
   0.00030 -0.00182-10.15434
   0.00093 -0.00320 -6.40280
   0.00203 -0.00458 -3.33978
   0.00370 -0.00607 -1.33724
   0.00610 -0.00780 -0.25025
   0.00947 -0.00980  0.38824
   0.01376 -0.01181  0.75846
   0.01895 -0.01370  0.93155
   0.02580 -0.01563  0.99611
   0.03553 -0.01771  0.98672
   0.04711 -0.01955  0.93868
   0.05915 -0.02099  0.88410
   0.07200 -0.02216  0.83086
   0.08551 -0.02310  0.78166
   0.09922 -0.02382  0.73872
   0.11300 -0.02437  0.70125
   0.12689 -0.02478  0.66794
   0.14091 -0.02507  0.63881
   0.15500 -0.02525  0.61245
   0.16913 -0.02535  0.58905
   0.18330 -0.02537  0.56800
   0.19752 -0.02533  0.54911
   0.21178 -0.02523  0.53164
   0.22605 -0.02508  0.51534
   0.24034 -0.02490  0.50009
   0.25463 -0.02467  0.48578
   0.26892 -0.02441  0.47300
   0.28323 -0.02411  0.46105
   0.29757 -0.02378  0.45017
   0.31191 -0.02343  0.43949
   0.32627 -0.02306  0.42932
   0.34062 -0.02266  0.41979
   0.35498 -0.02224  0.41063
   0.36933 -0.02181  0.40197
   0.38369 -0.02136  0.39390
   0.39806 -0.02089  0.38634
   0.41243 -0.02040  0.37829
   0.42680 -0.01990  0.37167
   0.44118 -0.01939  0.36463
   0.45555 -0.01886  0.35796
   0.46993 -0.01832  0.35136
   0.48431 -0.01777  0.34563
   0.49868 -0.01720  0.33873
   0.51304 -0.01662  0.33342
   0.52740 -0.01603  0.32782
   0.54175 -0.01541  0.32259
   0.55608 -0.01478  0.31785
   0.57042 -0.01412  0.31327
   0.58475 -0.01345  0.30951
   0.59909 -0.01275  0.30729
   0.61344 -0.01203  0.30462
   0.62780 -0.01129  0.30223
   0.64218 -0.01055  0.30082
   0.65657 -0.00980  0.29963
   0.67097 -0.00905  0.29809
   0.68536 -0.00830  0.29821
   0.69974 -0.00756  0.29584
   0.71411 -0.00683  0.29489
   0.72846 -0.00612  0.29379
   0.74281 -0.00542  0.29185
   0.75716 -0.00475  0.29170
   0.77149 -0.00409  0.29014
   0.78583 -0.00346  0.28821
   0.80015 -0.00286  0.28812
   0.81446 -0.00228  0.28568
   0.82876 -0.00173  0.28622
   0.84305 -0.00122  0.28464
   0.85732 -0.00075  0.28249
   0.87158 -0.00033  0.28144
   0.88582  0.00005  0.28144
   0.90005  0.00037  0.27862
   0.91424  0.00063  0.27889
   0.92839  0.00082  0.27585
   0.94247  0.00093  0.27481
   0.95646  0.00094  0.27256
   0.97020  0.00084  0.26981
   0.98321  0.00061  0.27434
   0.99432  0.00026  0.27178
   1.00000  0.00000  0.25480
