                                                
 Alfa =  10.00000 Re =  4000000.000 Xflap,Yflap =     0.000000    0.000000
#    x        y        Cp  
   1.00000  0.00244  0.25525
   0.99405  0.00365  0.12011
   0.98371  0.00573  0.05645
   0.97149  0.00817 -0.00733
   0.95768  0.01087 -0.06469
   0.94284  0.01371 -0.12594
   0.92738  0.01654 -0.17645
   0.91154  0.01928 -0.22202
   0.89542  0.02189 -0.25670
   0.87894  0.02443 -0.28664
   0.86237  0.02688 -0.32719
   0.84582  0.02921 -0.35906
   0.82926  0.03142 -0.39791
   0.81282  0.03345 -0.42698
   0.79619  0.03536 -0.44685
   0.77960  0.03716 -0.48406
   0.76312  0.03878 -0.50656
   0.74651  0.04027 -0.52441
   0.72989  0.04164 -0.55222
   0.71337  0.04285 -0.57021
   0.69666  0.04393 -0.58057
   0.68007  0.04488 -0.60947
   0.66336  0.04565 -0.60009
   0.64635  0.04637 -0.61726
   0.62939  0.04698 -0.62855
   0.61224  0.04750 -0.63442
   0.59503  0.04796 -0.65205
   0.57793  0.04832 -0.66607
   0.56067  0.04857 -0.66379
   0.54329  0.04880 -0.68360
   0.52596  0.04897 -0.69981
   0.50856  0.04907 -0.71219
   0.49113  0.04910 -0.72969
   0.47376  0.04908 -0.75008
   0.45640  0.04898 -0.76481
   0.43899  0.04882 -0.78253
   0.42164  0.04859 -0.80583
   0.40428  0.04828 -0.81997
   0.38689  0.04791 -0.84386
   0.36951  0.04746 -0.85791
   0.35197  0.04695 -0.87621
   0.33444  0.04640 -0.90397
   0.31688  0.04580 -0.92861
   0.29937  0.04517 -0.96479
   0.28186  0.04447 -0.99234
   0.26439  0.04374 -1.04102
   0.24706  0.04293 -1.07963
   0.22963  0.04203 -1.11786
   0.21214  0.04109 -1.16706
   0.19470  0.04012 -1.23228
   0.17748  0.03912 -1.31538
   0.16053  0.03804 -1.40407
   0.14389  0.03689 -1.50927
   0.12770  0.03565 -1.63148
   0.11209  0.03432 -1.76357
   0.09725  0.03293 -1.93165
   0.08369  0.03152 -2.13385
   0.07162  0.03011 -2.36292
   0.06112  0.02873 -2.59102
   0.05213  0.02743 -2.89172
   0.04452  0.02622 -3.19854
   0.03802  0.02509 -3.57843
   0.03248  0.02403 -4.08163
   0.02770  0.02298 -4.56537
   0.02352  0.02194 -5.15506
   0.01983  0.02090 -5.98028
   0.01656  0.01980 -6.85110
   0.01365  0.01860 -7.68341
   0.01106  0.01728 -8.41645
   0.00874  0.01587 -9.20652
   0.00670  0.01434 -9.98284
   0.00495  0.01269-10.47149
   0.00349  0.01093-10.50367
   0.00232  0.00907 -9.94603
   0.00142  0.00714 -8.92734
   0.00073  0.00519 -8.37056
   0.00027  0.00324 -7.62400
   0.00004  0.00131 -6.66052
   0.00001 -0.00059 -5.71806
   0.00016 -0.00252 -4.78381
   0.00050 -0.00451 -3.97683
   0.00105 -0.00653 -3.29820
   0.00186 -0.00855 -2.44635
   0.00293 -0.01054 -1.58603
   0.00423 -0.01254 -1.01268
   0.00578 -0.01450 -0.49589
   0.00762 -0.01642 -0.04781
   0.00975 -0.01830  0.29778
   0.01220 -0.02017  0.55050
   0.01496 -0.02204  0.72730
   0.01807 -0.02395  0.84377
   0.02159 -0.02590  0.92346
   0.02560 -0.02789  0.97188
   0.03015 -0.02999  0.99516
   0.03536 -0.03219  0.99949
   0.04133 -0.03449  0.98822
   0.04816 -0.03690  0.96409
   0.05595 -0.03939  0.92934
   0.06478 -0.04191  0.88751
   0.07471 -0.04445  0.83942
   0.08571 -0.04689  0.79086
   0.09788 -0.04926  0.74302
   0.11101 -0.05154  0.69382
   0.12493 -0.05367  0.64770
   0.13954 -0.05562  0.60464
   0.15473 -0.05741  0.56499
   0.17031 -0.05904  0.52611
   0.18605 -0.06050  0.48833
   0.20183 -0.06176  0.45291
   0.21764 -0.06283  0.42048
   0.23350 -0.06369  0.39036
   0.24940 -0.06435  0.36248
   0.26532 -0.06481  0.33665
   0.28122 -0.06507  0.31348
   0.29715 -0.06512  0.29231
   0.31309 -0.06498  0.27359
   0.32903 -0.06463  0.25658
   0.34493 -0.06408  0.24121
   0.36079 -0.06333  0.22912
   0.37666 -0.06236  0.21959
   0.39260 -0.06119  0.21416
   0.40862 -0.05982  0.20969
   0.42470 -0.05825  0.20800
   0.44084 -0.05649  0.20765
   0.45702 -0.05455  0.21009
   0.47329 -0.05243  0.21452
   0.48967 -0.05014  0.22137
   0.50624 -0.04767  0.23104
   0.52301 -0.04505  0.24176
   0.53996 -0.04231  0.25291
   0.55708 -0.03946  0.26428
   0.57438 -0.03653  0.27717
   0.59186 -0.03353  0.28945
   0.60939 -0.03050  0.30285
   0.62680 -0.02752  0.31528
   0.64407 -0.02461  0.32612
   0.66138 -0.02174  0.33410
   0.67877 -0.01891  0.34383
   0.69600 -0.01612  0.35731
   0.71282 -0.01348  0.37225
   0.72925 -0.01103  0.38388
   0.74548 -0.00877  0.39224
   0.76166 -0.00669  0.39881
   0.77789 -0.00477  0.40370
   0.79415 -0.00302  0.40748
   0.81025 -0.00144  0.41502
   0.82598 -0.00008  0.42250
   0.84136  0.00101  0.42712
   0.85662  0.00183  0.42584
   0.87192  0.00239  0.42127
   0.88726  0.00271  0.41603
   0.90244  0.00280  0.41005
   0.91738  0.00264  0.40152
   0.93212  0.00224  0.38930
   0.94660  0.00162  0.37268
   0.96040  0.00083  0.35564
   0.97300 -0.00005  0.33534
   0.98418 -0.00095  0.31381
   0.99405 -0.00185  0.29385
   1.00000 -0.00244  0.25525
