                                                
 Alfa =  10.00000 Re =  4000000.000 Xflap,Yflap =     0.000000    0.000000
#    x        y        Cp  
   1.00000  0.00031  0.23672
   0.99407  0.00104  0.14637
   0.98220  0.00261  0.09580
   0.96885  0.00444  0.04706
   0.95502  0.00637  0.01238
   0.94109  0.00833 -0.02492
   0.92715  0.01029 -0.05632
   0.91322  0.01223 -0.08581
   0.89929  0.01414 -0.11143
   0.88535  0.01603 -0.13423
   0.87142  0.01790 -0.15796
   0.85747  0.01974 -0.18005
   0.84352  0.02157 -0.20146
   0.82957  0.02337 -0.22303
   0.81562  0.02515 -0.24547
   0.80167  0.02691 -0.26664
   0.78772  0.02864 -0.28711
   0.77378  0.03033 -0.30865
   0.75983  0.03201 -0.32892
   0.74589  0.03365 -0.35075
   0.73194  0.03525 -0.37038
   0.71800  0.03683 -0.39220
   0.70406  0.03837 -0.41355
   0.69011  0.03987 -0.43282
   0.67616  0.04133 -0.45529
   0.66222  0.04276 -0.47459
   0.64827  0.04415 -0.49618
   0.63432  0.04549 -0.51747
   0.62037  0.04680 -0.53915
   0.60642  0.04806 -0.56050
   0.59246  0.04927 -0.58066
   0.57851  0.05045 -0.60520
   0.56455  0.05158 -0.62525
   0.55060  0.05266 -0.64954
   0.53664  0.05369 -0.67154
   0.52268  0.05468 -0.69686
   0.50873  0.05562 -0.71957
   0.49477  0.05650 -0.74480
   0.48082  0.05733 -0.77068
   0.46687  0.05810 -0.79603
   0.45292  0.05882 -0.82294
   0.43897  0.05948 -0.85158
   0.42503  0.06008 -0.87966
   0.41109  0.06062 -0.90956
   0.39716  0.06109 -0.94036
   0.38323  0.06149 -0.97121
   0.36931  0.06182 -1.00598
   0.35540  0.06207 -1.03999
   0.34150  0.06224 -1.07616
   0.32761  0.06233 -1.11344
   0.31374  0.06233 -1.15363
   0.29988  0.06224 -1.19385
   0.28604  0.06205 -1.23797
   0.27221  0.06176 -1.28264
   0.25841  0.06135 -1.33091
   0.24463  0.06083 -1.38124
   0.23089  0.06018 -1.43501
   0.21717  0.05940 -1.49171
   0.20349  0.05849 -1.55217
   0.18985  0.05742 -1.61789
   0.17626  0.05618 -1.68818
   0.16274  0.05478 -1.76551
   0.14928  0.05319 -1.84862
   0.13591  0.05140 -1.94397
   0.12264  0.04939 -2.04587
   0.10950  0.04713 -2.16286
   0.09652  0.04462 -2.29733
   0.08373  0.04180 -2.44761
   0.07120  0.03867 -2.62688
   0.05899  0.03518 -2.83938
   0.04723  0.03131 -3.09971
   0.03613  0.02705 -3.43129
   0.02608  0.02251 -3.86252
   0.01768  0.01797 -4.41134
   0.01144  0.01388 -5.08912
   0.00718  0.01049 -5.81646
   0.00435  0.00775 -6.71917
   0.00244  0.00548 -7.71864
   0.00115  0.00352 -9.01197
   0.00035  0.00178-10.84678
   0.00001  0.00019-12.25297
   0.00016 -0.00132-10.57863
   0.00091 -0.00286 -6.23284
   0.00225 -0.00435 -2.78569
   0.00422 -0.00582 -0.92951
   0.00698 -0.00738  0.07735
   0.01095 -0.00912  0.62903
   0.01681 -0.01114  0.90280
   0.02522 -0.01338  0.99538
   0.03592 -0.01558  0.98666
   0.04803 -0.01750  0.93914
   0.06081 -0.01910  0.88321
   0.07394 -0.02039  0.82957
   0.08730 -0.02142  0.78103
   0.10080 -0.02224  0.73786
   0.11442 -0.02288  0.69985
   0.12811 -0.02336  0.66580
   0.14186 -0.02369  0.63608
   0.15566 -0.02391  0.60937
   0.16950 -0.02401  0.58550
   0.18337 -0.02402  0.56428
   0.19727 -0.02394  0.54526
   0.21119 -0.02378  0.52764
   0.22514 -0.02356  0.51209
   0.23910 -0.02327  0.49778
   0.25307 -0.02293  0.48440
   0.26706 -0.02253  0.47301
   0.28107 -0.02209  0.46217
   0.29509 -0.02161  0.45205
   0.30911 -0.02110  0.44254
   0.32314 -0.02055  0.43401
   0.33718 -0.01997  0.42646
   0.35123 -0.01937  0.41841
   0.36529 -0.01875  0.41184
   0.37935 -0.01810  0.40592
   0.39342 -0.01744  0.39913
   0.40750 -0.01677  0.39426
   0.42158 -0.01608  0.38878
   0.43567 -0.01538  0.38421
   0.44976 -0.01468  0.37918
   0.46386 -0.01397  0.37483
   0.47797 -0.01326  0.37035
   0.49207 -0.01255  0.36696
   0.50617 -0.01183  0.36242
   0.52027 -0.01113  0.35913
   0.53437 -0.01042  0.35586
   0.54847 -0.00972  0.35209
   0.56256 -0.00902  0.34883
   0.57665 -0.00834  0.34618
   0.59073 -0.00766  0.34289
   0.60481 -0.00699  0.34036
   0.61889 -0.00634  0.33714
   0.63296 -0.00570  0.33447
   0.64703 -0.00507  0.33166
   0.66110 -0.00446  0.32910
   0.67517 -0.00386  0.32632
   0.68924 -0.00329  0.32391
   0.70331 -0.00272  0.32087
   0.71738 -0.00218  0.31960
   0.73145 -0.00165  0.31590
   0.74551 -0.00115  0.31495
   0.75956 -0.00066  0.31325
   0.77360 -0.00021  0.31190
   0.78764  0.00022  0.30979
   0.80167  0.00062  0.30878
   0.81567  0.00098  0.30683
   0.82967  0.00129  0.30554
   0.84365  0.00155  0.30396
   0.85762  0.00176  0.30279
   0.87157  0.00191  0.29947
   0.88550  0.00199  0.29635
   0.89940  0.00200  0.29278
   0.91329  0.00192  0.28717
   0.92717  0.00175  0.28255
   0.94103  0.00149  0.27303
   0.95487  0.00114  0.26499
   0.96868  0.00070  0.24971
   0.98200  0.00019  0.24274
   0.99401 -0.00036  0.21994
   1.00000 -0.00066  0.23672
