                                                
 Alfa =  10.00000 Re =  4000000.000 Xflap,Yflap =     0.000000    0.000000
#    x        y        Cp  
   1.00000  0.00000  0.36808
   0.99385  0.00124  0.25446
   0.98320  0.00346  0.19133
   0.97064  0.00621  0.13458
   0.95666  0.00939  0.07257
   0.94213  0.01272  0.01409
   0.92746  0.01604 -0.03421
   0.91268  0.01930 -0.06725
   0.89775  0.02255 -0.09848
   0.88282  0.02580 -0.13856
   0.86792  0.02900 -0.17265
   0.85295  0.03216 -0.19656
   0.83787  0.03534 -0.22810
   0.82277  0.03854 -0.26496
   0.80778  0.04171 -0.30918
   0.79290  0.04480 -0.34702
   0.77799  0.04782 -0.37859
   0.76298  0.05080 -0.41004
   0.74789  0.05375 -0.44327
   0.73282  0.05667 -0.48600
   0.71787  0.05951 -0.53034
   0.70304  0.06224 -0.57408
   0.68827  0.06485 -0.60988
   0.67344  0.06734 -0.64115
   0.65853  0.06976 -0.67356
   0.64355  0.07210 -0.70790
   0.62857  0.07435 -0.74721
   0.61365  0.07650 -0.78776
   0.59880  0.07853 -0.82775
   0.58397  0.08042 -0.86316
   0.56913  0.08219 -0.89729
   0.55427  0.08384 -0.93092
   0.53938  0.08536 -0.96465
   0.52449  0.08676 -0.99814
   0.50961  0.08803 -1.03149
   0.49473  0.08915 -1.06222
   0.47985  0.09015 -1.09221
   0.46494  0.09101 -1.12067
   0.45000  0.09175 -1.14932
   0.43504  0.09236 -1.17891
   0.42007  0.09285 -1.20812
   0.40508  0.09322 -1.24016
   0.39010  0.09347 -1.27349
   0.37513  0.09360 -1.30915
   0.36019  0.09360 -1.34981
   0.34530  0.09347 -1.39195
   0.33049  0.09319 -1.43487
   0.31571  0.09275 -1.47043
   0.30088  0.09214 -1.50178
   0.28604  0.09138 -1.53953
   0.27120  0.09049 -1.58144
   0.25636  0.08944 -1.62526
   0.24156  0.08826 -1.68373
   0.22690  0.08693 -1.75498
   0.21239  0.08543 -1.82313
   0.19799  0.08372 -1.89139
   0.18366  0.08178 -1.95828
   0.16942  0.07963 -2.03209
   0.15528  0.07724 -2.11335
   0.14131  0.07462 -2.21448
   0.12762  0.07176 -2.32651
   0.11421  0.06861 -2.44082
   0.10107  0.06514 -2.55858
   0.08831  0.06137 -2.69837
   0.07606  0.05728 -2.84645
   0.06431  0.05284 -2.99595
   0.05321  0.04807 -3.14664
   0.04307  0.04313 -3.32098
   0.03413  0.03818 -3.51042
   0.02651  0.03338 -3.70701
   0.02033  0.02896 -3.96354
   0.01546  0.02496 -4.15297
   0.01163  0.02138 -4.36678
   0.00864  0.01818 -4.66769
   0.00635  0.01527 -4.85634
   0.00462  0.01261 -4.72495
   0.00327  0.01012 -4.22612
   0.00212  0.00783 -4.27660
   0.00115  0.00579 -5.00131
   0.00045  0.00396 -5.80231
   0.00004  0.00228 -6.43157
  -0.00006  0.00067 -6.55485
   0.00019 -0.00092 -5.41860
   0.00082 -0.00253 -3.75183
   0.00183 -0.00416 -2.35835
   0.00323 -0.00577 -1.17119
   0.00502 -0.00733 -0.28522
   0.00717 -0.00895  0.18532
   0.00974 -0.01065  0.50691
   0.01287 -0.01242  0.73416
   0.01670 -0.01426  0.87897
   0.02143 -0.01610  0.96590
   0.02748 -0.01798  0.99849
   0.03511 -0.01999  0.99209
   0.04439 -0.02196  0.96039
   0.05568 -0.02389  0.91514
   0.06856 -0.02575  0.86372
   0.08213 -0.02739  0.81506
   0.09621 -0.02884  0.77029
   0.11075 -0.03013  0.72877
   0.12548 -0.03128  0.69059
   0.14026 -0.03229  0.65564
   0.15509 -0.03315  0.62437
   0.16999 -0.03387  0.59632
   0.18497 -0.03446  0.57171
   0.20006 -0.03495  0.54939
   0.21521 -0.03536  0.52835
   0.23038 -0.03569  0.50810
   0.24557 -0.03594  0.49002
   0.26081 -0.03612  0.47331
   0.27612 -0.03625  0.45790
   0.29146 -0.03634  0.44161
   0.30681 -0.03639  0.42584
   0.32219 -0.03641  0.40922
   0.33746 -0.03640  0.38840
   0.35249 -0.03632  0.36728
   0.36736 -0.03609  0.35230
   0.38223 -0.03570  0.34158
   0.39718 -0.03517  0.33439
   0.41221 -0.03453  0.32806
   0.42726 -0.03377  0.32096
   0.44229 -0.03291  0.31618
   0.45732 -0.03195  0.31330
   0.47240 -0.03088  0.31183
   0.48754 -0.02972  0.31181
   0.50274 -0.02849  0.31243
   0.51798 -0.02721  0.31212
   0.53322 -0.02587  0.31242
   0.54847 -0.02448  0.31402
   0.56374 -0.02305  0.31588
   0.57906 -0.02157  0.31951
   0.59444 -0.02007  0.32283
   0.60986 -0.01855  0.32602
   0.62529 -0.01704  0.32918
   0.64069 -0.01553  0.33230
   0.65606 -0.01405  0.33454
   0.67141 -0.01258  0.33799
   0.68675 -0.01113  0.34083
   0.70208 -0.00972  0.34373
   0.71739 -0.00834  0.34744
   0.73268 -0.00699  0.35077
   0.74795 -0.00570  0.35479
   0.76315 -0.00446  0.35866
   0.77826 -0.00330  0.36327
   0.79332 -0.00223  0.36652
   0.80835 -0.00125  0.37032
   0.82339 -0.00038  0.37179
   0.83826  0.00038  0.37748
   0.85295  0.00095  0.37787
   0.86781  0.00133  0.36674
   0.88284  0.00162  0.36341
   0.89756  0.00179  0.36489
   0.91207  0.00174  0.34696
   0.92673  0.00162  0.32706
   0.94135  0.00156  0.33402
   0.95571  0.00141  0.33742
   0.96979  0.00110  0.32971
   0.98272  0.00070  0.32526
   0.99371  0.00027  0.33112
   1.00000  0.00000  0.36808
