                                                
 Alfa =  10.00000 Re =  4000000.000 Xflap,Yflap =     0.000000    0.000000
#    x        y        Cp  
   1.00000  0.00000  0.35036
   0.99450  0.00153  0.17269
   0.98582  0.00390  0.08662
   0.97656  0.00638  0.02248
   0.96667  0.00897 -0.03138
   0.95606  0.01167 -0.08230
   0.94467  0.01450 -0.12826
   0.93242  0.01745 -0.17252
   0.91928  0.02051 -0.21574
   0.90526  0.02365 -0.25522
   0.89046  0.02684 -0.29379
   0.87511  0.03001 -0.32865
   0.85979  0.03306 -0.35891
   0.84455  0.03599 -0.38956
   0.82923  0.03884 -0.41567
   0.81374  0.04166 -0.44646
   0.79827  0.04440 -0.47792
   0.78299  0.04707 -0.51466
   0.76787  0.04964 -0.55441
   0.75286  0.05210 -0.59444
   0.73792  0.05445 -0.63362
   0.72302  0.05666 -0.67146
   0.70812  0.05874 -0.70612
   0.69319  0.06065 -0.73446
   0.67819  0.06241 -0.75306
   0.66309  0.06404 -0.76860
   0.64789  0.06555 -0.78125
   0.63256  0.06696 -0.79484
   0.61713  0.06830 -0.80686
   0.60160  0.06957 -0.82201
   0.58600  0.07080 -0.84324
   0.57035  0.07198 -0.86916
   0.55471  0.07310 -0.89670
   0.53908  0.07416 -0.92767
   0.52349  0.07515 -0.96091
   0.50796  0.07606 -0.99536
   0.49251  0.07689 -1.03394
   0.47715  0.07762 -1.07626
   0.46188  0.07825 -1.11933
   0.44671  0.07874 -1.16221
   0.43163  0.07909 -1.20538
   0.41661  0.07929 -1.24489
   0.40164  0.07931 -1.28125
   0.38669  0.07914 -1.30674
   0.37172  0.07880 -1.32747
   0.35672  0.07829 -1.34511
   0.34166  0.07762 -1.36202
   0.32653  0.07681 -1.37786
   0.31132  0.07587 -1.39788
   0.29601  0.07481 -1.42166
   0.28062  0.07364 -1.45357
   0.26516  0.07234 -1.49227
   0.24967  0.07092 -1.53411
   0.23420  0.06936 -1.58244
   0.21882  0.06767 -1.63531
   0.20364  0.06586 -1.69664
   0.18874  0.06392 -1.77356
   0.17417  0.06184 -1.86035
   0.15991  0.05955 -1.94469
   0.14580  0.05701 -2.01721
   0.13166  0.05414 -2.06580
   0.11739  0.05095 -2.11549
   0.10307  0.04748 -2.17854
   0.08896  0.04381 -2.28448
   0.07529  0.03998 -2.41787
   0.06184  0.03590 -2.54313
   0.04879  0.03170 -2.76515
   0.03725  0.02782 -3.20264
   0.02807  0.02449 -3.78067
   0.02103  0.02167 -4.78339
   0.01564  0.01904 -5.74603
   0.01156  0.01652 -6.28839
   0.00843  0.01420 -6.78994
   0.00601  0.01209 -7.36949
   0.00413  0.01015 -8.00415
   0.00266  0.00834 -8.66048
   0.00155  0.00664 -9.32995
   0.00073  0.00501 -9.86684
   0.00020  0.00344-10.14587
  -0.00007  0.00191 -9.92961
  -0.00005  0.00042 -8.96398
   0.00025 -0.00106 -7.17727
   0.00083 -0.00253 -5.17197
   0.00169 -0.00400 -3.51180
   0.00283 -0.00546 -2.18751
   0.00427 -0.00690 -1.18496
   0.00603 -0.00832 -0.43878
   0.00816 -0.00968  0.10575
   0.01071 -0.01092  0.49880
   0.01376 -0.01188  0.77577
   0.01741 -0.01239  0.93913
   0.02196 -0.01237  0.99554
   0.02795 -0.01205  0.99690
   0.03599 -0.01182  0.97446
   0.04596 -0.01163  0.93271
   0.05692 -0.01114  0.88490
   0.06920 -0.01016  0.84302
   0.08321 -0.00874  0.80480
   0.09798 -0.00705  0.77164
   0.11270 -0.00518  0.74776
   0.12745 -0.00320  0.73068
   0.14235 -0.00120  0.71806
   0.15738  0.00073  0.70647
   0.17247  0.00253  0.69481
   0.18753  0.00416  0.68327
   0.20255  0.00564  0.67148
   0.21758  0.00695  0.65868
   0.23267  0.00814  0.64512
   0.24788  0.00923  0.63142
   0.26322  0.01026  0.61795
   0.27870  0.01125  0.60492
   0.29429  0.01223  0.59278
   0.30994  0.01324  0.58335
   0.32561  0.01427  0.57694
   0.34123  0.01530  0.57121
   0.35679  0.01630  0.56673
   0.37228  0.01725  0.56287
   0.38772  0.01814  0.55856
   0.40312  0.01896  0.55442
   0.41855  0.01968  0.54813
   0.43403  0.02033  0.54176
   0.44959  0.02092  0.53524
   0.46523  0.02145  0.52840
   0.48094  0.02194  0.52228
   0.49670  0.02241  0.51661
   0.51244  0.02285  0.51351
   0.52812  0.02325  0.51060
   0.54370  0.02361  0.50916
   0.55917  0.02390  0.50709
   0.57453  0.02410  0.50544
   0.58982  0.02420  0.50247
   0.60508  0.02418  0.49829
   0.62036  0.02404  0.49140
   0.63573  0.02379  0.48470
   0.65120  0.02344  0.47570
   0.66677  0.02301  0.46753
   0.68244  0.02251  0.45877
   0.69815  0.02197  0.45122
   0.71382  0.02139  0.44451
   0.72940  0.02078  0.44008
   0.74483  0.02012  0.43464
   0.76014  0.01940  0.43071
   0.77535  0.01860  0.42556
   0.79054  0.01771  0.41887
   0.80580  0.01671  0.41004
   0.82126  0.01558  0.39956
   0.83695  0.01433  0.38620
   0.85249  0.01303  0.37182
   0.86787  0.01169  0.35786
   0.88326  0.01031  0.34262
   0.89887  0.00890  0.32884
   0.91405  0.00754  0.31613
   0.92832  0.00626  0.30432
   0.94157  0.00509  0.29578
   0.95381  0.00401  0.28665
   0.96511  0.00302  0.27982
   0.97557  0.00211  0.27741
   0.98527  0.00127  0.27374
   0.99430  0.00049  0.28626
   1.00000  0.00000  0.35036
