                                                
 Alfa =  10.00000 Re =  4000000.000 Xflap,Yflap =     0.000000    0.000000
#    x        y        Cp  
   1.00000  0.00000  0.34986
   0.99410  0.00115  0.23215
   0.98371  0.00324  0.17394
   0.97120  0.00585  0.12031
   0.95718  0.00889  0.06377
   0.94278  0.01204  0.00666
   0.92842  0.01516 -0.04061
   0.91403  0.01819 -0.07233
   0.89955  0.02121 -0.09707
   0.88501  0.02426 -0.13467
   0.87046  0.02729 -0.17296
   0.85582  0.03030 -0.20043
   0.84110  0.03331 -0.23354
   0.82638  0.03630 -0.26711
   0.81173  0.03926 -0.30529
   0.79715  0.04215 -0.34114
   0.78258  0.04498 -0.37507
   0.76800  0.04775 -0.40662
   0.75338  0.05047 -0.43957
   0.73876  0.05313 -0.47306
   0.72416  0.05573 -0.50860
   0.70958  0.05825 -0.54424
   0.69503  0.06068 -0.57748
   0.68046  0.06303 -0.60891
   0.66586  0.06530 -0.64094
   0.65123  0.06750 -0.67288
   0.63660  0.06962 -0.70885
   0.62199  0.07165 -0.74598
   0.60742  0.07359 -0.78252
   0.59289  0.07541 -0.81789
   0.57835  0.07711 -0.85219
   0.56381  0.07870 -0.88446
   0.54926  0.08018 -0.91712
   0.53470  0.08154 -0.94808
   0.52014  0.08278 -0.97947
   0.50558  0.08389 -1.00901
   0.49101  0.08489 -1.03768
   0.47644  0.08576 -1.06454
   0.46184  0.08651 -1.09171
   0.44722  0.08714 -1.11855
   0.43259  0.08766 -1.14492
   0.41793  0.08807 -1.17276
   0.40327  0.08837 -1.20133
   0.38861  0.08856 -1.23286
   0.37396  0.08864 -1.26688
   0.35933  0.08861 -1.30401
   0.34474  0.08846 -1.34271
   0.33021  0.08818 -1.38248
   0.31570  0.08775 -1.41650
   0.30117  0.08717 -1.44809
   0.28660  0.08646 -1.48364
   0.27203  0.08563 -1.52342
   0.25748  0.08467 -1.57165
   0.24299  0.08359 -1.62791
   0.22860  0.08236 -1.69255
   0.21432  0.08097 -1.75730
   0.20010  0.07939 -1.82155
   0.18597  0.07762 -1.89179
   0.17194  0.07564 -1.96387
   0.15796  0.07343 -2.03722
   0.14407  0.07101 -2.13077
   0.13041  0.06836 -2.24567
   0.11702  0.06546 -2.36186
   0.10386  0.06225 -2.48175
   0.09099  0.05872 -2.61886
   0.07851  0.05486 -2.76917
   0.06647  0.05065 -2.93109
   0.05493  0.04605 -3.09974
   0.04416  0.04116 -3.29121
   0.03444  0.03610 -3.51032
   0.02602  0.03108 -3.77169
   0.01925  0.02642 -4.10047
   0.01405  0.02225 -4.35695
   0.01011  0.01860 -4.73674
   0.00719  0.01541 -5.12340
   0.00508  0.01257 -5.24883
   0.00353  0.00997 -4.67398
   0.00225  0.00760 -4.61724
   0.00118  0.00553 -5.54419
   0.00044  0.00372 -6.63044
   0.00002  0.00208 -7.56194
  -0.00006  0.00054 -7.72410
   0.00025 -0.00099 -6.12820
   0.00098 -0.00254 -3.99315
   0.00214 -0.00412 -2.32840
   0.00375 -0.00564 -0.96169
   0.00580 -0.00714 -0.10494
   0.00833 -0.00875  0.33822
   0.01149 -0.01047  0.65063
   0.01551 -0.01230  0.84654
   0.02067 -0.01415  0.95857
   0.02753 -0.01603  0.99884
   0.03643 -0.01800  0.98829
   0.04717 -0.01986  0.95023
   0.05980 -0.02161  0.90055
   0.07342 -0.02318  0.84979
   0.08732 -0.02452  0.80340
   0.10156 -0.02569  0.76123
   0.11605 -0.02673  0.72251
   0.13060 -0.02765  0.68712
   0.14514 -0.02844  0.65455
   0.15972 -0.02909  0.62604
   0.17438 -0.02964  0.60093
   0.18912 -0.03009  0.57735
   0.20388 -0.03046  0.55618
   0.21870 -0.03075  0.53643
   0.23356 -0.03099  0.51805
   0.24841 -0.03117  0.50008
   0.26329 -0.03128  0.48462
   0.27824 -0.03135  0.46995
   0.29321 -0.03140  0.45410
   0.30817 -0.03142  0.43862
   0.32315 -0.03140  0.42282
   0.33801 -0.03136  0.40331
   0.35268 -0.03124  0.38507
   0.36726 -0.03098  0.37325
   0.38190 -0.03061  0.36375
   0.39663 -0.03012  0.35706
   0.41140 -0.02956  0.34968
   0.42618 -0.02891  0.34213
   0.44094 -0.02819  0.33610
   0.45569 -0.02738  0.33097
   0.47044 -0.02649  0.32777
   0.48523 -0.02553  0.32479
   0.50005 -0.02451  0.32362
   0.51490 -0.02342  0.32129
   0.52974 -0.02229  0.32028
   0.54458 -0.02111  0.31955
   0.55943 -0.01987  0.32044
   0.57429 -0.01859  0.32159
   0.58918 -0.01726  0.32390
   0.60410 -0.01590  0.32692
   0.61904 -0.01453  0.33028
   0.63398 -0.01314  0.33461
   0.64892 -0.01176  0.33852
   0.66385 -0.01040  0.34118
   0.67878 -0.00906  0.34523
   0.69370 -0.00775  0.34769
   0.70860 -0.00648  0.35133
   0.72348 -0.00524  0.35567
   0.73832 -0.00406  0.35906
   0.75311 -0.00294  0.36305
   0.76784 -0.00190  0.36637
   0.78249 -0.00095  0.36951
   0.79712 -0.00010  0.37150
   0.81177  0.00065  0.37119
   0.82645  0.00129  0.37199
   0.84100  0.00182  0.37324
   0.85546  0.00219  0.37082
   0.87010  0.00241  0.36100
   0.88480  0.00256  0.35974
   0.89916  0.00258  0.35857
   0.91341  0.00239  0.33756
   0.92782  0.00215  0.32081
   0.94217  0.00197  0.32578
   0.95635  0.00170  0.32768
   0.97041  0.00127  0.31816
   0.98327  0.00077  0.31013
   0.99398  0.00029  0.31101
   1.00000  0.00000  0.34986
