                                                
 Alfa =  10.00000 Re =  4000000.000 Xflap,Yflap =     0.000000    0.000000
#    x        y        Cp  
   1.00000  0.00340  0.44040
   0.99427  0.00510  0.24949
   0.98483  0.00785  0.15761
   0.97419  0.01087  0.08489
   0.96217  0.01417  0.02140
   0.94875  0.01773 -0.03471
   0.93422  0.02142 -0.08457
   0.91917  0.02511 -0.12653
   0.90407  0.02866 -0.16209
   0.88909  0.03207 -0.19434
   0.87414  0.03538 -0.21908
   0.85912  0.03861 -0.24447
   0.84398  0.04182 -0.26714
   0.82869  0.04502 -0.28987
   0.81326  0.04824 -0.31411
   0.79773  0.05148 -0.34352
   0.78218  0.05473 -0.37926
   0.76670  0.05797 -0.41990
   0.75133  0.06115 -0.46193
   0.73608  0.06425 -0.50421
   0.72095  0.06724 -0.54591
   0.70587  0.07012 -0.58625
   0.69080  0.07286 -0.61693
   0.67566  0.07549 -0.64383
   0.66040  0.07803 -0.66582
   0.64499  0.08050 -0.68844
   0.62943  0.08293 -0.71134
   0.61374  0.08533 -0.73664
   0.59797  0.08771 -0.76735
   0.58223  0.09006 -0.81038
   0.56657  0.09236 -0.85786
   0.55106  0.09457 -0.90936
   0.53571  0.09665 -0.95892
   0.52050  0.09860 -1.01094
   0.50542  0.10040 -1.05778
   0.49040  0.10202 -1.09749
   0.47539  0.10347 -1.12787
   0.46035  0.10478 -1.15562
   0.44523  0.10595 -1.18217
   0.43000  0.10702 -1.20837
   0.41465  0.10797 -1.23507
   0.39917  0.10885 -1.26633
   0.38354  0.10964 -1.30232
   0.36779  0.11034 -1.34497
   0.35195  0.11097 -1.39201
   0.33606  0.11151 -1.44556
   0.32022  0.11196 -1.50653
   0.30450  0.11231 -1.57755
   0.28902  0.11258 -1.67054
   0.27386  0.11271 -1.77789
   0.25906  0.11266 -1.89229
   0.24461  0.11239 -2.00657
   0.23047  0.11186 -2.12018
   0.21657  0.11104 -2.22486
   0.20283  0.10988 -2.31392
   0.18913  0.10836 -2.36396
   0.17536  0.10646 -2.38848
   0.16140  0.10423 -2.41371
   0.14716  0.10167 -2.45521
   0.13254  0.09880 -2.54064
   0.11776  0.09562 -2.66162
   0.10347  0.09226 -2.82762
   0.09042  0.08890 -3.10984
   0.07875  0.08545 -3.42142
   0.06786  0.08159 -3.58194
   0.05717  0.07713 -3.63384
   0.04711  0.07238 -3.74023
   0.03853  0.06787 -3.95912
   0.03143  0.06369 -4.17716
   0.02540  0.05968 -4.35443
   0.02008  0.05568 -4.38368
   0.01543  0.05179 -4.37758
   0.01164  0.04842 -4.60534
   0.00866  0.04562 -5.13621
   0.00634  0.04324 -5.72568
   0.00451  0.04114 -6.35085
   0.00307  0.03924 -7.00769
   0.00194  0.03747 -7.65837
   0.00108  0.03581 -8.25133
   0.00047  0.03421 -8.69963
   0.00009  0.03267 -8.87665
  -0.00005  0.03116 -8.59063
   0.00004  0.02967 -7.65291
   0.00039  0.02818 -6.18008
   0.00098  0.02668 -4.67805
   0.00182  0.02515 -3.36180
   0.00291  0.02359 -2.26313
   0.00429  0.02198 -1.39228
   0.00600  0.02033 -0.70127
   0.00809  0.01862 -0.16635
   0.01066  0.01687  0.24496
   0.01381  0.01512  0.55679
   0.01766  0.01351  0.78507
   0.02242  0.01205  0.92292
   0.02830  0.01063  0.98388
   0.03561  0.00913  1.00000
   0.04457  0.00759  0.98747
   0.05505  0.00615  0.95689
   0.06690  0.00488  0.91818
   0.08003  0.00383  0.87835
   0.09431  0.00294  0.84182
   0.10931  0.00203  0.80430
   0.12430  0.00113  0.76463
   0.13889  0.00039  0.72722
   0.15314 -0.00008  0.69636
   0.16740 -0.00023  0.67625
   0.18203 -0.00018  0.66212
   0.19721 -0.00003  0.65069
   0.21295  0.00010  0.63645
   0.22887  0.00018  0.62034
   0.24465  0.00021  0.60471
   0.26043  0.00021  0.58899
   0.27631  0.00021  0.57388
   0.29230  0.00020  0.55893
   0.30820  0.00021  0.54586
   0.32403  0.00024  0.53372
   0.33984  0.00029  0.52283
   0.35567  0.00036  0.51230
   0.37155  0.00043  0.50290
   0.38749  0.00052  0.49345
   0.40348  0.00062  0.48494
   0.41951  0.00072  0.47659
   0.43552  0.00082  0.46867
   0.45154  0.00092  0.46101
   0.46757  0.00102  0.45393
   0.48358  0.00111  0.44703
   0.49957  0.00120  0.44013
   0.51554  0.00127  0.43352
   0.53149  0.00133  0.42727
   0.54743  0.00138  0.42085
   0.56336  0.00141  0.41475
   0.57928  0.00142  0.40800
   0.59519  0.00141  0.40213
   0.61110  0.00137  0.39491
   0.62700  0.00132  0.38714
   0.64289  0.00125  0.37983
   0.65879  0.00118  0.37250
   0.67470  0.00110  0.36550
   0.69062  0.00103  0.35808
   0.70656  0.00098  0.35202
   0.72253  0.00094  0.34725
   0.73854  0.00091  0.34283
   0.75456  0.00088  0.33766
   0.77058  0.00086  0.33430
   0.78661  0.00083  0.33020
   0.80259  0.00079  0.32530
   0.81849  0.00074  0.32150
   0.83429  0.00069  0.31677
   0.85000  0.00062  0.31180
   0.86565  0.00055  0.30828
   0.88133  0.00048  0.30270
   0.89713  0.00041  0.30166
   0.91306  0.00035  0.29799
   0.92886  0.00028  0.29743
   0.94468  0.00022  0.29784
   0.95947  0.00016  0.30188
   0.97259  0.00011  0.30776
   0.98401  0.00007  0.32086
   0.99400  0.00002  0.34996
   1.00000  0.00000  0.44040
