                                                
 Alfa =  10.00000 Re =  4000000.000 Xflap,Yflap =     0.000000    0.000000
#    x        y        Cp  
   1.00000  0.00000  0.41403
   0.99421  0.00096  0.26168
   0.98362  0.00270  0.18545
   0.97040  0.00486  0.12812
   0.95539  0.00731  0.08435
   0.93995  0.00984  0.04519
   0.92414  0.01246  0.00628
   0.90770  0.01520 -0.03143
   0.89086  0.01799 -0.06668
   0.87413  0.02075 -0.10114
   0.85734  0.02351 -0.13364
   0.84045  0.02626 -0.16691
   0.82373  0.02896 -0.19958
   0.80714  0.03161 -0.23245
   0.79061  0.03422 -0.26517
   0.77411  0.03677 -0.29858
   0.75762  0.03928 -0.33163
   0.74115  0.04172 -0.36444
   0.72471  0.04409 -0.39757
   0.70832  0.04639 -0.43024
   0.69197  0.04860 -0.46306
   0.67567  0.05073 -0.49542
   0.65939  0.05276 -0.52776
   0.64313  0.05470 -0.56010
   0.62690  0.05655 -0.59182
   0.61070  0.05829 -0.62463
   0.59454  0.05993 -0.65767
   0.57843  0.06146 -0.68998
   0.56236  0.06286 -0.72216
   0.54634  0.06414 -0.75344
   0.53035  0.06529 -0.78369
   0.51438  0.06631 -0.81220
   0.49841  0.06720 -0.84008
   0.48245  0.06796 -0.86631
   0.46648  0.06859 -0.89219
   0.45049  0.06908 -0.91720
   0.43449  0.06945 -0.94185
   0.41848  0.06968 -0.96588
   0.40245  0.06979 -0.99014
   0.38640  0.06978 -1.01401
   0.37034  0.06964 -1.03838
   0.35427  0.06937 -1.06395
   0.33819  0.06899 -1.09035
   0.32210  0.06848 -1.11775
   0.30603  0.06785 -1.14824
   0.29003  0.06711 -1.18028
   0.27411  0.06623 -1.21431
   0.25827  0.06524 -1.25004
   0.24248  0.06410 -1.28668
   0.22666  0.06283 -1.32388
   0.21076  0.06140 -1.36088
   0.19480  0.05984 -1.40688
   0.17898  0.05818 -1.46953
   0.16346  0.05641 -1.54487
   0.14822  0.05449 -1.62035
   0.13311  0.05239 -1.69198
   0.11809  0.05012 -1.77727
   0.10340  0.04773 -1.89231
   0.08940  0.04531 -2.04191
   0.07647  0.04291 -2.25534
   0.06487  0.04055 -2.51351
   0.05481  0.03824 -2.78508
   0.04624  0.03601 -3.06876
   0.03897  0.03389 -3.36470
   0.03282  0.03188 -3.68853
   0.02760  0.02997 -4.04451
   0.02310  0.02813 -4.42723
   0.01920  0.02634 -4.83647
   0.01579  0.02460 -5.39835
   0.01283  0.02286 -5.98776
   0.01027  0.02108 -6.49349
   0.00807  0.01927 -6.85060
   0.00618  0.01740 -7.00325
   0.00458  0.01548 -6.94749
   0.00324  0.01352 -6.74864
   0.00214  0.01156 -6.51383
   0.00126  0.00962 -6.24200
   0.00060  0.00770 -5.92074
   0.00014  0.00580 -5.55050
  -0.00012  0.00392 -5.09294
  -0.00018  0.00207 -4.56030
  -0.00004  0.00024 -3.92848
   0.00033 -0.00157 -3.17130
   0.00091 -0.00335 -2.42937
   0.00172 -0.00510 -1.74568
   0.00273 -0.00680 -1.14381
   0.00398 -0.00841 -0.61692
   0.00547 -0.00991 -0.15609
   0.00723 -0.01125  0.25712
   0.00929 -0.01243  0.56765
   0.01168 -0.01349  0.77249
   0.01444 -0.01446  0.89489
   0.01761 -0.01543  0.95863
   0.02117 -0.01652  0.98783
   0.02515 -0.01779  0.99918
   0.02966 -0.01917  0.99734
   0.03491 -0.02060  0.98315
   0.04117 -0.02211  0.95841
   0.04874 -0.02371  0.92523
   0.05786 -0.02546  0.88401
   0.06844 -0.02730  0.83593
   0.07999 -0.02906  0.78619
   0.09226 -0.03061  0.74148
   0.10569 -0.03200  0.70295
   0.12045 -0.03334  0.66447
   0.13585 -0.03461  0.62458
   0.15119 -0.03571  0.58927
   0.16655 -0.03663  0.56219
   0.18228 -0.03745  0.53956
   0.19832 -0.03827  0.51228
   0.21413 -0.03908  0.47814
   0.22944 -0.03975  0.44645
   0.24444 -0.04019  0.42574
   0.25947 -0.04042  0.41242
   0.27480 -0.04051  0.40308
   0.29056 -0.04050  0.39496
   0.30676 -0.04046  0.38683
   0.32323 -0.04044  0.37224
   0.33967 -0.04044  0.35214
   0.35594 -0.04038  0.33447
   0.37212 -0.04021  0.32206
   0.38835 -0.03994  0.31185
   0.40470 -0.03959  0.30304
   0.42123 -0.03915  0.29554
   0.43791 -0.03866  0.28800
   0.45471 -0.03811  0.28053
   0.47155 -0.03751  0.27333
   0.48841 -0.03687  0.26604
   0.50524 -0.03618  0.25884
   0.52207 -0.03546  0.25229
   0.53888 -0.03470  0.24476
   0.55565 -0.03390  0.23716
   0.57227 -0.03306  0.22944
   0.58872 -0.03215  0.22244
   0.60516 -0.03115  0.22090
   0.62177 -0.03007  0.22216
   0.63862 -0.02894  0.22340
   0.65554 -0.02780  0.21869
   0.67238 -0.02665  0.21447
   0.68914 -0.02547  0.21094
   0.70585 -0.02424  0.20971
   0.72258 -0.02297  0.20820
   0.73935 -0.02166  0.20738
   0.75617 -0.02031  0.20789
   0.77302 -0.01893  0.20832
   0.78988 -0.01751  0.21024
   0.80677 -0.01607  0.21220
   0.82372 -0.01461  0.21403
   0.84077 -0.01314  0.21602
   0.85778 -0.01167  0.21852
   0.87466 -0.01020  0.22115
   0.89154 -0.00873  0.22464
   0.90853 -0.00724  0.23036
   0.92506 -0.00579  0.23812
   0.94090 -0.00440  0.25004
   0.95622 -0.00311  0.26224
   0.97085 -0.00195  0.27799
   0.98370 -0.00102  0.29690
   0.99418 -0.00034  0.32712
   1.00000  0.00000  0.41403
