                                                
 Alfa =  10.00000 Re =  4000000.000 Xflap,Yflap =     0.000000    0.000000
#    x        y        Cp  
   1.00000  0.00000  0.55904
   0.99563  0.00110  0.07976
   0.98856  0.00191  0.15227
   0.97992  0.00265  0.17988
   0.96904  0.00371  0.13821
   0.95611  0.00495  0.13061
   0.94187  0.00640  0.11072
   0.92713  0.00799  0.09534
   0.91220  0.00972  0.07387
   0.89720  0.01156  0.05423
   0.88219  0.01352  0.03079
   0.86716  0.01559  0.00762
   0.85211  0.01776 -0.01969
   0.83704  0.02004 -0.04918
   0.82191  0.02241 -0.08258
   0.80668  0.02486 -0.12005
   0.79135  0.02736 -0.15949
   0.77599  0.02987 -0.19890
   0.76066  0.03237 -0.24090
   0.74541  0.03482 -0.28209
   0.73024  0.03720 -0.32311
   0.71514  0.03949 -0.36336
   0.70008  0.04168 -0.40212
   0.68507  0.04377 -0.44027
   0.67009  0.04573 -0.47585
   0.65513  0.04757 -0.51063
   0.64019  0.04928 -0.54256
   0.62527  0.05085 -0.57217
   0.61033  0.05228 -0.59875
   0.59538  0.05358 -0.62281
   0.58040  0.05474 -0.64404
   0.56538  0.05577 -0.66305
   0.55032  0.05668 -0.68089
   0.53522  0.05748 -0.69749
   0.52009  0.05816 -0.71411
   0.50492  0.05874 -0.72948
   0.48972  0.05923 -0.74424
   0.47448  0.05962 -0.76087
   0.45922  0.05992 -0.77700
   0.44396  0.06014 -0.79520
   0.42869  0.06027 -0.81356
   0.41342  0.06032 -0.83100
   0.39812  0.06029 -0.85211
   0.38283  0.06019 -0.87246
   0.36755  0.06000 -0.89515
   0.35227  0.05973 -0.91822
   0.33700  0.05937 -0.94267
   0.32173  0.05894 -0.96905
   0.30647  0.05842 -0.99790
   0.29124  0.05782 -1.02809
   0.27602  0.05712 -1.06024
   0.26083  0.05634 -1.09461
   0.24564  0.05546 -1.13302
   0.23051  0.05448 -1.17577
   0.21542  0.05340 -1.22043
   0.20036  0.05220 -1.26934
   0.18534  0.05089 -1.32557
   0.17041  0.04946 -1.38944
   0.15556  0.04789 -1.45880
   0.14078  0.04617 -1.54033
   0.12616  0.04431 -1.63854
   0.11171  0.04227 -1.75060
   0.09750  0.04005 -1.88580
   0.08367  0.03764 -2.05601
   0.07040  0.03503 -2.26056
   0.05797  0.03224 -2.52064
   0.04677  0.02935 -2.83356
   0.03711  0.02644 -3.20197
   0.02911  0.02363 -3.62518
   0.02266  0.02096 -4.05770
   0.01751  0.01847 -4.50015
   0.01336  0.01614 -4.99178
   0.01002  0.01396 -5.49451
   0.00733  0.01190 -6.04004
   0.00516  0.00994 -6.56595
   0.00339  0.00803 -7.20789
   0.00200  0.00615 -7.86254
   0.00099  0.00430 -8.14970
   0.00035  0.00253 -8.03955
   0.00004  0.00083 -7.60816
   0.00004 -0.00083 -6.45636
   0.00035 -0.00253 -4.87703
   0.00099 -0.00430 -3.38101
   0.00200 -0.00615 -2.06079
   0.00339 -0.00803 -0.99428
   0.00516 -0.00994 -0.27324
   0.00733 -0.01190  0.22239
   0.01002 -0.01396  0.56216
   0.01336 -0.01614  0.78403
   0.01751 -0.01847  0.91862
   0.02266 -0.02096  0.98433
   0.02911 -0.02363  0.99959
   0.03711 -0.02644  0.97800
   0.04677 -0.02935  0.93303
   0.05797 -0.03224  0.87681
   0.07040 -0.03503  0.81823
   0.08367 -0.03764  0.76120
   0.09750 -0.04005  0.70938
   0.11171 -0.04227  0.66119
   0.12616 -0.04431  0.61765
   0.14078 -0.04617  0.57880
   0.15556 -0.04789  0.54269
   0.17041 -0.04946  0.50909
   0.18534 -0.05089  0.47930
   0.20036 -0.05220  0.45097
   0.21542 -0.05340  0.42482
   0.23051 -0.05448  0.40019
   0.24564 -0.05546  0.37778
   0.26082 -0.05634  0.35621
   0.27602 -0.05712  0.33598
   0.29124 -0.05782  0.31681
   0.30647 -0.05842  0.29830
   0.32173 -0.05894  0.28180
   0.33700 -0.05937  0.26473
   0.35227 -0.05973  0.24889
   0.36755 -0.06000  0.23368
   0.38283 -0.06019  0.21916
   0.39812 -0.06029  0.20467
   0.41342 -0.06032  0.19136
   0.42869 -0.06027  0.17785
   0.44396 -0.06014  0.16470
   0.45922 -0.05992  0.15270
   0.47448 -0.05962  0.13985
   0.48972 -0.05923  0.12851
   0.50492 -0.05874  0.11663
   0.52009 -0.05816  0.10572
   0.53522 -0.05748  0.09528
   0.55032 -0.05668  0.08561
   0.56538 -0.05577  0.07801
   0.58040 -0.05474  0.07042
   0.59538 -0.05358  0.06554
   0.61033 -0.05228  0.06194
   0.62527 -0.05085  0.06069
   0.64019 -0.04928  0.06211
   0.65513 -0.04757  0.06574
   0.67009 -0.04573  0.07128
   0.68507 -0.04377  0.07834
   0.70008 -0.04168  0.08749
   0.71514 -0.03949  0.09834
   0.73024 -0.03720  0.11029
   0.74541 -0.03482  0.12366
   0.76065 -0.03237  0.13836
   0.77599 -0.02988  0.15362
   0.79135 -0.02736  0.16828
   0.80668 -0.02486  0.18347
   0.82191 -0.02241  0.19795
   0.83704 -0.02004  0.21027
   0.85211 -0.01776  0.21997
   0.86716 -0.01559  0.22815
   0.88219 -0.01352  0.23378
   0.89720 -0.01156  0.23830
   0.91220 -0.00972  0.24108
   0.92713 -0.00799  0.24373
   0.94187 -0.00640  0.24148
   0.95611 -0.00495  0.24191
   0.96904 -0.00371  0.23138
   0.97992 -0.00265  0.25113
   0.98856 -0.00191  0.20825
   0.99563 -0.00110  0.11590
   1.00000  0.00000  0.55904
