                                                
 Alfa =  10.00000 Re =  4000000.000 Xflap,Yflap =     0.000000    0.000000
#    x        y        Cp  
   1.00000  0.00000  0.67705
   0.99601  0.00255 -0.12668
   0.98867  0.00492  0.08138
   0.97959  0.00743  0.07493
   0.96826  0.01048  0.04490
   0.95482  0.01398  0.03179
   0.94009  0.01779  0.01116
   0.92495  0.02174 -0.00466
   0.90983  0.02579 -0.02381
   0.89472  0.02998 -0.05536
   0.87961  0.03430 -0.08444
   0.86455  0.03875 -0.12116
   0.84943  0.04335 -0.16445
   0.83426  0.04808 -0.21042
   0.81906  0.05291 -0.26168
   0.80381  0.05784 -0.31852
   0.78848  0.06285 -0.38427
   0.77307  0.06791 -0.45745
   0.75776  0.07292 -0.53726
   0.74262  0.07780 -0.61865
   0.72764  0.08251 -0.70314
   0.71280  0.08703 -0.78903
   0.69810  0.09131 -0.87347
   0.68349  0.09533 -0.94925
   0.66890  0.09909 -1.01761
   0.65423  0.10262 -1.07542
   0.63941  0.10594 -1.12641
   0.62446  0.10906 -1.17879
   0.60949  0.11199 -1.23620
   0.59452  0.11469 -1.29305
   0.57952  0.11717 -1.34309
   0.56445  0.11945 -1.39437
   0.54938  0.12151 -1.45184
   0.53438  0.12333 -1.50657
   0.51942  0.12490 -1.55544
   0.50445  0.12622 -1.59723
   0.48942  0.12729 -1.63120
   0.47431  0.12812 -1.66220
   0.45915  0.12873 -1.69458
   0.44399  0.12912 -1.72911
   0.42885  0.12927 -1.75972
   0.41370  0.12919 -1.78754
   0.39851  0.12889 -1.81088
   0.38330  0.12837 -1.83800
   0.36810  0.12762 -1.86349
   0.35291  0.12666 -1.88973
   0.33773  0.12549 -1.91777
   0.32260  0.12410 -1.94610
   0.30752  0.12249 -1.97478
   0.29248  0.12065 -2.00117
   0.27747  0.11859 -2.02739
   0.26252  0.11630 -2.05877
   0.24764  0.11378 -2.08659
   0.23284  0.11103 -2.11726
   0.21812  0.10804 -2.14650
   0.20348  0.10481 -2.17873
   0.18896  0.10135 -2.21375
   0.17457  0.09763 -2.25280
   0.16032  0.09366 -2.29263
   0.14625  0.08944 -2.33788
   0.13238  0.08495 -2.38750
   0.11873  0.08019 -2.44131
   0.10539  0.07518 -2.50534
   0.09240  0.06989 -2.57154
   0.07980  0.06433 -2.64603
   0.06772  0.05854 -2.73354
   0.05637  0.05261 -2.84789
   0.04597  0.04664 -2.96763
   0.03671  0.04079 -3.09670
   0.02882  0.03530 -3.25850
   0.02235  0.03031 -3.42896
   0.01715  0.02590 -3.61371
   0.01301  0.02203 -3.90577
   0.00976  0.01862 -4.16247
   0.00720  0.01558 -4.39582
   0.00519  0.01284 -4.59939
   0.00357  0.01031 -4.80830
   0.00228  0.00795 -5.03590
   0.00130  0.00575 -5.27177
   0.00058  0.00374 -5.74524
   0.00015  0.00190 -6.26293
  -0.00000  0.00014 -6.36312
   0.00017 -0.00161 -5.80863
   0.00071 -0.00336 -4.91498
   0.00174 -0.00504 -3.22455
   0.00326 -0.00661 -1.45985
   0.00521 -0.00809 -0.46910
   0.00751 -0.00957  0.09328
   0.01025 -0.01108  0.45989
   0.01354 -0.01268  0.69090
   0.01752 -0.01438  0.84403
   0.02240 -0.01619  0.93916
   0.02850 -0.01816  0.98761
   0.03614 -0.02031  0.99988
   0.04555 -0.02262  0.98505
   0.05680 -0.02500  0.95193
   0.06954 -0.02736  0.90895
   0.08331 -0.02958  0.86282
   0.09775 -0.03161  0.81786
   0.11260 -0.03345  0.77471
   0.12769 -0.03511  0.73530
   0.14296 -0.03657  0.69868
   0.15838 -0.03787  0.66486
   0.17388 -0.03902  0.63396
   0.18946 -0.04002  0.60530
   0.20511 -0.04088  0.57884
   0.22080 -0.04161  0.55392
   0.23652 -0.04222  0.53094
   0.25228 -0.04270  0.50968
   0.26806 -0.04307  0.48951
   0.28386 -0.04333  0.47111
   0.29969 -0.04347  0.45331
   0.31553 -0.04352  0.43715
   0.33135 -0.04345  0.42041
   0.34715 -0.04328  0.40597
   0.36295 -0.04299  0.39248
   0.37877 -0.04259  0.37917
   0.39456 -0.04209  0.36724
   0.41030 -0.04146  0.35450
   0.42597 -0.04072  0.34427
   0.44159 -0.03983  0.33514
   0.45720 -0.03881  0.32797
   0.47279 -0.03764  0.32216
   0.48835 -0.03633  0.31783
   0.50384 -0.03487  0.31455
   0.51930 -0.03326  0.31482
   0.53474 -0.03148  0.31811
   0.55023 -0.02953  0.32432
   0.56580 -0.02742  0.33390
   0.58150 -0.02519  0.34524
   0.59731 -0.02285  0.35771
   0.61323 -0.02043  0.37209
   0.62920 -0.01799  0.38580
   0.64512 -0.01559  0.39923
   0.66095 -0.01327  0.41029
   0.67671 -0.01104  0.41916
   0.69244 -0.00891  0.42772
   0.70814 -0.00689  0.43502
   0.72378 -0.00500  0.44200
   0.73941 -0.00323  0.44706
   0.75504 -0.00160  0.45172
   0.77064 -0.00009  0.45688
   0.78620  0.00126  0.46083
   0.80174  0.00247  0.46366
   0.81725  0.00352  0.46750
   0.83270  0.00440  0.47027
   0.84810  0.00510  0.47141
   0.86344  0.00561  0.47343
   0.87869  0.00591  0.47362
   0.89390  0.00600  0.47150
   0.90899  0.00587  0.47063
   0.92387  0.00551  0.46629
   0.93845  0.00493  0.45986
   0.95228  0.00415  0.45488
   0.96471  0.00323  0.44289
   0.97531  0.00230  0.44218
   0.98369  0.00136  0.41869
   0.99034  0.00049  0.39865
   0.99622 -0.00037  0.11903
   1.00000  0.00000  0.67705
