                                                
 Alfa =  10.00000 Re =  4000000.000 Xflap,Yflap =     0.000000    0.000000
#    x        y        Cp  
   1.00000  0.00055  0.43075
   0.99442  0.00198  0.24867
   0.98513  0.00439  0.18494
   0.97446  0.00717  0.12676
   0.96213  0.01040  0.07629
   0.94807  0.01413  0.02245
   0.93277  0.01821 -0.03763
   0.91715  0.02234 -0.09617
   0.90186  0.02631 -0.15005
   0.88692  0.03005 -0.19031
   0.87213  0.03364 -0.22473
   0.85729  0.03714 -0.25393
   0.84230  0.04060 -0.28057
   0.82706  0.04406 -0.30794
   0.81156  0.04756 -0.33629
   0.79583  0.05109 -0.36859
   0.77999  0.05466 -0.41115
   0.76415  0.05821 -0.45576
   0.74839  0.06170 -0.50505
   0.73278  0.06509 -0.55386
   0.71733  0.06834 -0.60264
   0.70202  0.07145 -0.64957
   0.68681  0.07440 -0.69212
   0.67167  0.07720 -0.73086
   0.65656  0.07984 -0.76713
   0.64143  0.08236 -0.80173
   0.62626  0.08474 -0.83391
   0.61102  0.08698 -0.86442
   0.59568  0.08911 -0.89234
   0.58022  0.09110 -0.91441
   0.56462  0.09300 -0.93638
   0.54888  0.09480 -0.95667
   0.53302  0.09652 -0.97959
   0.51707  0.09818 -1.00513
   0.50106  0.09979 -1.03539
   0.48506  0.10136 -1.07901
   0.46913  0.10287 -1.12980
   0.45332  0.10429 -1.18600
   0.43765  0.10558 -1.24410
   0.42213  0.10673 -1.30222
   0.40676  0.10772 -1.35929
   0.39152  0.10853 -1.40904
   0.37638  0.10914 -1.45147
   0.36130  0.10959 -1.49033
   0.34624  0.10988 -1.52975
   0.33115  0.11001 -1.56895
   0.31595  0.11001 -1.61273
   0.30056  0.10987 -1.66113
   0.28487  0.10960 -1.72334
   0.26879  0.10917 -1.79737
   0.25273  0.10858 -1.88054
   0.23683  0.10780 -1.97280
   0.22081  0.10682 -2.08049
   0.20497  0.10564 -2.20645
   0.19014  0.10432 -2.37398
   0.17646  0.10283 -2.56780
   0.16367  0.10109 -2.74927
   0.15127  0.09896 -2.90532
   0.13862  0.09624 -2.96241
   0.12493  0.09272 -2.96504
   0.11018  0.08838 -2.98302
   0.09624  0.08393 -3.17649
   0.08489  0.07997 -3.63551
   0.07543  0.07602 -3.97219
   0.06664  0.07141 -3.86708
   0.05743  0.06562 -3.50280
   0.04764  0.05872 -3.21373
   0.03899  0.05217 -3.25259
   0.03214  0.04648 -3.31267
   0.02654  0.04121 -3.31224
   0.02166  0.03592 -3.01679
   0.01709  0.03039 -2.55993
   0.01300  0.02535 -2.38045
   0.00965  0.02135 -2.59654
   0.00704  0.01817 -2.92342
   0.00498  0.01551 -3.27275
   0.00336  0.01321 -3.63793
   0.00207  0.01115 -4.02574
   0.00106  0.00927 -4.42381
   0.00031  0.00753 -4.79546
  -0.00022  0.00590 -5.12970
  -0.00052  0.00435 -5.29664
  -0.00059  0.00288 -5.20774
  -0.00044  0.00145 -4.76316
  -0.00003  0.00007 -3.90621
   0.00065 -0.00128 -2.70361
   0.00162 -0.00261 -1.63526
   0.00289 -0.00394 -0.79221
   0.00448 -0.00526 -0.16759
   0.00643 -0.00658  0.27787
   0.00883 -0.00790  0.58973
   0.01176 -0.00917  0.79730
   0.01532 -0.01032  0.92634
   0.01976 -0.01123  0.98842
   0.02554 -0.01195  0.99931
   0.03331 -0.01277  0.98045
   0.04323 -0.01370  0.93987
   0.05429 -0.01446  0.88893
   0.06607 -0.01487  0.83796
   0.07881 -0.01489  0.79039
   0.09225 -0.01448  0.74972
   0.10598 -0.01364  0.72031
   0.11995 -0.01245  0.70204
   0.13427 -0.01103  0.69122
   0.14900 -0.00958  0.68247
   0.16415 -0.00824  0.66750
   0.17965 -0.00702  0.64934
   0.19541 -0.00584  0.63147
   0.21132 -0.00463  0.61770
   0.22728 -0.00338  0.60776
   0.24322 -0.00213  0.60016
   0.25909 -0.00090  0.59359
   0.27487  0.00027  0.58826
   0.29056  0.00135  0.58290
   0.30619  0.00234  0.57695
   0.32182  0.00321  0.56962
   0.33748  0.00398  0.56170
   0.35320  0.00466  0.55346
   0.36900  0.00526  0.54508
   0.38488  0.00578  0.53679
   0.40083  0.00624  0.52853
   0.41682  0.00665  0.52091
   0.43281  0.00700  0.51354
   0.44879  0.00728  0.50624
   0.46475  0.00751  0.49908
   0.48068  0.00767  0.49168
   0.49661  0.00776  0.48361
   0.51253  0.00779  0.47511
   0.52849  0.00775  0.46548
   0.54449  0.00768  0.45599
   0.56055  0.00757  0.44609
   0.57667  0.00743  0.43625
   0.59284  0.00729  0.42719
   0.60906  0.00715  0.41827
   0.62530  0.00703  0.41125
   0.64156  0.00691  0.40354
   0.65781  0.00681  0.39812
   0.67406  0.00671  0.39189
   0.69029  0.00663  0.38680
   0.70652  0.00655  0.38241
   0.72275  0.00648  0.37938
   0.73896  0.00640  0.37628
   0.75516  0.00630  0.37410
   0.77133  0.00617  0.37090
   0.78743  0.00600  0.36796
   0.80343  0.00579  0.36468
   0.81929  0.00551  0.35989
   0.83500  0.00519  0.35420
   0.85060  0.00481  0.34835
   0.86614  0.00438  0.34235
   0.88172  0.00391  0.33532
   0.89749  0.00338  0.32872
   0.91358  0.00279  0.32016
   0.92963  0.00217  0.31118
   0.94565  0.00154  0.30540
   0.96051  0.00096  0.30168
   0.97346  0.00046  0.30089
   0.98460  0.00003  0.30819
   0.99424 -0.00033  0.32363
   1.00000 -0.00055  0.43075
