                                                
 Alfa =  10.00000 Re =  4000000.000 Xflap,Yflap =     0.000000    0.000000
#    x        y        Cp  
   1.00000  0.00000  0.49570
   0.99350  0.00205  0.29185
   0.98289  0.00534  0.18715
   0.97106  0.00892  0.11104
   0.95786  0.01280  0.04712
   0.94323  0.01695 -0.00852
   0.92738  0.02132 -0.05402
   0.91067  0.02580 -0.09535
   0.89351  0.03034 -0.13529
   0.87610  0.03491 -0.17871
   0.85857  0.03947 -0.22284
   0.84101  0.04399 -0.26622
   0.82349  0.04844 -0.31056
   0.80603  0.05281 -0.35485
   0.78864  0.05709 -0.39900
   0.77128  0.06129 -0.44391
   0.75395  0.06539 -0.48901
   0.73663  0.06940 -0.53372
   0.71934  0.07331 -0.58051
   0.70208  0.07710 -0.62642
   0.68490  0.08077 -0.67404
   0.66782  0.08429 -0.72134
   0.65084  0.08767 -0.76905
   0.63394  0.09089 -0.81549
   0.61709  0.09395 -0.86159
   0.60022  0.09686 -0.90544
   0.58325  0.09963 -0.94486
   0.56609  0.10226 -0.98095
   0.54871  0.10480 -1.01808
   0.53112  0.10723 -1.05764
   0.51340  0.10958 -1.10167
   0.49568  0.11184 -1.15507
   0.47817  0.11399 -1.22654
   0.46101  0.11598 -1.30639
   0.44425  0.11776 -1.38821
   0.42788  0.11930 -1.46953
   0.41181  0.12057 -1.54691
   0.39593  0.12156 -1.61429
   0.38009  0.12224 -1.66172
   0.36416  0.12265 -1.69927
   0.34804  0.12281 -1.73266
   0.33168  0.12273 -1.76569
   0.31508  0.12242 -1.80214
   0.29831  0.12191 -1.84723
   0.28149  0.12123 -1.91743
   0.26478  0.12034 -2.00130
   0.24833  0.11922 -2.09331
   0.23223  0.11785 -2.18980
   0.21655  0.11622 -2.28769
   0.20131  0.11432 -2.38811
   0.18653  0.11214 -2.49059
   0.17220  0.10967 -2.59403
   0.15829  0.10690 -2.69552
   0.14477  0.10381 -2.79803
   0.13161  0.10037 -2.90208
   0.11887  0.09659 -2.99870
   0.10672  0.09250 -3.08308
   0.09536  0.08818 -3.15627
   0.08492  0.08374 -3.21510
   0.07528  0.07914 -3.23438
   0.06614  0.07425 -3.12753
   0.05727  0.06913 -2.99157
   0.04903  0.06421 -2.99132
   0.04194  0.05994 -3.31274
   0.03611  0.05621 -3.70417
   0.03130  0.05277 -4.03476
   0.02724  0.04946 -4.26138
   0.02379  0.04614 -4.26909
   0.02080  0.04272 -3.89244
   0.01811  0.03920 -3.41049
   0.01562  0.03562 -2.97523
   0.01325  0.03211 -2.65982
   0.01099  0.02875 -2.54631
   0.00887  0.02563 -2.61445
   0.00697  0.02275 -2.73338
   0.00530  0.02008 -2.86806
   0.00386  0.01760 -3.01965
   0.00265  0.01528 -3.15540
   0.00164  0.01309 -3.28609
   0.00083  0.01099 -3.38546
   0.00021  0.00899 -3.43854
  -0.00021  0.00706 -3.42180
  -0.00045  0.00518 -3.31857
  -0.00048  0.00335 -3.09909
  -0.00032  0.00155 -2.73700
   0.00006 -0.00022 -2.25022
   0.00067 -0.00199 -1.65689
   0.00151 -0.00375 -1.10042
   0.00258 -0.00550 -0.60320
   0.00387 -0.00724 -0.19558
   0.00540 -0.00896  0.14183
   0.00718 -0.01066  0.40923
   0.00922 -0.01231  0.61546
   0.01153 -0.01387  0.77184
   0.01412 -0.01530  0.88270
   0.01698 -0.01653  0.95421
   0.02015 -0.01758  0.98984
   0.02366 -0.01845  0.99999
   0.02757 -0.01918  0.99398
   0.03193 -0.01980  0.97849
   0.03686 -0.02030  0.95751
   0.04252 -0.02071  0.93424
   0.04907 -0.02108  0.91019
   0.05667 -0.02151  0.88156
   0.06539 -0.02202  0.84667
   0.07526 -0.02249  0.80770
   0.08651 -0.02275  0.77501
   0.09963 -0.02283  0.74601
   0.11465 -0.02286  0.71139
   0.13059 -0.02282  0.67463
   0.14650 -0.02261  0.64149
   0.16233 -0.02213  0.61838
   0.17863 -0.02139  0.60281
   0.19583 -0.02046  0.59102
   0.21400 -0.01942  0.57827
   0.23216 -0.01839  0.56514
   0.25012 -0.01736  0.55334
   0.26818 -0.01634  0.54229
   0.28648 -0.01531  0.53180
   0.30488 -0.01429  0.52224
   0.32309 -0.01330  0.51317
   0.34120 -0.01234  0.50511
   0.35930 -0.01140  0.49713
   0.37744 -0.01049  0.48969
   0.39564 -0.00961  0.48273
   0.41387 -0.00876  0.47575
   0.43213 -0.00795  0.46867
   0.45037 -0.00717  0.46215
   0.46861 -0.00644  0.45557
   0.48684 -0.00574  0.44930
   0.50508 -0.00507  0.44285
   0.52335 -0.00445  0.43638
   0.54167 -0.00384  0.43028
   0.56005 -0.00327  0.42417
   0.57845 -0.00272  0.41850
   0.59685 -0.00219  0.41348
   0.61519 -0.00168  0.40974
   0.63342 -0.00120  0.40672
   0.65150 -0.00077  0.40368
   0.66945 -0.00040  0.40042
   0.68728 -0.00010  0.39674
   0.70505  0.00010  0.39092
   0.72283  0.00021  0.38269
   0.74067  0.00025  0.37377
   0.75862  0.00025  0.36384
   0.77666  0.00022  0.35452
   0.79480  0.00020  0.34574
   0.81298  0.00021  0.34042
   0.83113  0.00025  0.33607
   0.84922  0.00029  0.33393
   0.86721  0.00033  0.33147
   0.88512  0.00036  0.33003
   0.90294  0.00035  0.32762
   0.92069  0.00029  0.32455
   0.93801  0.00022  0.32253
   0.95427  0.00015  0.32371
   0.96889  0.00010  0.33090
   0.98179  0.00005  0.34506
   0.99315  0.00002  0.38172
   1.00000  0.00000  0.49570
