                                                
 Alfa =  10.00000 Re =  4000000.000 Xflap,Yflap =     0.000000    0.000000
#    x        y        Cp  
   1.00000  0.00175  0.40222
   0.99457  0.00286  0.23497
   0.98554  0.00469  0.15750
   0.97525  0.00675  0.09676
   0.96344  0.00907  0.04208
   0.95006  0.01166 -0.01133
   0.93556  0.01440 -0.06506
   0.92097  0.01706 -0.11535
   0.90635  0.01960 -0.16069
   0.89212  0.02191 -0.19369
   0.87814  0.02403 -0.21841
   0.86423  0.02601 -0.23628
   0.85026  0.02790 -0.24965
   0.83612  0.02973 -0.26257
   0.82177  0.03154 -0.27495
   0.80717  0.03334 -0.28584
   0.79238  0.03518 -0.30436
   0.77752  0.03703 -0.32743
   0.76269  0.03888 -0.35458
   0.74784  0.04071 -0.38224
   0.73298  0.04251 -0.41249
   0.71819  0.04426 -0.44116
   0.70349  0.04594 -0.47141
   0.68885  0.04753 -0.49709
   0.67425  0.04904 -0.52211
   0.65966  0.05046 -0.54424
   0.64505  0.05182 -0.56696
   0.63042  0.05310 -0.58925
   0.61576  0.05430 -0.60969
   0.60107  0.05544 -0.63197
   0.58634  0.05651 -0.65310
   0.57160  0.05750 -0.67500
   0.55685  0.05843 -0.69706
   0.54210  0.05927 -0.71895
   0.52735  0.06005 -0.74096
   0.51260  0.06074 -0.76267
   0.49787  0.06136 -0.78480
   0.48314  0.06191 -0.80670
   0.46843  0.06237 -0.82815
   0.45372  0.06276 -0.85110
   0.43901  0.06308 -0.87306
   0.42429  0.06332 -0.89600
   0.40957  0.06349 -0.92154
   0.39482  0.06359 -0.94642
   0.38004  0.06361 -0.97508
   0.36523  0.06356 -1.00353
   0.35039  0.06344 -1.03635
   0.33553  0.06323 -1.06937
   0.32068  0.06293 -1.10584
   0.30588  0.06255 -1.14518
   0.29118  0.06208 -1.19043
   0.27663  0.06152 -1.24255
   0.26224  0.06084 -1.29760
   0.24804  0.06003 -1.35187
   0.23399  0.05905 -1.40601
   0.22004  0.05789 -1.45673
   0.20613  0.05652 -1.49949
   0.19216  0.05490 -1.52430
   0.17803  0.05303 -1.52200
   0.16368  0.05099 -1.52471
   0.14914  0.04886 -1.55215
   0.13458  0.04674 -1.65529
   0.12022  0.04459 -1.80332
   0.10628  0.04228 -1.96561
   0.09285  0.03974 -2.11058
   0.07991  0.03692 -2.22861
   0.06683  0.03369 -2.30541
   0.05298  0.03003 -2.41882
   0.04095  0.02690 -2.97444
   0.03191  0.02433 -3.76747
   0.02449  0.02168 -4.57100
   0.01769  0.01846 -5.19153
   0.01209  0.01499 -5.43377
   0.00829  0.01218 -5.98486
   0.00568  0.00995 -6.70512
   0.00378  0.00805 -7.52604
   0.00237  0.00637 -8.45255
   0.00133  0.00482 -9.40242
   0.00060  0.00338-10.33941
   0.00015  0.00201-10.92536
  -0.00002  0.00069-10.77868
   0.00009 -0.00061 -9.22323
   0.00048 -0.00189 -6.82662
   0.00116 -0.00319 -4.59561
   0.00214 -0.00452 -2.81967
   0.00345 -0.00591 -1.52640
   0.00518 -0.00739 -0.59174
   0.00747 -0.00902  0.06033
   0.01064 -0.01090  0.51438
   0.01535 -0.01322  0.81428
   0.02265 -0.01596  0.97176
   0.03175 -0.01865  0.99952
   0.04223 -0.02138  0.97341
   0.05440 -0.02416  0.92048
   0.06716 -0.02661  0.85736
   0.07965 -0.02842  0.80197
   0.09255 -0.02975  0.76503
   0.10651 -0.03101  0.73098
   0.12115 -0.03242  0.68590
   0.13568 -0.03379  0.63972
   0.14978 -0.03497  0.59589
   0.16363 -0.03587  0.56337
   0.17755 -0.03651  0.53831
   0.19174 -0.03697  0.51808
   0.20631 -0.03730  0.49944
   0.22116 -0.03753  0.48099
   0.23613 -0.03767  0.46342
   0.25105 -0.03773  0.44794
   0.26598 -0.03771  0.43338
   0.28097 -0.03762  0.41987
   0.29589 -0.03748  0.40767
   0.31073 -0.03728  0.39578
   0.32552 -0.03704  0.38456
   0.34029 -0.03676  0.37349
   0.35506 -0.03643  0.36380
   0.36985 -0.03605  0.35321
   0.38466 -0.03563  0.34520
   0.39950 -0.03517  0.33596
   0.41435 -0.03465  0.32855
   0.42921 -0.03410  0.32108
   0.44407 -0.03350  0.31378
   0.45892 -0.03286  0.30866
   0.47377 -0.03218  0.30230
   0.48862 -0.03145  0.29760
   0.50346 -0.03068  0.29414
   0.51832 -0.02987  0.29017
   0.53318 -0.02903  0.28861
   0.54806 -0.02817  0.28587
   0.56296 -0.02728  0.28493
   0.57788 -0.02639  0.28334
   0.59281 -0.02549  0.28159
   0.60775 -0.02459  0.27879
   0.62270 -0.02371  0.27646
   0.63765 -0.02284  0.27292
   0.65259 -0.02197  0.26927
   0.66752 -0.02110  0.26637
   0.68247 -0.02024  0.26264
   0.69742 -0.01937  0.25951
   0.71240 -0.01851  0.25647
   0.72734 -0.01764  0.25423
   0.74225 -0.01677  0.25066
   0.75713 -0.01590  0.24899
   0.77200 -0.01503  0.24632
   0.78688 -0.01416  0.24536
   0.80183 -0.01329  0.24195
   0.81673 -0.01242  0.24083
   0.83149 -0.01156  0.23917
   0.84613 -0.01071  0.23708
   0.86067 -0.00986  0.23644
   0.87521 -0.00902  0.23509
   0.88985 -0.00817  0.23521
   0.90470 -0.00730  0.23523
   0.91935 -0.00645  0.23622
   0.93377 -0.00561  0.23852
   0.94843 -0.00476  0.24283
   0.96238 -0.00394  0.25021
   0.97462 -0.00323  0.26044
   0.98522 -0.00261  0.27773
   0.99446 -0.00207  0.30969
   1.00000 -0.00175  0.40222
