                                                
 Alfa =  10.00000 Re =  4000000.000 Xflap,Yflap =     0.000000    0.000000
#    x        y        Cp  
   1.00000  0.00000  0.41423
   0.99340  0.00083  0.25292
   0.98255  0.00218  0.18061
   0.97034  0.00367  0.13258
   0.95660  0.00532  0.09328
   0.94136  0.00711  0.06080
   0.92496  0.00901  0.03336
   0.90796  0.01098  0.00956
   0.89075  0.01298 -0.01572
   0.87346  0.01503 -0.04230
   0.85610  0.01710 -0.07000
   0.83871  0.01917 -0.09646
   0.82128  0.02123 -0.12278
   0.80382  0.02326 -0.14795
   0.78631  0.02525 -0.16930
   0.76873  0.02720 -0.18858
   0.75108  0.02913 -0.20706
   0.73335  0.03104 -0.22454
   0.71555  0.03294 -0.24279
   0.69770  0.03485 -0.26118
   0.67980  0.03676 -0.28247
   0.66189  0.03868 -0.30485
   0.64398  0.04061 -0.32833
   0.62607  0.04252 -0.35221
   0.60819  0.04443 -0.37750
   0.59033  0.04632 -0.40331
   0.57249  0.04821 -0.43021
   0.55467  0.05007 -0.45788
   0.53686  0.05192 -0.48715
   0.51907  0.05376 -0.51776
   0.50127  0.05557 -0.55050
   0.48347  0.05737 -0.58547
   0.46567  0.05914 -0.62339
   0.44787  0.06089 -0.66376
   0.43010  0.06260 -0.70693
   0.41241  0.06426 -0.75456
   0.39486  0.06587 -0.80699
   0.37751  0.06740 -0.86671
   0.36040  0.06883 -0.93028
   0.34354  0.07013 -0.99587
   0.32689  0.07128 -1.06438
   0.31043  0.07227 -1.13297
   0.29410  0.07307 -1.19979
   0.27782  0.07368 -1.26353
   0.26158  0.07411 -1.33037
   0.24538  0.07435 -1.40412
   0.22929  0.07442 -1.49107
   0.21344  0.07429 -1.58542
   0.19794  0.07394 -1.69333
   0.18293  0.07337 -1.81990
   0.16849  0.07252 -1.94864
   0.15460  0.07137 -2.07302
   0.14123  0.06988 -2.17328
   0.12832  0.06807 -2.25757
   0.11582  0.06596 -2.33937
   0.10373  0.06360 -2.42471
   0.09205  0.06099 -2.53688
   0.08088  0.05817 -2.66689
   0.07048  0.05519 -2.79981
   0.06112  0.05217 -2.93135
   0.05290  0.04922 -3.06876
   0.04575  0.04639 -3.23695
   0.03955  0.04369 -3.42563
   0.03417  0.04111 -3.60795
   0.02947  0.03862 -3.78064
   0.02533  0.03620 -3.94530
   0.02166  0.03383 -4.13750
   0.01838  0.03147 -4.27706
   0.01544  0.02909 -4.34246
   0.01282  0.02671 -4.34285
   0.01046  0.02432 -4.31906
   0.00839  0.02198 -4.30173
   0.00659  0.01970 -4.27885
   0.00503  0.01749 -4.26170
   0.00369  0.01536 -4.23540
   0.00258  0.01329 -4.19764
   0.00165  0.01127 -4.12264
   0.00092  0.00931 -4.03631
   0.00037  0.00740 -3.87687
  -0.00000  0.00552 -3.66799
  -0.00020  0.00368 -3.37588
  -0.00020  0.00186 -3.00190
  -0.00001  0.00005 -2.52728
   0.00039 -0.00174 -1.94395
   0.00100 -0.00353 -1.37103
   0.00181 -0.00533 -0.85168
   0.00283 -0.00713 -0.40716
   0.00407 -0.00895 -0.03495
   0.00554 -0.01078  0.26468
   0.00725 -0.01261  0.50210
   0.00923 -0.01445  0.68338
   0.01149 -0.01626  0.81697
   0.01403 -0.01802  0.90928
   0.01687 -0.01968  0.96663
   0.02004 -0.02125  0.99416
   0.02358 -0.02275  0.99971
   0.02754 -0.02422  0.99026
   0.03201 -0.02569  0.97014
   0.03710 -0.02718  0.94253
   0.04298 -0.02869  0.90900
   0.04985 -0.03027  0.87178
   0.05788 -0.03194  0.82854
   0.06722 -0.03370  0.78099
   0.07780 -0.03544  0.73144
   0.08929 -0.03705  0.68353
   0.10138 -0.03844  0.64115
   0.11414 -0.03962  0.60613
   0.12791 -0.04062  0.57674
   0.14299 -0.04152  0.55126
   0.15932 -0.04239  0.52377
   0.17627 -0.04325  0.49296
   0.19323 -0.04402  0.46370
   0.21007 -0.04468  0.43800
   0.22697 -0.04522  0.41594
   0.24405 -0.04566  0.39492
   0.26126 -0.04603  0.37400
   0.27841 -0.04631  0.35306
   0.29544 -0.04648  0.33421
   0.31238 -0.04651  0.31888
   0.32937 -0.04643  0.30689
   0.34649 -0.04624  0.29651
   0.36381 -0.04596  0.28734
   0.38134 -0.04562  0.27846
   0.39905 -0.04522  0.26959
   0.41684 -0.04480  0.25827
   0.43459 -0.04434  0.24632
   0.45224 -0.04383  0.23454
   0.46975 -0.04327  0.22308
   0.48711 -0.04263  0.21254
   0.50437 -0.04191  0.20388
   0.52157 -0.04110  0.19747
   0.53878 -0.04019  0.19239
   0.55604 -0.03921  0.18854
   0.57338 -0.03815  0.18531
   0.59083 -0.03702  0.18258
   0.60837 -0.03582  0.18061
   0.62601 -0.03457  0.17880
   0.64373 -0.03326  0.17720
   0.66151 -0.03192  0.17593
   0.67932 -0.03053  0.17437
   0.69715 -0.02913  0.17310
   0.71496 -0.02770  0.17063
   0.73273 -0.02626  0.16822
   0.75044 -0.02479  0.16577
   0.76810 -0.02329  0.16357
   0.78572 -0.02177  0.16182
   0.80333 -0.02020  0.16099
   0.82095 -0.01859  0.16148
   0.83861 -0.01694  0.16281
   0.85630 -0.01526  0.16503
   0.87397 -0.01355  0.16718
   0.89154 -0.01183  0.16960
   0.90892 -0.01012  0.17121
   0.92590 -0.00842  0.17223
   0.94210 -0.00675  0.17681
   0.95707 -0.00512  0.18741
   0.97057 -0.00359  0.20504
   0.98263 -0.00216  0.23171
   0.99341 -0.00083  0.28097
   1.00000  0.00000  0.41423
