                                                
 Alfa =  10.00000 Re =  4000000.000 Xflap,Yflap =     0.000000    0.000000
#    x        y        Cp  
   1.00000  0.00000  0.27306
   0.99385  0.00040  0.16683
   0.98256  0.00116  0.11220
   0.96930  0.00202  0.07890
   0.95492  0.00297  0.04990
   0.94006  0.00393  0.02745
   0.92504  0.00490  0.00689
   0.90999  0.00586 -0.01087
   0.89492  0.00681 -0.02550
   0.87984  0.00775 -0.03619
   0.86475  0.00869 -0.04815
   0.84966  0.00963 -0.05847
   0.83461  0.01059 -0.06730
   0.81961  0.01157 -0.07691
   0.80465  0.01258 -0.08661
   0.78970  0.01363 -0.09734
   0.77477  0.01472 -0.10950
   0.75987  0.01586 -0.12109
   0.74498  0.01705 -0.13566
   0.73008  0.01829 -0.15092
   0.71516  0.01957 -0.16825
   0.70025  0.02090 -0.18419
   0.68537  0.02227 -0.20243
   0.67047  0.02369 -0.22439
   0.65554  0.02515 -0.24703
   0.64058  0.02665 -0.27150
   0.62560  0.02818 -0.29818
   0.61059  0.02973 -0.32581
   0.59555  0.03130 -0.35683
   0.58054  0.03286 -0.38993
   0.56560  0.03440 -0.42454
   0.55071  0.03588 -0.45620
   0.53586  0.03732 -0.48991
   0.52103  0.03870 -0.52149
   0.50622  0.04001 -0.55310
   0.49144  0.04125 -0.58514
   0.47669  0.04241 -0.61567
   0.46195  0.04348 -0.64530
   0.44719  0.04447 -0.67208
   0.43240  0.04538 -0.70003
   0.41761  0.04621 -0.72808
   0.40282  0.04697 -0.75829
   0.38803  0.04765 -0.78822
   0.37323  0.04825 -0.81877
   0.35843  0.04877 -0.85238
   0.34365  0.04922 -0.88779
   0.32892  0.04957 -0.92643
   0.31423  0.04982 -0.96527
   0.29959  0.04996 -1.00315
   0.28493  0.04999 -1.03887
   0.27027  0.04991 -1.07740
   0.25562  0.04971 -1.11743
   0.24097  0.04941 -1.15967
   0.22630  0.04899 -1.20479
   0.21166  0.04848 -1.26069
   0.19712  0.04784 -1.32416
   0.18264  0.04707 -1.38883
   0.16821  0.04616 -1.45973
   0.15389  0.04509 -1.54736
   0.13972  0.04386 -1.63913
   0.12564  0.04242 -1.73784
   0.11173  0.04079 -1.86143
   0.09809  0.03894 -2.00400
   0.08476  0.03683 -2.16550
   0.07186  0.03447 -2.36021
   0.05961  0.03186 -2.59157
   0.04829  0.02904 -2.87186
   0.03830  0.02613 -3.20567
   0.02987  0.02327 -3.58401
   0.02305  0.02059 -4.06121
   0.01767  0.01814 -4.60309
   0.01340  0.01585 -5.18694
   0.01002  0.01369 -5.74323
   0.00731  0.01166 -6.25582
   0.00514  0.00971 -6.72485
   0.00338  0.00783 -7.36117
   0.00200  0.00598 -8.06303
   0.00099  0.00417 -8.39610
   0.00035  0.00244 -8.38604
   0.00004  0.00080 -8.00843
   0.00004 -0.00080 -6.81009
   0.00035 -0.00244 -5.07256
   0.00099 -0.00417 -3.47193
   0.00200 -0.00598 -2.09203
   0.00338 -0.00783 -1.00537
   0.00514 -0.00971 -0.26760
   0.00731 -0.01166  0.22631
   0.01002 -0.01369  0.57139
   0.01340 -0.01585  0.79862
   0.01767 -0.01813  0.93128
   0.02305 -0.02059  0.99070
   0.02987 -0.02327  0.99739
   0.03830 -0.02613  0.96730
   0.04829 -0.02904  0.91501
   0.05960 -0.03186  0.85312
   0.07186 -0.03447  0.79028
   0.08476 -0.03683  0.73113
   0.09809 -0.03894  0.67701
   0.11173 -0.04079  0.62884
   0.12564 -0.04242  0.58607
   0.13972 -0.04386  0.54640
   0.15389 -0.04509  0.51165
   0.16821 -0.04616  0.48124
   0.18264 -0.04707  0.45257
   0.19712 -0.04784  0.42629
   0.21166 -0.04848  0.40367
   0.22630 -0.04899  0.38220
   0.24097 -0.04941  0.36084
   0.25562 -0.04971  0.34120
   0.27027 -0.04991  0.32287
   0.28493 -0.04999  0.30642
   0.29959 -0.04996  0.29060
   0.31423 -0.04982  0.27771
   0.32892 -0.04957  0.26687
   0.34365 -0.04922  0.25687
   0.35843 -0.04877  0.24804
   0.37323 -0.04825  0.23917
   0.38803 -0.04765  0.23063
   0.40282 -0.04697  0.22286
   0.41761 -0.04621  0.21595
   0.43240 -0.04538  0.20953
   0.44719 -0.04447  0.20420
   0.46195 -0.04348  0.19845
   0.47669 -0.04241  0.19583
   0.49144 -0.04125  0.19443
   0.50622 -0.04001  0.19327
   0.52103 -0.03870  0.19444
   0.53586 -0.03732  0.19627
   0.55071 -0.03588  0.19859
   0.56560 -0.03440  0.20238
   0.58054 -0.03286  0.20735
   0.59555 -0.03130  0.21253
   0.61059 -0.02973  0.21710
   0.62560 -0.02818  0.22133
   0.64058 -0.02665  0.22392
   0.65554 -0.02515  0.22702
   0.67047 -0.02369  0.22879
   0.68537 -0.02227  0.23082
   0.70025 -0.02090  0.23110
   0.71516 -0.01957  0.22955
   0.73008 -0.01829  0.22927
   0.74498 -0.01705  0.22855
   0.75987 -0.01586  0.22585
   0.77477 -0.01472  0.22326
   0.78970 -0.01363  0.21939
   0.80465 -0.01258  0.21497
   0.81961 -0.01157  0.21018
   0.83461 -0.01059  0.20502
   0.84966 -0.00963  0.19727
   0.86475 -0.00869  0.19303
   0.87984 -0.00775  0.18796
   0.89492 -0.00681  0.18148
   0.90999 -0.00586  0.17843
   0.92504 -0.00490  0.17608
   0.94006 -0.00393  0.17583
   0.95492 -0.00297  0.17571
   0.96930 -0.00202  0.17949
   0.98256 -0.00116  0.18545
   0.99385 -0.00040  0.20884
   1.00000  0.00000  0.27306
