                                                
 Alfa =  10.00000 Re =  4000000.000 Xflap,Yflap =     0.000000    0.000000
#    x        y        Cp  
   1.00000  0.00000  0.31596
   0.99459  0.00112  0.17096
   0.98603  0.00289  0.10716
   0.97685  0.00475  0.05602
   0.96695  0.00674  0.01745
   0.95625  0.00885 -0.02080
   0.94464  0.01111 -0.05423
   0.93203  0.01352 -0.08892
   0.91835  0.01608 -0.12221
   0.90363  0.01877 -0.15653
   0.88811  0.02155 -0.18713
   0.87272  0.02424 -0.21626
   0.85751  0.02684 -0.24411
   0.84228  0.02939 -0.27050
   0.82686  0.03191 -0.29551
   0.81119  0.03443 -0.32207
   0.79547  0.03690 -0.34611
   0.77991  0.03930 -0.37209
   0.76439  0.04166 -0.39577
   0.74885  0.04398 -0.42136
   0.73326  0.04627 -0.44772
   0.71759  0.04854 -0.47490
   0.70185  0.05079 -0.50280
   0.68608  0.05301 -0.53693
   0.67034  0.05518 -0.57134
   0.65465  0.05729 -0.60682
   0.63903  0.05932 -0.64361
   0.62347  0.06126 -0.68024
   0.60795  0.06310 -0.71448
   0.59244  0.06483 -0.74776
   0.57688  0.06645 -0.77676
   0.56126  0.06797 -0.80406
   0.54556  0.06940 -0.83182
   0.52980  0.07073 -0.86014
   0.51401  0.07198 -0.88965
   0.49827  0.07314 -0.92228
   0.48265  0.07422 -0.96284
   0.46718  0.07517 -1.00188
   0.45178  0.07598 -1.03777
   0.43633  0.07663 -1.05460
   0.42069  0.07718 -1.06720
   0.40487  0.07768 -1.08792
   0.38908  0.07820 -1.14217
   0.37357  0.07867 -1.22072
   0.35836  0.07901 -1.30053
   0.34328  0.07913 -1.35858
   0.32806  0.07902 -1.38910
   0.31255  0.07870 -1.41831
   0.29690  0.07825 -1.46554
   0.28148  0.07768 -1.55102
   0.26653  0.07692 -1.63716
   0.25200  0.07586 -1.69884
   0.23761  0.07443 -1.68243
   0.22303  0.07270 -1.63694
   0.20814  0.07084 -1.60303
   0.19304  0.06903 -1.65961
   0.17811  0.06731 -1.82105
   0.16360  0.06550 -2.00623
   0.14956  0.06342 -2.17614
   0.13588  0.06091 -2.26847
   0.12242  0.05796 -2.32690
   0.10898  0.05457 -2.36975
   0.09533  0.05068 -2.40556
   0.08128  0.04620 -2.43783
   0.06755  0.04141 -2.46557
   0.05493  0.03676 -2.53991
   0.04213  0.03193 -3.01985
   0.02983  0.02658 -3.59488
   0.02111  0.02200 -3.97282
   0.01601  0.01894 -4.38051
   0.01236  0.01652 -4.80708
   0.00954  0.01445 -5.26457
   0.00728  0.01261 -5.79110
   0.00542  0.01093 -6.35178
   0.00390  0.00937 -7.00577
   0.00265  0.00790 -7.72147
   0.00166  0.00650 -8.46103
   0.00089  0.00517 -9.23369
   0.00034  0.00389 -9.87878
  -0.00000  0.00264-10.20136
  -0.00013  0.00143-10.01645
  -0.00005  0.00024 -8.99572
   0.00027 -0.00093 -7.18785
   0.00082 -0.00208 -5.19447
   0.00160 -0.00324 -3.47994
   0.00262 -0.00440 -2.14589
   0.00391 -0.00557 -1.14355
   0.00548 -0.00677 -0.42270
   0.00739 -0.00799  0.09381
   0.00970 -0.00926  0.45694
   0.01255 -0.01060  0.70711
   0.01615 -0.01202  0.87225
   0.02097 -0.01357  0.96875
   0.02813 -0.01523  0.99963
   0.03983 -0.01640  0.95667
   0.05276 -0.01653  0.91222
   0.06561 -0.01683  0.86639
   0.08064 -0.01733  0.81005
   0.09606 -0.01773  0.75355
   0.11043 -0.01777  0.71122
   0.12470 -0.01749  0.68015
   0.13955 -0.01696  0.65500
   0.15517 -0.01627  0.63112
   0.17108 -0.01548  0.60531
   0.18670 -0.01455  0.58350
   0.20187 -0.01344  0.56971
   0.21673 -0.01214  0.56855
   0.23146 -0.01079  0.57121
   0.24620 -0.00955  0.57119
   0.26100 -0.00856  0.55794
   0.27586 -0.00774  0.53548
   0.29074 -0.00693  0.51245
   0.30564 -0.00595  0.50067
   0.32053 -0.00474  0.50468
   0.33546 -0.00346  0.51293
   0.35049 -0.00225  0.51750
   0.36573 -0.00123  0.51089
   0.38122 -0.00035  0.49951
   0.39697  0.00047  0.48752
   0.41283  0.00130  0.48091
   0.42865  0.00213  0.47770
   0.44438  0.00291  0.47486
   0.46005  0.00360  0.46934
   0.47578  0.00422  0.46135
   0.49162  0.00479  0.45255
   0.50758  0.00534  0.44623
   0.52357  0.00587  0.43997
   0.53953  0.00639  0.43533
   0.55551  0.00689  0.43117
   0.57151  0.00736  0.42726
   0.58747  0.00781  0.42321
   0.60337  0.00821  0.42006
   0.61923  0.00858  0.41767
   0.63506  0.00890  0.41455
   0.65086  0.00916  0.41174
   0.66663  0.00936  0.40837
   0.68239  0.00948  0.40514
   0.69811  0.00952  0.40027
   0.71379  0.00947  0.39480
   0.72942  0.00934  0.38742
   0.74501  0.00914  0.37913
   0.76060  0.00888  0.37116
   0.77623  0.00856  0.36325
   0.79195  0.00820  0.35393
   0.80786  0.00780  0.34598
   0.82369  0.00737  0.33885
   0.83924  0.00692  0.33189
   0.85459  0.00645  0.32447
   0.86988  0.00594  0.31876
   0.88534  0.00539  0.31026
   0.90112  0.00479  0.30263
   0.91628  0.00416  0.29410
   0.93037  0.00355  0.28784
   0.94335  0.00295  0.27952
   0.95526  0.00238  0.27329
   0.96623  0.00183  0.26690
   0.97636  0.00130  0.26088
   0.98574  0.00080  0.26064
   0.99449  0.00031  0.26370
   1.00000  0.00000  0.31596
