                                                
 Alfa =  10.00000 Re =  4000000.000 Xflap,Yflap =     0.000000    0.000000
#    x        y        Cp  
   1.00000  0.00000  0.28074
   0.99192  0.00097  0.19725
   0.97926  0.00239  0.19517
   0.96600  0.00408  0.14041
   0.95197  0.00591  0.12899
   0.93704  0.00806  0.08646
   0.92158  0.01031  0.07384
   0.90582  0.01276  0.04568
   0.88976  0.01540  0.01237
   0.87347  0.01816 -0.02369
   0.85706  0.02098 -0.05212
   0.84061  0.02384 -0.08118
   0.82415  0.02675 -0.11131
   0.80770  0.02970 -0.14038
   0.79131  0.03270 -0.17793
   0.77494  0.03571 -0.22175
   0.75853  0.03867 -0.24867
   0.74208  0.04163 -0.28119
   0.72562  0.04459 -0.32280
   0.70917  0.04750 -0.35877
   0.69269  0.05037 -0.39277
   0.67618  0.05320 -0.42912
   0.65978  0.05599 -0.48124
   0.64350  0.05864 -0.52046
   0.62716  0.06117 -0.54095
   0.61079  0.06368 -0.58787
   0.59451  0.06610 -0.63885
   0.57825  0.06836 -0.67461
   0.56193  0.07050 -0.70414
   0.54554  0.07255 -0.73841
   0.52919  0.07451 -0.78537
   0.51291  0.07635 -0.83194
   0.49669  0.07803 -0.87635
   0.48051  0.07953 -0.91584
   0.46430  0.08085 -0.94042
   0.44800  0.08204 -0.97011
   0.43187  0.08311 -1.03768
   0.41589  0.08392 -1.05830
   0.39974  0.08451 -1.04990
   0.38365  0.08502 -1.11220
   0.36783  0.08527 -1.11380
   0.35195  0.08529 -1.04720
   0.33579  0.08544 -1.07783
   0.31938  0.08568 -1.14347
   0.30290  0.08587 -1.20362
   0.28640  0.08598 -1.25822
   0.26990  0.08600 -1.31952
   0.25345  0.08593 -1.39551
   0.23712  0.08574 -1.48198
   0.22090  0.08540 -1.56832
   0.20474  0.08488 -1.65225
   0.18872  0.08422 -1.77594
   0.17298  0.08338 -1.92146
   0.15754  0.08226 -2.06297
   0.14239  0.08085 -2.21608
   0.12761  0.07914 -2.38888
   0.11333  0.07712 -2.60428
   0.09974  0.07475 -2.84705
   0.08695  0.07198 -3.09202
   0.07504  0.06880 -3.22389
   0.06408  0.06542 -3.57736
   0.05432  0.06177 -3.82324
   0.04565  0.05788 -3.93856
   0.03805  0.05393 -4.18981
   0.03153  0.04994 -4.36531
   0.02597  0.04593 -4.39140
   0.02126  0.04196 -4.31845
   0.01726  0.03811 -4.26220
   0.01390  0.03440 -4.18924
   0.01111  0.03086 -4.06617
   0.00879  0.02747 -3.88112
   0.00689  0.02426 -3.65335
   0.00533  0.02122 -3.41790
   0.00406  0.01836 -3.17757
   0.00302  0.01567 -2.99658
   0.00219  0.01314 -2.79289
   0.00152  0.01076 -2.60919
   0.00100  0.00851 -2.43511
   0.00060  0.00640 -2.35061
   0.00032  0.00440 -2.12626
   0.00008  0.00251 -2.19470
  -0.00005  0.00071 -3.01929
   0.00019 -0.00107 -1.82175
   0.00055 -0.00293 -1.96762
   0.00126 -0.00479 -1.19706
   0.00222 -0.00668 -0.70039
   0.00345 -0.00857 -0.30291
   0.00501 -0.01041  0.13538
   0.00687 -0.01226  0.44138
   0.00896 -0.01415  0.61912
   0.01138 -0.01604  0.76687
   0.01417 -0.01790  0.87680
   0.01741 -0.01976  0.94677
   0.02113 -0.02166  0.98438
   0.02539 -0.02364  0.99905
   0.03030 -0.02572  0.99688
   0.03601 -0.02794  0.98164
   0.04265 -0.03035  0.95519
   0.05037 -0.03292  0.91714
   0.05940 -0.03553  0.87757
   0.06978 -0.03834  0.82601
   0.08149 -0.04114  0.77638
   0.09442 -0.04391  0.72449
   0.10839 -0.04656  0.67647
   0.12308 -0.04909  0.62905
   0.13822 -0.05144  0.58425
   0.15368 -0.05359  0.54314
   0.16939 -0.05555  0.50501
   0.18525 -0.05733  0.46888
   0.20119 -0.05891  0.43415
   0.21718 -0.06030  0.40209
   0.23323 -0.06148  0.37390
   0.24935 -0.06246  0.34964
   0.26553 -0.06329  0.32509
   0.28172 -0.06396  0.29968
   0.29785 -0.06445  0.27428
   0.31398 -0.06472  0.25798
   0.33019 -0.06481  0.24176
   0.34634 -0.06475  0.22040
   0.36250 -0.06445  0.21312
   0.37879 -0.06398  0.20612
   0.39503 -0.06341  0.18591
   0.41118 -0.06263  0.18054
   0.42746 -0.06165  0.18188
   0.44378 -0.06056  0.17162
   0.46003 -0.05931  0.16816
   0.47633 -0.05788  0.17138
   0.49273 -0.05632  0.17477
   0.50917 -0.05467  0.17407
   0.52557 -0.05294  0.17099
   0.54195 -0.05106  0.17636
   0.55842 -0.04907  0.18396
   0.57496 -0.04701  0.18964
   0.59150 -0.04490  0.19049
   0.60797 -0.04274  0.19190
   0.62439 -0.04049  0.19756
   0.64082 -0.03813  0.21174
   0.65731 -0.03575  0.22023
   0.67381 -0.03337  0.22233
   0.69033 -0.03094  0.23274
   0.70691 -0.02848  0.24241
   0.72352 -0.02602  0.24952
   0.74011 -0.02356  0.26061
   0.75667 -0.02113  0.27094
   0.77324 -0.01875  0.27761
   0.78977 -0.01641  0.28881
   0.80623 -0.01416  0.29816
   0.82267 -0.01200  0.30450
   0.83906 -0.00993  0.31424
   0.85536 -0.00797  0.32255
   0.87161 -0.00616  0.32802
   0.88778 -0.00447  0.33730
   0.90375 -0.00296  0.34779
   0.91949 -0.00169  0.35446
   0.93504 -0.00067  0.35356
   0.95034  0.00012  0.35975
   0.96501  0.00062  0.36315
   0.97897  0.00080  0.37720
   0.99188  0.00050  0.36672
   1.00000  0.00000  0.28074
