                                                
 Alfa =  10.00000 Re =  4000000.000 Xflap,Yflap =     0.000000    0.000000
#    x        y        Cp  
   1.00000  0.00000  0.56582
   0.99475  0.00106  0.36401
   0.98648  0.00271  0.26789
   0.97765  0.00443  0.20453
   0.96821  0.00623  0.15229
   0.95807  0.00812  0.10751
   0.94717  0.01009  0.06623
   0.93542  0.01216  0.02770
   0.92278  0.01431 -0.00895
   0.90926  0.01653 -0.04347
   0.89496  0.01878 -0.07423
   0.88050  0.02097 -0.10220
   0.86631  0.02304 -0.12562
   0.85220  0.02503 -0.14791
   0.83803  0.02698 -0.16780
   0.82370  0.02890 -0.18796
   0.80916  0.03081 -0.20791
   0.79447  0.03272 -0.23003
   0.77988  0.03459 -0.25526
   0.76538  0.03642 -0.27941
   0.75092  0.03820 -0.30565
   0.73646  0.03993 -0.33157
   0.72196  0.04160 -0.35578
   0.70741  0.04321 -0.37936
   0.69281  0.04474 -0.40005
   0.67816  0.04620 -0.41621
   0.66347  0.04758 -0.43171
   0.64873  0.04891 -0.44683
   0.63398  0.05019 -0.46053
   0.61920  0.05143 -0.47475
   0.60441  0.05264 -0.49129
   0.58961  0.05384 -0.51164
   0.57482  0.05502 -0.53435
   0.56003  0.05617 -0.55667
   0.54526  0.05730 -0.58407
   0.53049  0.05839 -0.61033
   0.51574  0.05943 -0.63909
   0.50100  0.06043 -0.66831
   0.48628  0.06138 -0.69918
   0.47158  0.06227 -0.73078
   0.45689  0.06308 -0.76329
   0.44222  0.06383 -0.79668
   0.42755  0.06449 -0.83010
   0.41290  0.06507 -0.86491
   0.39825  0.06555 -0.89910
   0.38360  0.06594 -0.93445
   0.36894  0.06622 -0.96856
   0.35428  0.06639 -1.00501
   0.33962  0.06644 -1.03979
   0.32497  0.06638 -1.07728
   0.31033  0.06620 -1.11451
   0.29573  0.06590 -1.15239
   0.28117  0.06547 -1.19286
   0.26668  0.06490 -1.23285
   0.25223  0.06421 -1.27592
   0.23784  0.06338 -1.32033
   0.22346  0.06241 -1.36807
   0.20906  0.06128 -1.42099
   0.19460  0.06000 -1.47945
   0.18004  0.05855 -1.54642
   0.16541  0.05692 -1.62675
   0.15091  0.05512 -1.72724
   0.13680  0.05316 -1.87373
   0.12325  0.05096 -2.03154
   0.11016  0.04839 -2.17126
   0.09725  0.04528 -2.22952
   0.08406  0.04153 -2.14280
   0.07034  0.03740 -2.24427
   0.05680  0.03305 -2.66686
   0.04523  0.02848 -2.82311
   0.03582  0.02403 -2.74630
   0.02673  0.01932 -2.75831
   0.01650  0.01377 -3.18395
   0.00918  0.00955 -4.36649
   0.00578  0.00733 -5.75337
   0.00362  0.00565 -7.24763
   0.00211  0.00423 -9.07119
   0.00106  0.00294-11.18762
   0.00038  0.00174-13.31094
   0.00004  0.00057-14.51908
   0.00004 -0.00057-12.57617
   0.00038 -0.00174 -8.60549
   0.00106 -0.00294 -5.23547
   0.00211 -0.00423 -2.86613
   0.00362 -0.00565 -1.30218
   0.00578 -0.00733 -0.28708
   0.00918 -0.00955  0.40264
   0.01650 -0.01377  0.84545
   0.02673 -0.01932  0.98319
   0.03582 -0.02403  0.99916
   0.04523 -0.02848  0.97280
   0.05680 -0.03305  0.91494
   0.07034 -0.03740  0.85327
   0.08406 -0.04153  0.78588
   0.09725 -0.04528  0.70664
   0.11016 -0.04839  0.64165
   0.12325 -0.05096  0.59248
   0.13680 -0.05316  0.55342
   0.15091 -0.05512  0.52000
   0.16541 -0.05692  0.48497
   0.18004 -0.05855  0.45174
   0.19460 -0.06000  0.42099
   0.20906 -0.06128  0.39245
   0.22346 -0.06241  0.36628
   0.23784 -0.06338  0.34187
   0.25224 -0.06421  0.31974
   0.26668 -0.06490  0.29873
   0.28117 -0.06547  0.27976
   0.29573 -0.06590  0.26244
   0.31033 -0.06620  0.24634
   0.32497 -0.06638  0.23187
   0.33962 -0.06644  0.21872
   0.35428 -0.06639  0.20690
   0.36894 -0.06622  0.19658
   0.38360 -0.06594  0.18677
   0.39825 -0.06555  0.17935
   0.41290 -0.06507  0.17257
   0.42756 -0.06449  0.16637
   0.44222 -0.06383  0.16189
   0.45689 -0.06308  0.15814
   0.47158 -0.06227  0.15482
   0.48628 -0.06138  0.15169
   0.50100 -0.06043  0.14967
   0.51574 -0.05943  0.14652
   0.53049 -0.05839  0.14578
   0.54526 -0.05730  0.14340
   0.56003 -0.05617  0.14095
   0.57482 -0.05502  0.13952
   0.58961 -0.05384  0.13701
   0.60441 -0.05264  0.13259
   0.61920 -0.05143  0.12704
   0.63398 -0.05019  0.12101
   0.64873 -0.04891  0.11522
   0.66347 -0.04758  0.10962
   0.67816 -0.04620  0.10487
   0.69281 -0.04474  0.10122
   0.70741 -0.04321  0.10017
   0.72196 -0.04160  0.10098
   0.73646 -0.03993  0.10438
   0.75092 -0.03820  0.10781
   0.76538 -0.03642  0.11141
   0.77988 -0.03459  0.11635
   0.79447 -0.03272  0.11871
   0.80916 -0.03081  0.12205
   0.82370 -0.02890  0.12248
   0.83803 -0.02698  0.12351
   0.85220 -0.02503  0.12509
   0.86631 -0.02304  0.12767
   0.88050 -0.02097  0.13190
   0.89496 -0.01878  0.13806
   0.90926 -0.01653  0.14840
   0.92278 -0.01431  0.16118
   0.93542 -0.01216  0.17615
   0.94717 -0.01009  0.19451
   0.95807 -0.00812  0.21772
   0.96821 -0.00623  0.24151
   0.97765 -0.00443  0.27463
   0.98648 -0.00271  0.31775
   0.99475 -0.00106  0.38968
   1.00000  0.00000  0.56582
