                                                
 Alfa =  10.00000 Re =  4000000.000 Xflap,Yflap =     0.000000    0.000000
#    x        y        Cp  
   1.00000  0.00000  0.46326
   0.99380  0.00080  0.29797
   0.98391  0.00206  0.22759
   0.97322  0.00342  0.18129
   0.96161  0.00489  0.14328
   0.94892  0.00648  0.11135
   0.93500  0.00821  0.08269
   0.91973  0.01009  0.05363
   0.90306  0.01213  0.02781
   0.88513  0.01429  0.00307
   0.86648  0.01653 -0.01971
   0.84804  0.01872 -0.04034
   0.82961  0.02090 -0.05998
   0.81095  0.02310 -0.07671
   0.79228  0.02531 -0.09313
   0.77392  0.02750 -0.10666
   0.75582  0.02970 -0.12017
   0.73793  0.03194 -0.13495
   0.72020  0.03425 -0.15148
   0.70256  0.03664 -0.17163
   0.68499  0.03915 -0.20142
   0.66742  0.04176 -0.23599
   0.64980  0.04443 -0.27511
   0.63212  0.04714 -0.31602
   0.61434  0.04985 -0.35836
   0.59645  0.05252 -0.39946
   0.57844  0.05513 -0.43469
   0.56034  0.05767 -0.46934
   0.54216  0.06014 -0.50246
   0.52394  0.06254 -0.53664
   0.50569  0.06488 -0.57115
   0.48748  0.06716 -0.60862
   0.46932  0.06936 -0.64803
   0.45126  0.07148 -0.68893
   0.43328  0.07350 -0.73037
   0.41536  0.07543 -0.77278
   0.39748  0.07725 -0.81458
   0.37956  0.07897 -0.85416
   0.36158  0.08061 -0.89531
   0.34348  0.08218 -0.93907
   0.32524  0.08369 -0.98749
   0.30687  0.08516 -1.04351
   0.28837  0.08660 -1.11109
   0.26981  0.08802 -1.19375
   0.25146  0.08939 -1.29691
   0.23370  0.09068 -1.43405
   0.21676  0.09180 -1.59361
   0.20062  0.09267 -1.76578
   0.18511  0.09326 -1.95261
   0.17017  0.09353 -2.15276
   0.15598  0.09345 -2.36366
   0.14277  0.09302 -2.60368
   0.13068  0.09224 -2.86172
   0.11960  0.09109 -3.09833
   0.10928  0.08955 -3.30477
   0.09949  0.08759 -3.44674
   0.09003  0.08515 -3.47932
   0.08082  0.08231 -3.47931
   0.07205  0.07922 -3.53745
   0.06397  0.07601 -3.66912
   0.05666  0.07268 -3.77107
   0.05002  0.06921 -3.79429
   0.04393  0.06557 -3.68813
   0.03832  0.06182 -3.55092
   0.03318  0.05805 -3.42059
   0.02852  0.05436 -3.31792
   0.02435  0.05083 -3.27476
   0.02064  0.04749 -3.30580
   0.01733  0.04424 -3.28928
   0.01435  0.04104 -3.21013
   0.01166  0.03788 -3.10145
   0.00923  0.03478 -3.01031
   0.00708  0.03180 -2.92547
   0.00520  0.02896 -2.86061
   0.00356  0.02626 -2.80999
   0.00215  0.02369 -2.76340
   0.00094  0.02124 -2.72176
  -0.00006  0.01891 -2.67703
  -0.00088  0.01668 -2.63017
  -0.00153  0.01454 -2.56770
  -0.00200  0.01250 -2.48577
  -0.00230  0.01053 -2.38009
  -0.00243  0.00865 -2.21587
  -0.00237  0.00684 -2.01336
  -0.00214  0.00510 -1.73320
  -0.00171  0.00342 -1.38791
  -0.00107  0.00182 -0.97157
  -0.00019  0.00028 -0.52674
   0.00095 -0.00120 -0.07096
   0.00237 -0.00261  0.30027
   0.00406 -0.00397  0.57210
   0.00604 -0.00527  0.75890
   0.00831 -0.00651  0.87957
   0.01087 -0.00767  0.95127
   0.01371 -0.00872  0.98755
   0.01683 -0.00966  0.99971
   0.02031 -0.01049  0.99623
   0.02421 -0.01126  0.98398
   0.02869 -0.01206  0.96612
   0.03384 -0.01294  0.94323
   0.03983 -0.01390  0.91600
   0.04676 -0.01494  0.88525
   0.05478 -0.01605  0.85163
   0.06415 -0.01724  0.81598
   0.07517 -0.01852  0.77873
   0.08811 -0.01990  0.74027
   0.10294 -0.02139  0.70132
   0.11923 -0.02296  0.66114
   0.13626 -0.02452  0.62261
   0.15354 -0.02599  0.58762
   0.17108 -0.02738  0.55644
   0.18898 -0.02871  0.52776
   0.20710 -0.03000  0.49907
   0.22511 -0.03121  0.47016
   0.24283 -0.03230  0.44392
   0.26042 -0.03323  0.42423
   0.27815 -0.03405  0.40994
   0.29618 -0.03483  0.39626
   0.31448 -0.03565  0.37778
   0.33282 -0.03650  0.35579
   0.35104 -0.03733  0.33280
   0.36906 -0.03810  0.31021
   0.38686 -0.03878  0.28829
   0.40451 -0.03933  0.26966
   0.42210 -0.03974  0.25478
   0.43974 -0.04004  0.24231
   0.45749 -0.04022  0.23141
   0.47542 -0.04031  0.22110
   0.49356 -0.04032  0.21175
   0.51190 -0.04025  0.20245
   0.53044 -0.04012  0.19240
   0.54911 -0.03994  0.18229
   0.56786 -0.03970  0.17203
   0.58658 -0.03942  0.16044
   0.60518 -0.03911  0.14742
   0.62352 -0.03875  0.13064
   0.64155 -0.03833  0.11416
   0.65924 -0.03781  0.09772
   0.67662 -0.03715  0.08321
   0.69375 -0.03634  0.07165
   0.71071 -0.03535  0.06575
   0.72761 -0.03417  0.06441
   0.74454 -0.03282  0.06613
   0.76159 -0.03130  0.07052
   0.77884 -0.02962  0.07557
   0.79635 -0.02780  0.08282
   0.81419 -0.02582  0.08868
   0.83240 -0.02370  0.09637
   0.85087 -0.02145  0.10457
   0.86934 -0.01910  0.11443
   0.88744 -0.01671  0.12439
   0.90473 -0.01435  0.13732
   0.92089 -0.01207  0.15006
   0.93578 -0.00992  0.16445
   0.94943 -0.00789  0.18201
   0.96193 -0.00600  0.20099
   0.97341 -0.00423  0.22646
   0.98401 -0.00256  0.25974
   0.99383 -0.00100  0.31740
   1.00000  0.00000  0.46326
