                                                
 Alfa =  10.00000 Re =  4000000.000 Xflap,Yflap =     0.000000    0.000000
#    x        y        Cp  
   1.00000  0.00000  0.10575
   0.99406  0.00097  0.03095
   0.98235  0.00296 -0.02475
   0.96879  0.00529 -0.06974
   0.95475  0.00768 -0.10918
   0.94066  0.01003 -0.14531
   0.92658  0.01232 -0.18653
   0.91248  0.01453 -0.21091
   0.89836  0.01667 -0.22819
   0.88420  0.01875 -0.25707
   0.87001  0.02077 -0.28482
   0.85578  0.02275 -0.29346
   0.84153  0.02469 -0.31753
   0.82727  0.02659 -0.34631
   0.81300  0.02845 -0.36571
   0.79873  0.03028 -0.37484
   0.78445  0.03207 -0.38955
   0.77016  0.03382 -0.42272
   0.75586  0.03554 -0.44445
   0.74157  0.03722 -0.46179
   0.72727  0.03886 -0.48071
   0.71298  0.04047 -0.51061
   0.69869  0.04203 -0.52795
   0.68441  0.04355 -0.54939
   0.67012  0.04502 -0.57009
   0.65583  0.04645 -0.59591
   0.64155  0.04783 -0.61736
   0.62727  0.04915 -0.64133
   0.61298  0.05043 -0.66190
   0.59870  0.05165 -0.68689
   0.58442  0.05282 -0.70872
   0.57013  0.05392 -0.73175
   0.55584  0.05498 -0.75664
   0.54156  0.05597 -0.78243
   0.52728  0.05690 -0.80695
   0.51300  0.05777 -0.83144
   0.49873  0.05858 -0.85619
   0.48445  0.05931 -0.88393
   0.47018  0.05998 -0.90949
   0.45590  0.06058 -0.93650
   0.44164  0.06111 -0.96404
   0.42738  0.06157 -0.99330
   0.41312  0.06195 -1.02175
   0.39887  0.06225 -1.05182
   0.38463  0.06247 -1.08161
   0.37039  0.06261 -1.11404
   0.35616  0.06266 -1.14638
   0.34194  0.06262 -1.18029
   0.32773  0.06250 -1.21583
   0.31354  0.06227 -1.25206
   0.29935  0.06195 -1.29092
   0.28518  0.06153 -1.33093
   0.27103  0.06101 -1.37379
   0.25690  0.06038 -1.41935
   0.24280  0.05963 -1.46755
   0.22873  0.05875 -1.51880
   0.21469  0.05776 -1.57427
   0.20069  0.05663 -1.63361
   0.18673  0.05535 -1.69891
   0.17283  0.05393 -1.77016
   0.15899  0.05234 -1.84759
   0.14522  0.05057 -1.93396
   0.13154  0.04862 -2.02961
   0.11796  0.04646 -2.14166
   0.10451  0.04408 -2.26838
   0.09123  0.04146 -2.41822
   0.07819  0.03858 -2.59970
   0.06542  0.03541 -2.82240
   0.05304  0.03191 -3.10421
   0.04141  0.02814 -3.47211
   0.03093  0.02418 -3.95315
   0.02183  0.02012 -4.63281
   0.01497  0.01640 -5.45330
   0.01023  0.01327 -6.40426
   0.00689  0.01051 -7.22049
   0.00444  0.00797 -7.86482
   0.00267  0.00562 -8.21124
   0.00142  0.00353 -8.95747
   0.00060  0.00168-10.47778
   0.00020  0.00005-11.89076
   0.00023 -0.00144-11.72392
   0.00072 -0.00286 -8.12038
   0.00169 -0.00427 -4.66397
   0.00320 -0.00565 -2.30765
   0.00533 -0.00693 -0.70959
   0.00837 -0.00799  0.34081
   0.01273 -0.00887  0.81307
   0.01881 -0.00989  0.96481
   0.02675 -0.01089  0.99965
   0.03650 -0.01145  0.96721
   0.04832 -0.01152  0.90780
   0.06112 -0.01115  0.84243
   0.07381 -0.01032  0.78570
   0.08659 -0.00903  0.73961
   0.09965 -0.00730  0.70329
   0.11290 -0.00518  0.67636
   0.12625 -0.00273  0.65771
   0.13972 -0.00001  0.64541
   0.15330  0.00295  0.63868
   0.16699  0.00610  0.63735
   0.18076  0.00936  0.63965
   0.19455  0.01265  0.64367
   0.20835  0.01587  0.64758
   0.22210  0.01897  0.65011
   0.23580  0.02192  0.65268
   0.24945  0.02469  0.65362
   0.26310  0.02727  0.65334
   0.27678  0.02968  0.65164
   0.29053  0.03193  0.64965
   0.30435  0.03402  0.64676
   0.31823  0.03597  0.64435
   0.33215  0.03776  0.64135
   0.34609  0.03941  0.63848
   0.36005  0.04092  0.63477
   0.37403  0.04228  0.63160
   0.38804  0.04351  0.62760
   0.40207  0.04460  0.62373
   0.41613  0.04557  0.61969
   0.43021  0.04641  0.61512
   0.44431  0.04713  0.61157
   0.45841  0.04773  0.60645
   0.47252  0.04821  0.60227
   0.48665  0.04857  0.59748
   0.50079  0.04882  0.59312
   0.51494  0.04896  0.58718
   0.52912  0.04899  0.58230
   0.54331  0.04891  0.57704
   0.55751  0.04874  0.57253
   0.57169  0.04847  0.56803
   0.58584  0.04809  0.56332
   0.59997  0.04760  0.55801
   0.61408  0.04700  0.55239
   0.62817  0.04627  0.54536
   0.64224  0.04543  0.53931
   0.65632  0.04447  0.53055
   0.67040  0.04339  0.52389
   0.68451  0.04219  0.51375
   0.69865  0.04089  0.50289
   0.71283  0.03950  0.48863
   0.72703  0.03802  0.48358
   0.74125  0.03648  0.46963
   0.75548  0.03487  0.45723
   0.76970  0.03320  0.44583
   0.78393  0.03148  0.44241
   0.79816  0.02969  0.42777
   0.81239  0.02786  0.40717
   0.82663  0.02598  0.39483
   0.84088  0.02405  0.38546
   0.85513  0.02208  0.37692
   0.86937  0.02007  0.35407
   0.88359  0.01802  0.34324
   0.89779  0.01593  0.33436
   0.91198  0.01379  0.30917
   0.92617  0.01160  0.28638
   0.94039  0.00937  0.26821
   0.95461  0.00710  0.24001
   0.96874  0.00485  0.20442
   0.98229  0.00270  0.16358
   0.99403  0.00089  0.12436
   1.00000  0.00000  0.10575
