                                                
 Alfa =  10.00000 Re =  4000000.000 Xflap,Yflap =     0.000000    0.000000
#    x        y        Cp  
   1.00000  0.00000  0.41057
   0.99382  0.00151  0.35148
   0.98374  0.00442  0.24974
   0.97231  0.00804  0.14482
   0.95955  0.01211  0.04529
   0.94590  0.01630 -0.03723
   0.93147  0.02045 -0.09088
   0.91611  0.02457 -0.12859
   0.89973  0.02873 -0.15255
   0.88244  0.03299 -0.17742
   0.86448  0.03734 -0.20545
   0.84611  0.04175 -0.23578
   0.82748  0.04620 -0.26733
   0.80870  0.05066 -0.30213
   0.78984  0.05512 -0.33709
   0.77095  0.05958 -0.37363
   0.75205  0.06402 -0.41293
   0.73317  0.06844 -0.45280
   0.71433  0.07282 -0.49593
   0.69555  0.07717 -0.54044
   0.67684  0.08145 -0.58728
   0.65820  0.08568 -0.63650
   0.63964  0.08984 -0.68790
   0.62116  0.09393 -0.74163
   0.60276  0.09792 -0.79844
   0.58447  0.10181 -0.85890
   0.56630  0.10559 -0.92143
   0.54826  0.10925 -0.98813
   0.53034  0.11276 -1.05795
   0.51255  0.11613 -1.13125
   0.49491  0.11933 -1.20780
   0.47743  0.12235 -1.29024
   0.46015  0.12517 -1.37645
   0.44308  0.12778 -1.46661
   0.42623  0.13016 -1.56262
   0.40961  0.13229 -1.66152
   0.39328  0.13416 -1.76724
   0.37730  0.13574 -1.87839
   0.36167  0.13700 -1.99012
   0.34636  0.13793 -2.09575
   0.33131  0.13852 -2.19234
   0.31646  0.13876 -2.28565
   0.30179  0.13866 -2.36898
   0.28726  0.13821 -2.44591
   0.27288  0.13740 -2.51513
   0.25864  0.13623 -2.57794
   0.24453  0.13471 -2.63255
   0.23055  0.13283 -2.67690
   0.21666  0.13058 -2.71279
   0.20286  0.12798 -2.74108
   0.18918  0.12503 -2.76796
   0.17565  0.12175 -2.79322
   0.16234  0.11815 -2.82120
   0.14933  0.11427 -2.85378
   0.13669  0.11012 -2.88783
   0.12448  0.10572 -2.91824
   0.11274  0.10111 -2.94700
   0.10154  0.09632 -2.97555
   0.09095  0.09140 -3.00596
   0.08103  0.08640 -3.03319
   0.07183  0.08138 -3.05774
   0.06335  0.07637 -3.07682
   0.05563  0.07144 -3.09276
   0.04863  0.06663 -3.10798
   0.04233  0.06196 -3.11842
   0.03671  0.05747 -3.12173
   0.03170  0.05317 -3.12648
   0.02726  0.04906 -3.12228
   0.02332  0.04513 -3.11085
   0.01982  0.04137 -3.09819
   0.01673  0.03778 -3.08085
   0.01400  0.03436 -3.05189
   0.01161  0.03108 -3.01818
   0.00950  0.02795 -2.98458
   0.00767  0.02496 -2.94532
   0.00607  0.02209 -2.88910
   0.00470  0.01932 -2.82019
   0.00351  0.01664 -2.74991
   0.00251  0.01404 -2.67119
   0.00169  0.01153 -2.57834
   0.00104  0.00911 -2.47397
   0.00055  0.00678 -2.36558
   0.00021  0.00455 -2.28285
   0.00003  0.00242 -2.18156
   0.00002  0.00034 -2.03528
   0.00019 -0.00173 -1.84281
   0.00057 -0.00380 -1.66857
   0.00122 -0.00583 -1.51676
   0.00230 -0.00770 -1.13881
   0.00396 -0.00919 -0.07569
   0.00592 -0.01044  0.41376
   0.00811 -0.01156  0.67733
   0.01051 -0.01258  0.82827
   0.01312 -0.01354  0.91613
   0.01596 -0.01445  0.96590
   0.01904 -0.01532  0.99123
   0.02241 -0.01616  0.99983
   0.02611 -0.01695  0.99644
   0.03018 -0.01770  0.98430
   0.03468 -0.01841  0.96568
   0.03966 -0.01908  0.94191
   0.04522 -0.01969  0.91412
   0.05144 -0.02022  0.88329
   0.05840 -0.02066  0.85069
   0.06623 -0.02095  0.81681
   0.07506 -0.02108  0.78316
   0.08498 -0.02100  0.75030
   0.09607 -0.02067  0.71912
   0.10835 -0.02004  0.69106
   0.12182 -0.01911  0.66660
   0.13644 -0.01784  0.64661
   0.15218 -0.01626  0.63070
   0.16898 -0.01440  0.61822
   0.18672 -0.01232  0.60892
   0.20511 -0.01011  0.60091
   0.22377 -0.00788  0.59389
   0.24244 -0.00568  0.58786
   0.26106 -0.00355  0.58205
   0.27965 -0.00149  0.57693
   0.29821  0.00048  0.57220
   0.31670  0.00236  0.56820
   0.33511  0.00413  0.56462
   0.35340  0.00579  0.56116
   0.37159  0.00732  0.55802
   0.38966  0.00871  0.55483
   0.40765  0.00996  0.55094
   0.42560  0.01106  0.54672
   0.44354  0.01202  0.54150
   0.46152  0.01283  0.53588
   0.47958  0.01351  0.52956
   0.49775  0.01405  0.52228
   0.51606  0.01448  0.51498
   0.53448  0.01480  0.50738
   0.55298  0.01502  0.50066
   0.57153  0.01515  0.49335
   0.59009  0.01518  0.48643
   0.60863  0.01512  0.47980
   0.62715  0.01496  0.47288
   0.64564  0.01470  0.46580
   0.66413  0.01434  0.45797
   0.68264  0.01388  0.44931
   0.70118  0.01331  0.44056
   0.71982  0.01264  0.43022
   0.73856  0.01189  0.41959
   0.75742  0.01106  0.40827
   0.77638  0.01015  0.39655
   0.79543  0.00920  0.38475
   0.81454  0.00819  0.37292
   0.83368  0.00716  0.35979
   0.85278  0.00610  0.34675
   0.87174  0.00504  0.33292
   0.89031  0.00401  0.31732
   0.90819  0.00309  0.30202
   0.92520  0.00233  0.29159
   0.94129  0.00178  0.29057
   0.95650  0.00143  0.30439
   0.97056  0.00120  0.33147
   0.98292  0.00094  0.36775
   0.99361  0.00048  0.40929
   1.00000  0.00000  0.41057
