                                                
 Alfa =  10.00000 Re =  4000000.000 Xflap,Yflap =     0.000000    0.000000
#    x        y        Cp  
   1.00000  0.00000  0.34406
   0.99405  0.00089  0.27103
   0.98313  0.00284  0.15386
   0.97027  0.00519  0.06554
   0.95665  0.00754  0.01037
   0.94254  0.00982 -0.02931
   0.92803  0.01204 -0.05308
   0.91327  0.01424 -0.07901
   0.89846  0.01643 -0.10744
   0.88368  0.01857 -0.13465
   0.86890  0.02066 -0.15836
   0.85407  0.02272 -0.18046
   0.83921  0.02477 -0.20486
   0.82435  0.02678 -0.22857
   0.80951  0.02875 -0.25199
   0.79469  0.03068 -0.27563
   0.77987  0.03258 -0.29749
   0.76504  0.03443 -0.32007
   0.75020  0.03624 -0.34261
   0.73537  0.03801 -0.36468
   0.72055  0.03974 -0.38698
   0.70572  0.04142 -0.40855
   0.69088  0.04306 -0.42998
   0.67604  0.04465 -0.45187
   0.66119  0.04620 -0.47409
   0.64635  0.04771 -0.49683
   0.63151  0.04916 -0.52018
   0.61668  0.05056 -0.54260
   0.60186  0.05191 -0.56563
   0.58703  0.05321 -0.58854
   0.57219  0.05445 -0.61132
   0.55735  0.05565 -0.63594
   0.54250  0.05678 -0.65985
   0.52766  0.05787 -0.68517
   0.51282  0.05889 -0.71128
   0.49800  0.05986 -0.73924
   0.48320  0.06076 -0.76634
   0.46842  0.06160 -0.79569
   0.45364  0.06236 -0.82309
   0.43886  0.06304 -0.85245
   0.42408  0.06365 -0.88065
   0.40929  0.06419 -0.91219
   0.39452  0.06466 -0.94446
   0.37978  0.06504 -0.97832
   0.36506  0.06533 -1.01439
   0.35037  0.06553 -1.04927
   0.33568  0.06563 -1.08618
   0.32100  0.06564 -1.12477
   0.30634  0.06554 -1.16475
   0.29172  0.06533 -1.20778
   0.27715  0.06501 -1.25376
   0.26262  0.06457 -1.30044
   0.24810  0.06400 -1.35020
   0.23358  0.06329 -1.40198
   0.21910  0.06245 -1.45886
   0.20477  0.06146 -1.52288
   0.19065  0.06031 -1.59273
   0.17665  0.05897 -1.65674
   0.16255  0.05740 -1.70224
   0.14818  0.05560 -1.75112
   0.13373  0.05367 -1.84244
   0.11969  0.05166 -2.00184
   0.10626  0.04950 -2.17514
   0.09323  0.04703 -2.32359
   0.08037  0.04422 -2.46867
   0.06787  0.04110 -2.66220
   0.05615  0.03778 -2.90956
   0.04537  0.03425 -3.20886
   0.03567  0.03055 -3.55995
   0.02760  0.02693 -3.91070
   0.02128  0.02363 -4.27334
   0.01630  0.02062 -4.63637
   0.01222  0.01779 -5.09644
   0.00887  0.01505 -5.51806
   0.00622  0.01248 -5.76951
   0.00417  0.01014 -6.07669
   0.00260  0.00805 -6.63168
   0.00145  0.00617 -7.23562
   0.00065  0.00445 -7.81104
   0.00015  0.00284 -8.17860
  -0.00006  0.00130 -8.08866
   0.00003 -0.00020 -7.11455
   0.00045 -0.00170 -5.20212
   0.00120 -0.00323 -3.41098
   0.00231 -0.00482 -1.99297
   0.00383 -0.00649 -0.94316
   0.00581 -0.00823 -0.20243
   0.00835 -0.00998  0.32801
   0.01159 -0.01173  0.68250
   0.01561 -0.01350  0.87571
   0.02057 -0.01539  0.96676
   0.02682 -0.01744  0.99915
   0.03477 -0.01962  0.98809
   0.04458 -0.02179  0.94841
   0.05589 -0.02383  0.89596
   0.06832 -0.02568  0.84086
   0.08152 -0.02730  0.78841
   0.09521 -0.02870  0.74055
   0.10918 -0.02988  0.69843
   0.12338 -0.03088  0.66089
   0.13776 -0.03172  0.62788
   0.15227 -0.03243  0.59763
   0.16685 -0.03301  0.57050
   0.18148 -0.03349  0.54619
   0.19617 -0.03386  0.52444
   0.21092 -0.03415  0.50446
   0.22572 -0.03436  0.48637
   0.24057 -0.03451  0.46927
   0.25543 -0.03459  0.45316
   0.27030 -0.03462  0.43885
   0.28519 -0.03459  0.42477
   0.30010 -0.03451  0.41211
   0.31502 -0.03438  0.40014
   0.32995 -0.03421  0.38922
   0.34490 -0.03400  0.37847
   0.35987 -0.03375  0.36886
   0.37485 -0.03347  0.35933
   0.38984 -0.03315  0.35024
   0.40484 -0.03281  0.34138
   0.41985 -0.03244  0.33325
   0.43484 -0.03204  0.32501
   0.44983 -0.03162  0.31696
   0.46482 -0.03117  0.30930
   0.47982 -0.03068  0.30299
   0.49482 -0.03017  0.29583
   0.50984 -0.02964  0.29006
   0.52487 -0.02909  0.28294
   0.53989 -0.02851  0.27703
   0.55489 -0.02792  0.27016
   0.56988 -0.02730  0.26431
   0.58487 -0.02665  0.25858
   0.59987 -0.02597  0.25337
   0.61487 -0.02527  0.24787
   0.62987 -0.02455  0.24209
   0.64485 -0.02379  0.23642
   0.65980 -0.02301  0.23038
   0.67471 -0.02219  0.22461
   0.68957 -0.02133  0.22018
   0.70438 -0.02041  0.21508
   0.71915 -0.01942  0.21322
   0.73390 -0.01836  0.21317
   0.74867 -0.01723  0.21470
   0.76349 -0.01603  0.21847
   0.77835 -0.01478  0.22461
   0.79327 -0.01349  0.23002
   0.80823 -0.01218  0.23802
   0.82321 -0.01089  0.24229
   0.83817 -0.00962  0.24847
   0.85310 -0.00838  0.25245
   0.86800 -0.00717  0.25703
   0.88288 -0.00601  0.26159
   0.89770 -0.00491  0.26643
   0.91245 -0.00388  0.27096
   0.92715 -0.00293  0.27472
   0.94182 -0.00206  0.27716
   0.95631 -0.00128  0.28389
   0.97026 -0.00062  0.29463
   0.98309 -0.00015  0.31328
   0.99400  0.00005  0.34760
   1.00000  0.00000  0.34406
