                                                
 Alfa =  10.00000 Re =  4000000.000 Xflap,Yflap =     0.000000    0.000000
#    x        y        Cp  
   1.00000  0.00084  0.33299
   0.99454  0.00135  0.18616
   0.98546  0.00218  0.13358
   0.97509  0.00313  0.09340
   0.96317  0.00420  0.05987
   0.94963  0.00540  0.02812
   0.93530  0.00665  0.00057
   0.92120  0.00787 -0.02423
   0.90691  0.00907 -0.04587
   0.89240  0.01028 -0.06709
   0.87813  0.01144 -0.08520
   0.86398  0.01258 -0.10346
   0.84985  0.01370 -0.12165
   0.83564  0.01480 -0.13684
   0.82132  0.01590 -0.15404
   0.80686  0.01698 -0.16917
   0.79228  0.01806 -0.18656
   0.77766  0.01912 -0.20014
   0.76308  0.02016 -0.21762
   0.74849  0.02118 -0.23233
   0.73389  0.02218 -0.24850
   0.71925  0.02316 -0.26235
   0.70463  0.02413 -0.27891
   0.69004  0.02507 -0.29436
   0.67547  0.02599 -0.30945
   0.66091  0.02690 -0.32596
   0.64635  0.02778 -0.34147
   0.63178  0.02864 -0.35843
   0.61721  0.02947 -0.37370
   0.60263  0.03029 -0.39164
   0.58803  0.03108 -0.40733
   0.57344  0.03184 -0.42571
   0.55884  0.03258 -0.44282
   0.54425  0.03330 -0.46060
   0.52965  0.03398 -0.47923
   0.51506  0.03464 -0.49789
   0.50048  0.03527 -0.51785
   0.48590  0.03587 -0.53767
   0.47133  0.03644 -0.55879
   0.45676  0.03697 -0.58049
   0.44219  0.03747 -0.60207
   0.42763  0.03793 -0.62583
   0.41308  0.03835 -0.64958
   0.39853  0.03873 -0.67370
   0.38398  0.03906 -0.69965
   0.36944  0.03935 -0.72715
   0.35490  0.03959 -0.75437
   0.34037  0.03978 -0.78379
   0.32585  0.03991 -0.81401
   0.31133  0.03999 -0.84617
   0.29683  0.04001 -0.88062
   0.28235  0.03996 -0.91728
   0.26788  0.03985 -0.95564
   0.25343  0.03966 -0.99676
   0.23899  0.03940 -1.04117
   0.22457  0.03905 -1.08827
   0.21017  0.03862 -1.13923
   0.19580  0.03808 -1.19539
   0.18146  0.03745 -1.25832
   0.16717  0.03670 -1.32726
   0.15293  0.03584 -1.40412
   0.13873  0.03483 -1.49252
   0.12456  0.03367 -1.59371
   0.11047  0.03233 -1.70956
   0.09651  0.03081 -1.84768
   0.08275  0.02908 -2.01673
   0.06919  0.02713 -2.24808
   0.05584  0.02484 -2.55824
   0.04345  0.02226 -2.89381
   0.03270  0.01960 -3.29052
   0.02311  0.01686 -4.16586
   0.01499  0.01384 -5.53614
   0.01003  0.01127 -6.26288
   0.00687  0.00923 -7.09946
   0.00465  0.00750 -8.06685
   0.00301  0.00596 -9.14101
   0.00179  0.00453-10.33140
   0.00091  0.00319-11.48945
   0.00033  0.00189-12.36526
   0.00004  0.00063-12.37131
   0.00004 -0.00063-10.64361
   0.00033 -0.00189 -7.83039
   0.00091 -0.00319 -5.21657
   0.00179 -0.00453 -3.19453
   0.00301 -0.00596 -1.72063
   0.00465 -0.00750 -0.68687
   0.00687 -0.00923  0.03336
   0.01003 -0.01127  0.52571
   0.01499 -0.01384  0.84806
   0.02311 -0.01686  0.99122
   0.03270 -0.01960  0.99138
   0.04345 -0.02226  0.94706
   0.05584 -0.02484  0.88378
   0.06919 -0.02713  0.82045
   0.08275 -0.02908  0.76398
   0.09651 -0.03081  0.71213
   0.11047 -0.03233  0.66603
   0.12456 -0.03367  0.62449
   0.13873 -0.03483  0.58792
   0.15293 -0.03584  0.55526
   0.16717 -0.03670  0.52597
   0.18146 -0.03745  0.49904
   0.19580 -0.03808  0.47524
   0.21017 -0.03862  0.45284
   0.22457 -0.03905  0.43269
   0.23900 -0.03940  0.41385
   0.25343 -0.03966  0.39707
   0.26788 -0.03985  0.38087
   0.28235 -0.03996  0.36666
   0.29683 -0.04001  0.35302
   0.31133 -0.03999  0.34038
   0.32585 -0.03991  0.32880
   0.34037 -0.03978  0.31734
   0.35490 -0.03959  0.30741
   0.36944 -0.03935  0.29759
   0.38398 -0.03906  0.28829
   0.39853 -0.03873  0.28032
   0.41308 -0.03835  0.27203
   0.42763 -0.03793  0.26475
   0.44219 -0.03747  0.25751
   0.45676 -0.03697  0.25083
   0.47133 -0.03644  0.24456
   0.48590 -0.03587  0.23851
   0.50048 -0.03527  0.23295
   0.51506 -0.03464  0.22755
   0.52965 -0.03398  0.22181
   0.54425 -0.03330  0.21711
   0.55884 -0.03258  0.21218
   0.57344 -0.03184  0.20788
   0.58803 -0.03108  0.20325
   0.60263 -0.03029  0.19928
   0.61721 -0.02947  0.19507
   0.63178 -0.02864  0.19096
   0.64635 -0.02778  0.18815
   0.66091 -0.02690  0.18397
   0.67547 -0.02599  0.18132
   0.69004 -0.02507  0.17814
   0.70463 -0.02413  0.17496
   0.71926 -0.02316  0.17260
   0.73389 -0.02218  0.16910
   0.74849 -0.02118  0.16726
   0.76308 -0.02016  0.16486
   0.77766 -0.01912  0.16196
   0.79228 -0.01806  0.16084
   0.80686 -0.01698  0.15843
   0.82132 -0.01589  0.15729
   0.83564 -0.01480  0.15532
   0.84985 -0.01370  0.15596
   0.86398 -0.01258  0.15357
   0.87813 -0.01144  0.15475
   0.89240 -0.01028  0.15428
   0.90691 -0.00907  0.15558
   0.92120 -0.00787  0.15846
   0.93530 -0.00665  0.16082
   0.94963 -0.00540  0.16642
   0.96317 -0.00420  0.17391
   0.97509 -0.00313  0.18553
   0.98546 -0.00218  0.20040
   0.99454 -0.00135  0.22949
   1.00000 -0.00084  0.33299
