                                                
 Alfa =  10.00000 Re =  4000000.000 Xflap,Yflap =     0.000000    0.000000
#    x        y        Cp  
   1.00000  0.00001  0.28788
   0.99412  0.00097  0.17192
   0.98278  0.00282  0.10724
   0.96949  0.00498  0.05669
   0.95528  0.00728  0.01925
   0.94063  0.00965 -0.01685
   0.92585  0.01203 -0.05139
   0.91102  0.01440 -0.08163
   0.89613  0.01676 -0.10997
   0.88120  0.01912 -0.13640
   0.86625  0.02147 -0.16389
   0.85132  0.02380 -0.19077
   0.83640  0.02613 -0.21899
   0.82152  0.02843 -0.24650
   0.80667  0.03071 -0.27705
   0.79185  0.03295 -0.30416
   0.77705  0.03514 -0.33153
   0.76226  0.03730 -0.35950
   0.74747  0.03942 -0.38701
   0.73265  0.04149 -0.41340
   0.71781  0.04353 -0.44125
   0.70297  0.04553 -0.47045
   0.68814  0.04750 -0.50478
   0.67338  0.04940 -0.53857
   0.65869  0.05122 -0.57496
   0.64409  0.05295 -0.61017
   0.62955  0.05457 -0.64405
   0.61506  0.05607 -0.67540
   0.60059  0.05746 -0.70451
   0.58612  0.05871 -0.72794
   0.57163  0.05984 -0.74836
   0.55709  0.06085 -0.76625
   0.54250  0.06175 -0.78136
   0.52783  0.06255 -0.79497
   0.51308  0.06327 -0.80801
   0.49828  0.06391 -0.82257
   0.48345  0.06449 -0.84019
   0.46861  0.06500 -0.85992
   0.45377  0.06545 -0.88011
   0.43894  0.06583 -0.90162
   0.42411  0.06614 -0.92338
   0.40925  0.06639 -0.94725
   0.39439  0.06658 -0.97301
   0.37954  0.06672 -1.00198
   0.36469  0.06678 -1.03192
   0.34987  0.06678 -1.06536
   0.33507  0.06671 -1.10143
   0.32028  0.06656 -1.13929
   0.30552  0.06634 -1.18227
   0.29080  0.06603 -1.22864
   0.27615  0.06562 -1.28076
   0.26158  0.06511 -1.33548
   0.24710  0.06447 -1.39252
   0.23271  0.06370 -1.45250
   0.21841  0.06277 -1.51255
   0.20419  0.06168 -1.57558
   0.19003  0.06041 -1.63808
   0.17594  0.05895 -1.70358
   0.16190  0.05729 -1.77137
   0.14794  0.05543 -1.84528
   0.13410  0.05337 -1.92767
   0.12040  0.05110 -2.01968
   0.10684  0.04861 -2.12283
   0.09342  0.04588 -2.25582
   0.08016  0.04289 -2.41928
   0.06728  0.03963 -2.61565
   0.05511  0.03616 -2.84955
   0.04395  0.03259 -3.19740
   0.03422  0.02900 -3.62968
   0.02629  0.02554 -4.02340
   0.02003  0.02235 -4.37745
   0.01513  0.01951 -4.76364
   0.01128  0.01702 -5.40954
   0.00823  0.01475 -6.25390
   0.00581  0.01259 -6.82166
   0.00390  0.01050 -7.20564
   0.00242  0.00853 -7.64497
   0.00132  0.00669 -8.09665
   0.00055  0.00498 -8.51325
   0.00006  0.00335 -8.74499
  -0.00014  0.00178 -8.59637
  -0.00005  0.00027 -7.73923
   0.00036 -0.00123 -5.87992
   0.00111 -0.00272 -3.96493
   0.00219 -0.00423 -2.40922
   0.00366 -0.00575 -1.24366
   0.00555 -0.00725 -0.39962
   0.00792 -0.00865  0.21675
   0.01085 -0.00994  0.62181
   0.01449 -0.01120  0.84042
   0.01908 -0.01254  0.95019
   0.02506 -0.01397  0.99572
   0.03303 -0.01553  0.99414
   0.04337 -0.01713  0.96032
   0.05538 -0.01861  0.91309
   0.06841 -0.01996  0.86284
   0.08217 -0.02115  0.81515
   0.09636 -0.02219  0.77222
   0.11081 -0.02310  0.73325
   0.12543 -0.02392  0.69803
   0.14017 -0.02465  0.66611
   0.15499 -0.02532  0.63676
   0.16985 -0.02592  0.60897
   0.18470 -0.02647  0.58318
   0.19955 -0.02695  0.55923
   0.21438 -0.02736  0.53679
   0.22920 -0.02771  0.51592
   0.24403 -0.02799  0.49610
   0.25885 -0.02821  0.47837
   0.27369 -0.02836  0.46099
   0.28854 -0.02845  0.44554
   0.30340 -0.02847  0.43019
   0.31826 -0.02843  0.41559
   0.33312 -0.02833  0.40240
   0.34797 -0.02817  0.38910
   0.36278 -0.02794  0.37697
   0.37756 -0.02763  0.36557
   0.39230 -0.02725  0.35523
   0.40704 -0.02679  0.34644
   0.42179 -0.02624  0.34064
   0.43659 -0.02561  0.33499
   0.45144 -0.02492  0.33051
   0.46635 -0.02417  0.32688
   0.48131 -0.02338  0.32294
   0.49629 -0.02255  0.31985
   0.51129 -0.02169  0.31556
   0.52627 -0.02080  0.31127
   0.54124 -0.01988  0.30761
   0.55617 -0.01892  0.30428
   0.57106 -0.01792  0.30182
   0.58593 -0.01688  0.30000
   0.60080 -0.01579  0.29938
   0.61572 -0.01465  0.30133
   0.63071 -0.01347  0.30367
   0.64576 -0.01226  0.30760
   0.66082 -0.01105  0.31154
   0.67584 -0.00985  0.31484
   0.69077 -0.00869  0.31902
   0.70564 -0.00758  0.32074
   0.72048 -0.00652  0.32135
   0.73534 -0.00551  0.32115
   0.75024 -0.00454  0.32020
   0.76519 -0.00362  0.32004
   0.78017 -0.00273  0.31989
   0.79516 -0.00187  0.32001
   0.81013 -0.00105  0.32145
   0.82503 -0.00027  0.32518
   0.83984  0.00045  0.32823
   0.85454  0.00107  0.33092
   0.86914  0.00160  0.33348
   0.88363  0.00199  0.33500
   0.89803  0.00225  0.33277
   0.91238  0.00234  0.32965
   0.92671  0.00227  0.32153
   0.94106  0.00204  0.30985
   0.95537  0.00168  0.29475
   0.96940  0.00122  0.27808
   0.98265  0.00071  0.26368
   0.99405  0.00024  0.25703
   1.00000  0.00000  0.28788
