                                                
 Alfa =  10.00000 Re =  4000000.000 Xflap,Yflap =     0.000000    0.000000
#    x        y        Cp  
   1.00000  0.00000  0.27872
   0.99499  0.00096  0.16363
   0.98663  0.00258  0.11034
   0.97698  0.00444  0.05826
   0.96569  0.00664  0.02291
   0.95251  0.00921 -0.02032
   0.93810  0.01203 -0.06434
   0.92396  0.01480 -0.10248
   0.90959  0.01758 -0.14268
   0.89500  0.02034 -0.17876
   0.88077  0.02296 -0.20841
   0.86670  0.02548 -0.23674
   0.85265  0.02795 -0.25737
   0.83850  0.03039 -0.28418
   0.82416  0.03281 -0.30544
   0.80961  0.03522 -0.33028
   0.79486  0.03764 -0.35483
   0.78001  0.04004 -0.38089
   0.76518  0.04240 -0.40780
   0.75033  0.04472 -0.43853
   0.73546  0.04700 -0.46328
   0.72066  0.04921 -0.49203
   0.70591  0.05136 -0.52012
   0.69120  0.05344 -0.54523
   0.67650  0.05545 -0.56756
   0.66178  0.05741 -0.59272
   0.64703  0.05932 -0.61594
   0.63224  0.06118 -0.64217
   0.61741  0.06301 -0.66554
   0.60256  0.06480 -0.69537
   0.58771  0.06655 -0.72782
   0.57289  0.06825 -0.76283
   0.55812  0.06989 -0.80031
   0.54339  0.07145 -0.83827
   0.52872  0.07292 -0.87679
   0.51408  0.07429 -0.91412
   0.49946  0.07554 -0.94790
   0.48484  0.07668 -0.97781
   0.47018  0.07771 -1.00348
   0.45547  0.07864 -1.02955
   0.44071  0.07948 -1.05608
   0.42589  0.08024 -1.08372
   0.41103  0.08093 -1.11493
   0.39615  0.08156 -1.15201
   0.38129  0.08212 -1.19956
   0.36646  0.08261 -1.25174
   0.35170  0.08300 -1.30674
   0.33700  0.08327 -1.36612
   0.32239  0.08340 -1.42493
   0.30785  0.08338 -1.48657
   0.29336  0.08319 -1.54544
   0.27893  0.08282 -1.60392
   0.26454  0.08227 -1.66121
   0.25018  0.08151 -1.71861
   0.23585  0.08056 -1.77792
   0.22157  0.07939 -1.83631
   0.20732  0.07800 -1.89764
   0.19313  0.07639 -1.96164
   0.17901  0.07454 -2.03044
   0.16497  0.07244 -2.10095
   0.15105  0.07009 -2.17733
   0.13725  0.06746 -2.26065
   0.12361  0.06454 -2.34803
   0.11015  0.06130 -2.43714
   0.09689  0.05772 -2.51469
   0.08383  0.05380 -2.58361
   0.07074  0.04952 -2.71331
   0.05736  0.04471 -2.95068
   0.04527  0.03981 -3.22695
   0.03568  0.03540 -3.54218
   0.02749  0.03110 -3.92218
   0.01893  0.02569 -4.42893
   0.01162  0.01979 -4.48111
   0.00765  0.01602 -4.78047
   0.00506  0.01325 -5.20043
   0.00320  0.01100 -5.72142
   0.00181  0.00907 -6.33080
   0.00077  0.00737 -7.07931
   0.00002  0.00584 -7.93192
  -0.00047  0.00444 -8.85738
  -0.00071  0.00316 -9.65329
  -0.00072  0.00198 -9.95795
  -0.00046  0.00088 -9.03379
   0.00009 -0.00013 -6.65686
   0.00099 -0.00107 -3.76437
   0.00226 -0.00195 -1.73155
   0.00399 -0.00280 -0.46690
   0.00635 -0.00362  0.28227
   0.00970 -0.00444  0.71570
   0.01501 -0.00527  0.93953
   0.02385 -0.00583  0.99981
   0.03406 -0.00583  0.97103
   0.04572 -0.00543  0.92083
   0.05932 -0.00456  0.86539
   0.07317 -0.00325  0.81996
   0.08669 -0.00161  0.79291
   0.10047  0.00016  0.77460
   0.11466  0.00177  0.75054
   0.12905  0.00325  0.72438
   0.14348  0.00471  0.69937
   0.15787  0.00628  0.68241
   0.17222  0.00796  0.67336
   0.18659  0.00967  0.66787
   0.20101  0.01131  0.66270
   0.21549  0.01281  0.65445
   0.23005  0.01418  0.64500
   0.24470  0.01542  0.63489
   0.25943  0.01656  0.62476
   0.27424  0.01762  0.61454
   0.28910  0.01861  0.60465
   0.30402  0.01955  0.59572
   0.31894  0.02045  0.58838
   0.33386  0.02131  0.58224
   0.34876  0.02211  0.57560
   0.36364  0.02286  0.57024
   0.37848  0.02354  0.56467
   0.39329  0.02415  0.55939
   0.40810  0.02468  0.55341
   0.42291  0.02515  0.54784
   0.43774  0.02554  0.54116
   0.45259  0.02586  0.53519
   0.46747  0.02613  0.52905
   0.48237  0.02633  0.52346
   0.49727  0.02648  0.51733
   0.51217  0.02657  0.51276
   0.52705  0.02661  0.50846
   0.54188  0.02658  0.50431
   0.55668  0.02647  0.49878
   0.57143  0.02627  0.49533
   0.58614  0.02598  0.48868
   0.60082  0.02557  0.48092
   0.61550  0.02506  0.47140
   0.63018  0.02446  0.45990
   0.64488  0.02379  0.44766
   0.65961  0.02309  0.43508
   0.67438  0.02238  0.42286
   0.68918  0.02168  0.41131
   0.70402  0.02103  0.40505
   0.71887  0.02043  0.40000
   0.73372  0.01986  0.39898
   0.74856  0.01928  0.39948
   0.76337  0.01867  0.39695
   0.77812  0.01799  0.39855
   0.79280  0.01722  0.39356
   0.80737  0.01633  0.38906
   0.82184  0.01532  0.37867
   0.83620  0.01421  0.36581
   0.85049  0.01301  0.35219
   0.86479  0.01174  0.33923
   0.87917  0.01040  0.32044
   0.89376  0.00900  0.30374
   0.90861  0.00756  0.28406
   0.92315  0.00616  0.26560
   0.93759  0.00481  0.24511
   0.95220  0.00351  0.22873
   0.96538  0.00243  0.22032
   0.97671  0.00157  0.21094
   0.98644  0.00088  0.21904
   0.99491  0.00032  0.22899
   1.00000  0.00000  0.27872
