                                                
 Alfa =  10.00000 Re =  4000000.000 Xflap,Yflap =     0.000000    0.000000
#    x        y        Cp  
   1.00000  0.00000  0.62623
   0.99427  0.00236  0.40426
   0.98482  0.00618  0.28408
   0.97416  0.01041  0.19312
   0.96207  0.01508  0.11316
   0.94850  0.02019  0.03951
   0.93367  0.02561 -0.02916
   0.91815  0.03110 -0.09155
   0.90249  0.03649 -0.14879
   0.88691  0.04171 -0.20197
   0.87138  0.04677 -0.25359
   0.85586  0.05170 -0.30255
   0.84029  0.05650 -0.34960
   0.82465  0.06119 -0.39367
   0.80889  0.06578 -0.43772
   0.79299  0.07027 -0.47732
   0.77691  0.07467 -0.51490
   0.76065  0.07899 -0.54979
   0.74421  0.08326 -0.58561
   0.72763  0.08747 -0.62141
   0.71094  0.09164 -0.66079
   0.69424  0.09577 -0.70546
   0.67759  0.09984 -0.75867
   0.66107  0.10380 -0.81743
   0.64471  0.10764 -0.87854
   0.62850  0.11133 -0.94168
   0.61244  0.11485 -1.00420
   0.59646  0.11819 -1.06541
   0.58051  0.12135 -1.12186
   0.56453  0.12434 -1.17517
   0.54849  0.12717 -1.22909
   0.53236  0.12985 -1.28317
   0.51617  0.13237 -1.33990
   0.49994  0.13474 -1.39933
   0.48373  0.13695 -1.46692
   0.46759  0.13898 -1.54055
   0.45157  0.14080 -1.61595
   0.43569  0.14240 -1.69305
   0.41995  0.14376 -1.77111
   0.40432  0.14487 -1.84648
   0.38879  0.14571 -1.91975
   0.37330  0.14629 -1.98857
   0.35784  0.14659 -2.05578
   0.34240  0.14661 -2.12142
   0.32698  0.14635 -2.18489
   0.31161  0.14580 -2.24923
   0.29632  0.14495 -2.31425
   0.28117  0.14382 -2.38012
   0.26619  0.14239 -2.44818
   0.25142  0.14065 -2.51408
   0.23685  0.13861 -2.57649
   0.22246  0.13624 -2.63731
   0.20822  0.13354 -2.69364
   0.19408  0.13048 -2.74420
   0.17999  0.12704 -2.78745
   0.16597  0.12321 -2.83004
   0.15213  0.11903 -2.87955
   0.13872  0.11459 -2.96606
   0.12597  0.10992 -3.06882
   0.11396  0.10500 -3.15522
   0.10263  0.09978 -3.20668
   0.09186  0.09417 -3.17822
   0.08149  0.08812 -3.08603
   0.07130  0.08154 -2.96040
   0.06109  0.07432 -2.80862
   0.05109  0.06670 -2.67865
   0.04222  0.05955 -2.68214
   0.03495  0.05330 -2.74342
   0.02898  0.04770 -2.78425
   0.02393  0.04248 -2.76516
   0.01949  0.03739 -2.58413
   0.01551  0.03246 -2.40496
   0.01204  0.02803 -2.35110
   0.00913  0.02425 -2.50636
   0.00676  0.02104 -2.71489
   0.00484  0.01825 -2.93537
   0.00329  0.01577 -3.15930
   0.00203  0.01351 -3.39988
   0.00104  0.01143 -3.62793
   0.00027  0.00950 -3.84432
  -0.00028  0.00767 -4.02438
  -0.00062  0.00594 -4.12109
  -0.00076  0.00429 -4.08800
  -0.00069  0.00270 -3.86713
  -0.00040  0.00116 -3.41542
   0.00015 -0.00034 -2.68139
   0.00096 -0.00181 -1.79991
   0.00206 -0.00328 -1.02724
   0.00345 -0.00476 -0.40616
   0.00516 -0.00626  0.05911
   0.00724 -0.00782  0.39758
   0.00974 -0.00945  0.63775
   0.01271 -0.01117  0.79811
   0.01611 -0.01297  0.89940
   0.01995 -0.01477  0.96137
   0.02425 -0.01649  0.99313
   0.02911 -0.01808  0.99952
   0.03475 -0.01955  0.98632
   0.04148 -0.02091  0.95917
   0.04971 -0.02220  0.92222
   0.05959 -0.02342  0.87618
   0.07064 -0.02442  0.82578
   0.08246 -0.02499  0.78154
   0.09558 -0.02516  0.74644
   0.11035 -0.02503  0.71198
   0.12603 -0.02464  0.67794
   0.14165 -0.02397  0.64977
   0.15700 -0.02303  0.63024
   0.17249 -0.02181  0.61928
   0.18854 -0.02039  0.61247
   0.20535 -0.01884  0.60694
   0.22262 -0.01728  0.59926
   0.23972 -0.01578  0.59205
   0.25684 -0.01433  0.58550
   0.27413 -0.01293  0.57944
   0.29135 -0.01160  0.57400
   0.30828 -0.01036  0.56968
   0.32497 -0.00923  0.56583
   0.34150 -0.00820  0.56259
   0.35791 -0.00729  0.55918
   0.37424 -0.00652  0.55529
   0.39054 -0.00589  0.55108
   0.40684 -0.00543  0.54518
   0.42315 -0.00514  0.53760
   0.43951 -0.00501  0.52878
   0.45592 -0.00502  0.51897
   0.47239 -0.00519  0.50809
   0.48895 -0.00548  0.49591
   0.50560 -0.00590  0.48201
   0.52234 -0.00643  0.46697
   0.53916 -0.00704  0.44927
   0.55607 -0.00770  0.43224
   0.57302 -0.00837  0.41387
   0.58999 -0.00902  0.39616
   0.60692 -0.00962  0.37944
   0.62377 -0.01013  0.36398
   0.64051 -0.01054  0.35046
   0.65712 -0.01084  0.33817
   0.67363 -0.01103  0.32737
   0.69009 -0.01108  0.31876
   0.70656 -0.01099  0.31423
   0.72312 -0.01076  0.31232
   0.73985 -0.01041  0.31411
   0.75678 -0.00998  0.31562
   0.77389 -0.00949  0.31832
   0.79111 -0.00897  0.32051
   0.80832 -0.00846  0.31970
   0.82539 -0.00798  0.31607
   0.84224 -0.00749  0.31249
   0.85885 -0.00697  0.30898
   0.87530 -0.00639  0.30810
   0.89171 -0.00573  0.30931
   0.90828 -0.00495  0.31675
   0.92511 -0.00406  0.33047
   0.94182 -0.00313  0.34866
   0.95748 -0.00226  0.36870
   0.97135 -0.00150  0.38980
   0.98335 -0.00086  0.42217
   0.99378 -0.00032  0.47803
   1.00000  0.00000  0.62623
