                                                
 Alfa =  10.00000 Re =  4000000.000 Xflap,Yflap =     0.000000    0.000000
#    x        y        Cp  
   1.00000  0.00000  0.37860
   0.99468  0.00113  0.21681
   0.98625  0.00290  0.14223
   0.97718  0.00478  0.09163
   0.96738  0.00678  0.04785
   0.95675  0.00892  0.00641
   0.94517  0.01121 -0.02854
   0.93250  0.01367 -0.06545
   0.91868  0.01629 -0.09880
   0.90370  0.01908 -0.13223
   0.88797  0.02192 -0.16356
   0.87260  0.02464 -0.18894
   0.85743  0.02727 -0.21416
   0.84223  0.02987 -0.23769
   0.82684  0.03248 -0.26132
   0.81116  0.03512 -0.28575
   0.79524  0.03780 -0.31565
   0.77940  0.04047 -0.34827
   0.76366  0.04310 -0.38412
   0.74796  0.04570 -0.42002
   0.73224  0.04825 -0.45744
   0.71647  0.05074 -0.49591
   0.70064  0.05315 -0.53277
   0.68477  0.05548 -0.56650
   0.66888  0.05769 -0.60019
   0.65300  0.05980 -0.63236
   0.63712  0.06180 -0.66314
   0.62125  0.06367 -0.69163
   0.60537  0.06543 -0.71884
   0.58946  0.06707 -0.74090
   0.57350  0.06861 -0.76269
   0.55746  0.07006 -0.77975
   0.54135  0.07143 -0.80070
   0.52519  0.07276 -0.82197
   0.50900  0.07405 -0.84939
   0.49282  0.07531 -0.88413
   0.47672  0.07654 -0.93416
   0.46072  0.07771 -0.98436
   0.44484  0.07878 -1.04076
   0.42905  0.07971 -1.09794
   0.41331  0.08049 -1.15154
   0.39756  0.08108 -1.19999
   0.38171  0.08146 -1.23551
   0.36570  0.08165 -1.26653
   0.34952  0.08166 -1.29414
   0.33336  0.08150 -1.32393
   0.31722  0.08120 -1.35554
   0.30104  0.08078 -1.39431
   0.28517  0.08026 -1.44974
   0.26978  0.07964 -1.51279
   0.25485  0.07889 -1.58012
   0.24026  0.07800 -1.65186
   0.22580  0.07693 -1.72616
   0.21119  0.07565 -1.80652
   0.19598  0.07405 -1.89255
   0.18062  0.07214 -1.98554
   0.16663  0.07009 -2.06970
   0.15369  0.06791 -2.14544
   0.14133  0.06553 -2.21477
   0.12906  0.06287 -2.27890
   0.11626  0.05976 -2.34220
   0.10181  0.05578 -2.40615
   0.08847  0.05167 -2.45690
   0.07775  0.04805 -2.51132
   0.06827  0.04463 -2.58327
   0.05899  0.04106 -2.67924
   0.04816  0.03659 -2.90167
   0.03858  0.03218 -3.19901
   0.02961  0.02741 -3.31138
   0.01955  0.02127 -3.56755
   0.01431  0.01771 -3.93063
   0.01074  0.01508 -4.32639
   0.00803  0.01291 -4.78085
   0.00588  0.01104 -5.33435
   0.00415  0.00937 -5.98277
   0.00276  0.00786 -6.78147
   0.00165  0.00648 -7.77172
   0.00079  0.00520 -8.94637
   0.00017  0.00401-10.35074
  -0.00022  0.00290-11.75394
  -0.00038  0.00186-12.76212
  -0.00031  0.00089-12.44531
   0.00001 -0.00002-10.07246
   0.00061 -0.00087 -6.51447
   0.00149 -0.00168 -3.65906
   0.00267 -0.00244 -1.77728
   0.00419 -0.00317 -0.60443
   0.00611 -0.00387  0.11042
   0.00854 -0.00455  0.54396
   0.01168 -0.00522  0.80030
   0.01599 -0.00591  0.94262
   0.02313 -0.00666  0.99923
   0.03503 -0.00732  0.97007
   0.04492 -0.00730  0.92451
   0.05693 -0.00674  0.87476
   0.06676 -0.00601  0.84196
   0.07647 -0.00514  0.81490
   0.08742 -0.00405  0.79055
   0.10139 -0.00261  0.76622
   0.11533 -0.00119  0.74427
   0.12737 -0.00002  0.72788
   0.13875  0.00105  0.71407
   0.15010  0.00208  0.70124
   0.16187  0.00309  0.68935
   0.17450  0.00412  0.67757
   0.18849  0.00519  0.66544
   0.20400  0.00627  0.65278
   0.21897  0.00722  0.64145
   0.23340  0.00804  0.63071
   0.24773  0.00877  0.62026
   0.26229  0.00943  0.61017
   0.27727  0.01002  0.59999
   0.29280  0.01054  0.58922
   0.30885  0.01098  0.57934
   0.32492  0.01134  0.56787
   0.34084  0.01160  0.55718
   0.35675  0.01179  0.54671
   0.37275  0.01192  0.53602
   0.38890  0.01199  0.52527
   0.40506  0.01200  0.51507
   0.42114  0.01197  0.50493
   0.43718  0.01189  0.49573
   0.45323  0.01178  0.48609
   0.46932  0.01163  0.47753
   0.48545  0.01144  0.46690
   0.50162  0.01123  0.45995
   0.51781  0.01098  0.45190
   0.53399  0.01069  0.44362
   0.55016  0.01036  0.43579
   0.56630  0.00999  0.42759
   0.58242  0.00955  0.41931
   0.59851  0.00905  0.40896
   0.61459  0.00848  0.39750
   0.63068  0.00786  0.38331
   0.64677  0.00722  0.37038
   0.66288  0.00658  0.35488
   0.67899  0.00597  0.34210
   0.69508  0.00541  0.32943
   0.71112  0.00492  0.32226
   0.72711  0.00451  0.31365
   0.74302  0.00415  0.31051
   0.75889  0.00382  0.30635
   0.77477  0.00351  0.30224
   0.79074  0.00319  0.29963
   0.80687  0.00285  0.29220
   0.82288  0.00248  0.28414
   0.83858  0.00210  0.27653
   0.85403  0.00173  0.26607
   0.86940  0.00138  0.25686
   0.88492  0.00104  0.25026
   0.90086  0.00074  0.23947
   0.91632  0.00049  0.23687
   0.93061  0.00030  0.23305
   0.94369  0.00017  0.23160
   0.95563  0.00008  0.23105
   0.96657  0.00002  0.23645
   0.97663 -0.00001  0.24339
   0.98593 -0.00002  0.25365
   0.99456 -0.00001  0.28505
   1.00000  0.00000  0.37860
