                                                
 Alfa =  10.00000 Re =  4000000.000 Xflap,Yflap =     0.000000    0.000000
#    x        y        Cp  
   1.00000  0.00000  0.35965
   0.99428  0.00042  0.35153
   0.98373  0.00155  0.28418
   0.97144  0.00314  0.24512
   0.95813  0.00513  0.20955
   0.94432  0.00743  0.17158
   0.93027  0.00995  0.13549
   0.91607  0.01267  0.09536
   0.90176  0.01553  0.05697
   0.88736  0.01852  0.01333
   0.87286  0.02161 -0.02972
   0.85828  0.02478 -0.07524
   0.84363  0.02799 -0.12551
   0.82894  0.03122 -0.17544
   0.81433  0.03442 -0.23226
   0.79988  0.03753 -0.29066
   0.78565  0.04048 -0.34931
   0.77161  0.04324 -0.40275
   0.75764  0.04578 -0.44294
   0.74360  0.04813 -0.47304
   0.72940  0.05033 -0.49633
   0.71504  0.05240 -0.51702
   0.70056  0.05435 -0.53598
   0.68603  0.05621 -0.56019
   0.67148  0.05796 -0.58326
   0.65691  0.05961 -0.60575
   0.64232  0.06115 -0.62782
   0.62771  0.06260 -0.65002
   0.61307  0.06396 -0.67361
   0.59843  0.06522 -0.69458
   0.58378  0.06638 -0.71809
   0.56913  0.06744 -0.74033
   0.55446  0.06841 -0.76191
   0.53980  0.06929 -0.78510
   0.52513  0.07006 -0.80674
   0.51045  0.07074 -0.82859
   0.49577  0.07132 -0.85077
   0.48108  0.07181 -0.87279
   0.46641  0.07220 -0.89654
   0.45173  0.07248 -0.91864
   0.43707  0.07267 -0.94116
   0.42240  0.07275 -0.96344
   0.40774  0.07273 -0.98606
   0.39307  0.07261 -1.00793
   0.37841  0.07239 -1.03150
   0.36374  0.07206 -1.05415
   0.34908  0.07163 -1.07870
   0.33443  0.07110 -1.10386
   0.31978  0.07046 -1.13017
   0.30515  0.06972 -1.15877
   0.29054  0.06887 -1.18851
   0.27595  0.06792 -1.21917
   0.26138  0.06685 -1.25295
   0.24684  0.06567 -1.28941
   0.23233  0.06436 -1.32798
   0.21787  0.06294 -1.37001
   0.20345  0.06138 -1.41588
   0.18908  0.05969 -1.46555
   0.17478  0.05786 -1.52153
   0.16056  0.05587 -1.58276
   0.14642  0.05372 -1.65287
   0.13240  0.05141 -1.73170
   0.11852  0.04890 -1.82254
   0.10482  0.04620 -1.92919
   0.09135  0.04329 -2.05492
   0.07818  0.04014 -2.20637
   0.06547  0.03677 -2.39351
   0.05340  0.03319 -2.63022
   0.04235  0.02948 -2.92857
   0.03279  0.02581 -3.29678
   0.02487  0.02228 -3.70375
   0.01861  0.01905 -4.15912
   0.01388  0.01621 -4.71664
   0.01026  0.01366 -5.19162
   0.00742  0.01130 -5.52629
   0.00516  0.00913 -5.89113
   0.00338  0.00718 -6.67211
   0.00202  0.00540 -7.82993
   0.00106  0.00371 -8.61498
   0.00043  0.00203 -8.82801
   0.00013  0.00038 -8.69073
   0.00018 -0.00122 -8.24651
   0.00063 -0.00272 -6.19608
   0.00152 -0.00417 -3.44347
   0.00287 -0.00567 -1.55112
   0.00465 -0.00728 -0.52643
   0.00686 -0.00905  0.05421
   0.00957 -0.01090  0.45610
   0.01290 -0.01286  0.72221
   0.01719 -0.01502  0.88972
   0.02292 -0.01750  0.97664
   0.03037 -0.02026  0.99993
   0.03949 -0.02313  0.97891
   0.05031 -0.02602  0.93298
   0.06239 -0.02880  0.87712
   0.07522 -0.03135  0.82078
   0.08859 -0.03367  0.76763
   0.10230 -0.03577  0.71886
   0.11624 -0.03767  0.67452
   0.13037 -0.03939  0.63464
   0.14464 -0.04094  0.59820
   0.15902 -0.04235  0.56479
   0.17347 -0.04363  0.53452
   0.18799 -0.04478  0.50612
   0.20256 -0.04581  0.48040
   0.21718 -0.04674  0.45598
   0.23182 -0.04756  0.43349
   0.24650 -0.04829  0.41241
   0.26120 -0.04892  0.39275
   0.27592 -0.04946  0.37395
   0.29065 -0.04992  0.35653
   0.30538 -0.05029  0.33976
   0.32013 -0.05057  0.32419
   0.33488 -0.05077  0.30985
   0.34965 -0.05089  0.29655
   0.36442 -0.05092  0.28310
   0.37920 -0.05088  0.27112
   0.39399 -0.05077  0.26024
   0.40877 -0.05057  0.24879
   0.42355 -0.05030  0.24003
   0.43834 -0.04995  0.23070
   0.45314 -0.04952  0.22250
   0.46794 -0.04903  0.21492
   0.48276 -0.04847  0.20833
   0.49759 -0.04784  0.20168
   0.51243 -0.04714  0.19592
   0.52728 -0.04639  0.18954
   0.54213 -0.04558  0.18527
   0.55699 -0.04471  0.17857
   0.57182 -0.04379  0.17433
   0.58665 -0.04281  0.16848
   0.60148 -0.04176  0.16374
   0.61630 -0.04066  0.15961
   0.63106 -0.03950  0.15240
   0.64572 -0.03826  0.14810
   0.66028 -0.03692  0.14508
   0.67479 -0.03548  0.14670
   0.68934 -0.03391  0.15136
   0.70398 -0.03224  0.15970
   0.71875 -0.03047  0.17082
   0.73365 -0.02865  0.17894
   0.74863 -0.02680  0.18821
   0.76362 -0.02495  0.19448
   0.77859 -0.02309  0.20132
   0.79354 -0.02125  0.20892
   0.80846 -0.01942  0.21460
   0.82336 -0.01763  0.22039
   0.83823 -0.01587  0.22671
   0.85307 -0.01415  0.23163
   0.86790 -0.01248  0.23611
   0.88270 -0.01085  0.24128
   0.89749 -0.00929  0.24365
   0.91228 -0.00779  0.24897
   0.92703 -0.00635  0.25050
   0.94180 -0.00498  0.25302
   0.95653 -0.00365  0.25328
   0.97071 -0.00234  0.26646
   0.98365 -0.00111  0.30591
   0.99430 -0.00022  0.38572
   1.00000  0.00000  0.35965
