                                                
 Alfa =  10.00000 Re =  4000000.000 Xflap,Yflap =     0.000000    0.000000
#    x        y        Cp  
   1.00000  0.00000  0.40856
   0.99471  0.00059  0.31624
   0.98521  0.00182  0.24629
   0.97338  0.00355  0.15998
   0.95937  0.00557  0.10971
   0.94430  0.00768  0.07651
   0.92919  0.00979  0.05219
   0.91421  0.01193  0.03040
   0.89931  0.01417  0.00468
   0.88441  0.01652 -0.03043
   0.86946  0.01898 -0.07077
   0.85442  0.02152 -0.12332
   0.83925  0.02402 -0.16067
   0.82392  0.02650 -0.19703
   0.80848  0.02896 -0.23375
   0.79308  0.03142 -0.27859
   0.77797  0.03379 -0.33451
   0.76332  0.03599 -0.39404
   0.74912  0.03794 -0.44430
   0.73516  0.03961 -0.47687
   0.72106  0.04103 -0.48469
   0.70654  0.04227 -0.48223
   0.69156  0.04341 -0.47871
   0.67624  0.04447 -0.47727
   0.66081  0.04550 -0.48895
   0.64542  0.04647 -0.50192
   0.63002  0.04738 -0.51204
   0.61455  0.04823 -0.52360
   0.59906  0.04904 -0.53982
   0.58363  0.04978 -0.55440
   0.56814  0.05047 -0.56524
   0.55263  0.05113 -0.58388
   0.53715  0.05172 -0.59742
   0.52162  0.05227 -0.61423
   0.50615  0.05277 -0.63238
   0.49062  0.05322 -0.64771
   0.47512  0.05363 -0.66746
   0.45959  0.05398 -0.68359
   0.44403  0.05429 -0.70511
   0.42854  0.05456 -0.72824
   0.41301  0.05477 -0.74501
   0.39747  0.05495 -0.77290
   0.38200  0.05507 -0.79726
   0.36648  0.05514 -0.81981
   0.35098  0.05516 -0.85112
   0.33553  0.05513 -0.87973
   0.32006  0.05503 -0.90982
   0.30460  0.05489 -0.94511
   0.28918  0.05468 -0.98142
   0.27378  0.05442 -1.02313
   0.25844  0.05408 -1.06573
   0.24311  0.05367 -1.11482
   0.22785  0.05319 -1.16659
   0.21260  0.05261 -1.22332
   0.19745  0.05196 -1.29148
   0.18237  0.05121 -1.36651
   0.16742  0.05034 -1.44852
   0.15255  0.04937 -1.54530
   0.13810  0.04830 -1.67624
   0.12417  0.04712 -1.81501
   0.11119  0.04586 -2.00019
   0.09946  0.04452 -2.27752
   0.08868  0.04288 -2.43947
   0.07762  0.04076 -2.54538
   0.06660  0.03825 -2.69170
   0.05604  0.03547 -2.88291
   0.04639  0.03254 -3.11659
   0.03790  0.02955 -3.34731
   0.03065  0.02665 -3.64511
   0.02460  0.02386 -3.89946
   0.01955  0.02122 -4.11232
   0.01537  0.01879 -4.41713
   0.01191  0.01657 -4.79445
   0.00904  0.01453 -5.28033
   0.00667  0.01263 -5.91267
   0.00472  0.01081 -6.52407
   0.00311  0.00903 -7.26042
   0.00185  0.00726 -7.93590
   0.00094  0.00550 -8.01877
   0.00036  0.00373 -7.50080
   0.00005  0.00200 -6.86361
  -0.00001  0.00030 -6.19560
   0.00018 -0.00138 -6.00366
   0.00078 -0.00299 -4.72087
   0.00184 -0.00444 -2.59664
   0.00330 -0.00569 -1.10347
   0.00513 -0.00673 -0.08356
   0.00729 -0.00765  0.44939
   0.00981 -0.00856  0.70755
   0.01275 -0.00947  0.86402
   0.01627 -0.01042  0.94957
   0.02053 -0.01142  0.99034
   0.02580 -0.01251  0.99973
   0.03242 -0.01369  0.98525
   0.04074 -0.01496  0.95307
   0.05107 -0.01633  0.90846
   0.06322 -0.01772  0.85894
   0.07675 -0.01908  0.80924
   0.09111 -0.02037  0.76228
   0.10585 -0.02156  0.71911
   0.12087 -0.02265  0.68161
   0.13601 -0.02368  0.64518
   0.15123 -0.02460  0.61451
   0.16649 -0.02546  0.58414
   0.18183 -0.02623  0.55771
   0.19715 -0.02694  0.53332
   0.21256 -0.02758  0.51047
   0.22797 -0.02816  0.48934
   0.24341 -0.02868  0.46944
   0.25887 -0.02915  0.45085
   0.27435 -0.02956  0.43377
   0.28986 -0.02992  0.41727
   0.30536 -0.03023  0.40143
   0.32084 -0.03049  0.38680
   0.33635 -0.03069  0.37410
   0.35193 -0.03086  0.36133
   0.36754 -0.03099  0.34916
   0.38313 -0.03108  0.33593
   0.39871 -0.03113  0.32530
   0.41429 -0.03115  0.31337
   0.42989 -0.03113  0.30257
   0.44548 -0.03107  0.29209
   0.46105 -0.03097  0.28150
   0.47657 -0.03083  0.27144
   0.49210 -0.03064  0.26218
   0.50764 -0.03041  0.25397
   0.52317 -0.03013  0.24477
   0.53861 -0.02980  0.23629
   0.55402 -0.02941  0.23078
   0.56954 -0.02895  0.22842
   0.58522 -0.02847  0.22501
   0.60095 -0.02798  0.21697
   0.61660 -0.02748  0.20937
   0.63216 -0.02695  0.20178
   0.64767 -0.02638  0.19617
   0.66320 -0.02576  0.19272
   0.67879 -0.02509  0.19010
   0.69443 -0.02440  0.18796
   0.71003 -0.02372  0.18446
   0.72549 -0.02307  0.17329
   0.74080 -0.02239  0.16368
   0.75613 -0.02164  0.16370
   0.77157 -0.02086  0.16229
   0.78700 -0.02010  0.15142
   0.80232 -0.01931  0.14446
   0.81764 -0.01846  0.14550
   0.83300 -0.01763  0.13732
   0.84826 -0.01680  0.12138
   0.86338 -0.01591  0.11004
   0.87841 -0.01492  0.10083
   0.89327 -0.01384  0.08796
   0.90773 -0.01261  0.07963
   0.92156 -0.01123  0.08016
   0.93486 -0.00964  0.08759
   0.94817 -0.00775  0.12355
   0.96203 -0.00551  0.17842
   0.97519 -0.00323  0.25456
   0.98598 -0.00146  0.34517
   0.99481 -0.00041  0.38335
   1.00000  0.00000  0.40856
