                                                
 Alfa =  10.00000 Re =  4000000.000 Xflap,Yflap =     0.000000    0.000000
#    x        y        Cp  
   1.00000  0.00180  0.24065
   0.99414  0.00225  0.12721
   0.98236  0.00317  0.05451
   0.96902  0.00415  0.00799
   0.95497  0.00512 -0.02597
   0.94082  0.00604 -0.05354
   0.92661  0.00691 -0.07801
   0.91239  0.00773 -0.09906
   0.89816  0.00850 -0.11877
   0.88391  0.00924 -0.13709
   0.86966  0.00993 -0.15551
   0.85540  0.01058 -0.17092
   0.84114  0.01120 -0.19252
   0.82696  0.01176 -0.21145
   0.81282  0.01225 -0.22831
   0.79870  0.01265 -0.24331
   0.78458  0.01298 -0.25596
   0.77051  0.01320 -0.26494
   0.75642  0.01333 -0.27147
   0.74233  0.01337 -0.27529
   0.72824  0.01331 -0.27483
   0.71414  0.01315 -0.27066
   0.70002  0.01291 -0.26487
   0.68590  0.01258 -0.24968
   0.67180  0.01218 -0.23261
   0.65784  0.01170 -0.20388
   0.64467  0.01118 -0.15915
   0.63368  0.01072 -0.00926
   0.62475  0.01091 -0.06122
   0.61316  0.01159 -0.17605
   0.59980  0.01237 -0.23019
   0.58574  0.01312 -0.26700
   0.57156  0.01382 -0.29597
   0.55731  0.01448 -0.31847
   0.54303  0.01511 -0.34059
   0.52874  0.01570 -0.35947
   0.51445  0.01627 -0.37843
   0.50013  0.01681 -0.39568
   0.48582  0.01732 -0.41428
   0.47149  0.01781 -0.43095
   0.45716  0.01829 -0.45009
   0.44282  0.01875 -0.46741
   0.42849  0.01918 -0.48737
   0.41415  0.01961 -0.50580
   0.39981  0.02001 -0.52711
   0.38547  0.02039 -0.54586
   0.37112  0.02076 -0.56893
   0.35678  0.02112 -0.59119
   0.34242  0.02146 -0.61461
   0.32806  0.02179 -0.64068
   0.31371  0.02210 -0.66843
   0.29936  0.02240 -0.69784
   0.28501  0.02269 -0.73131
   0.27067  0.02295 -0.76642
   0.25633  0.02320 -0.80501
   0.24201  0.02343 -0.84738
   0.22770  0.02363 -0.89491
   0.21340  0.02381 -0.94830
   0.19914  0.02395 -1.00803
   0.18491  0.02403 -1.07362
   0.17072  0.02407 -1.14959
   0.15658  0.02403 -1.23438
   0.14249  0.02390 -1.33061
   0.12848  0.02367 -1.44319
   0.11456  0.02332 -1.57308
   0.10075  0.02281 -1.72765
   0.08709  0.02212 -1.91210
   0.07362  0.02121 -2.14144
   0.06044  0.02004 -2.43109
   0.04772  0.01857 -2.82435
   0.03591  0.01678 -3.37094
   0.02569  0.01475 -4.11544
   0.01772  0.01266 -5.10962
   0.01200  0.01070 -6.37792
   0.00797  0.00892 -7.86224
   0.00508  0.00726 -9.69920
   0.00298  0.00564-11.73489
   0.00148  0.00403-13.73908
   0.00052  0.00241-15.13917
   0.00006  0.00079-14.46296
   0.00005 -0.00075-11.83156
   0.00051 -0.00237 -8.11480
   0.00147 -0.00399 -4.51081
   0.00296 -0.00560 -2.08383
   0.00505 -0.00721 -0.58756
   0.00793 -0.00887  0.27180
   0.01194 -0.01066  0.73138
   0.01764 -0.01261  0.94392
   0.02558 -0.01470  0.99995
   0.03577 -0.01674  0.97140
   0.04757 -0.01853  0.91164
   0.06028 -0.02000  0.84760
   0.07346 -0.02118  0.78864
   0.08692 -0.02209  0.73717
   0.10059 -0.02278  0.69262
   0.11439 -0.02329  0.65457
   0.12831 -0.02365  0.62152
   0.14232 -0.02388  0.59255
   0.15641 -0.02401  0.56753
   0.17054 -0.02405  0.54500
   0.18474 -0.02402  0.52525
   0.19897 -0.02393  0.50707
   0.21323 -0.02379  0.49059
   0.22752 -0.02362  0.47569
   0.24183 -0.02341  0.46142
   0.25616 -0.02319  0.44821
   0.27049 -0.02294  0.43566
   0.28484 -0.02267  0.42364
   0.29918 -0.02239  0.41253
   0.31354 -0.02209  0.40179
   0.32789 -0.02177  0.39127
   0.34224 -0.02145  0.38197
   0.35660 -0.02111  0.37201
   0.37094 -0.02075  0.36259
   0.38529 -0.02038  0.35479
   0.39964 -0.02000  0.34570
   0.41397 -0.01960  0.33853
   0.42831 -0.01918  0.33057
   0.44265 -0.01874  0.32407
   0.45699 -0.01828  0.31761
   0.47131 -0.01781  0.31098
   0.48564 -0.01731  0.30595
   0.49996 -0.01680  0.29976
   0.51427 -0.01626  0.29591
   0.52857 -0.01570  0.29203
   0.54286 -0.01510  0.28910
   0.55713 -0.01448  0.28797
   0.57139 -0.01382  0.28772
   0.58557 -0.01311  0.29173
   0.59964 -0.01237  0.30089
   0.61302 -0.01159  0.32142
   0.62466 -0.01090  0.38012
   0.63363 -0.01071  0.40609
   0.64464 -0.01117  0.31015
   0.65782 -0.01169  0.27251
   0.67180 -0.01217  0.24366
   0.68590 -0.01257  0.22052
   0.70001 -0.01290  0.20058
   0.71413 -0.01314  0.18274
   0.72824 -0.01330  0.16856
   0.74233 -0.01336  0.15471
   0.75641 -0.01333  0.14488
   0.77050 -0.01320  0.13495
   0.78458 -0.01297  0.12765
   0.79868 -0.01265  0.12439
   0.81282 -0.01224  0.12092
   0.82695 -0.01175  0.11762
   0.84114 -0.01119  0.11880
   0.85539 -0.01058  0.11984
   0.86965 -0.00992  0.11583
   0.88390 -0.00923  0.11542
   0.89815 -0.00850  0.11511
   0.91238 -0.00773  0.11276
   0.92661 -0.00691  0.11229
   0.94081 -0.00604  0.11433
   0.95496 -0.00512  0.11804
   0.96901 -0.00415  0.12452
   0.98235 -0.00317  0.13886
   0.99414 -0.00224  0.17830
   1.00000 -0.00180  0.24065
