                                                
 Alfa =  10.00000 Re =  4000000.000 Xflap,Yflap =     0.000000    0.000000
#    x        y        Cp  
   1.00045  0.01241  0.13673
   0.99452  0.01270  0.17554
   0.98379  0.01371  0.09616
   0.97102  0.01510  0.03270
   0.95711  0.01656  0.00326
   0.94255  0.01804 -0.01762
   0.92780  0.01955 -0.03861
   0.91304  0.02108 -0.05755
   0.89827  0.02263 -0.07712
   0.88347  0.02420 -0.09719
   0.86866  0.02579 -0.11565
   0.85384  0.02739 -0.13513
   0.83903  0.02901 -0.15391
   0.82420  0.03064 -0.17239
   0.80936  0.03227 -0.19300
   0.79452  0.03392 -0.21197
   0.77967  0.03557 -0.23104
   0.76482  0.03722 -0.25256
   0.74996  0.03888 -0.27168
   0.73511  0.04053 -0.29243
   0.72027  0.04218 -0.31469
   0.70543  0.04382 -0.33525
   0.69060  0.04546 -0.35837
   0.67577  0.04708 -0.38027
   0.66096  0.04870 -0.40445
   0.64615  0.05029 -0.42781
   0.63135  0.05187 -0.45290
   0.61656  0.05343 -0.47865
   0.60179  0.05497 -0.50477
   0.58702  0.05647 -0.53210
   0.57226  0.05795 -0.56095
   0.55751  0.05940 -0.58931
   0.54277  0.06081 -0.62028
   0.52804  0.06219 -0.65248
   0.51335  0.06351 -0.68754
   0.49869  0.06478 -0.72269
   0.48408  0.06598 -0.75978
   0.46951  0.06710 -0.79391
   0.45495  0.06814 -0.83049
   0.44040  0.06909 -0.86425
   0.42585  0.06995 -0.89981
   0.41131  0.07072 -0.93419
   0.39676  0.07141 -0.97030
   0.38220  0.07199 -1.00626
   0.36766  0.07249 -1.04494
   0.35314  0.07288 -1.08543
   0.33863  0.07318 -1.12758
   0.32415  0.07336 -1.17103
   0.30970  0.07343 -1.21699
   0.29528  0.07338 -1.26396
   0.28088  0.07320 -1.31476
   0.26653  0.07289 -1.36681
   0.25221  0.07244 -1.42240
   0.23794  0.07184 -1.48095
   0.22374  0.07108 -1.54338
   0.20959  0.07015 -1.60972
   0.19553  0.06904 -1.68004
   0.18155  0.06774 -1.75538
   0.16767  0.06623 -1.83605
   0.15392  0.06451 -1.92574
   0.14031  0.06254 -2.01960
   0.12687  0.06033 -2.12477
   0.11363  0.05783 -2.23714
   0.10064  0.05505 -2.36268
   0.08800  0.05196 -2.50329
   0.07575  0.04855 -2.65781
   0.06394  0.04479 -2.83200
   0.05280  0.04073 -3.02343
   0.04270  0.03649 -3.24404
   0.03370  0.03213 -3.47226
   0.02579  0.02768 -3.70791
   0.01942  0.02353 -3.96092
   0.01463  0.01993 -4.25756
   0.01096  0.01673 -4.49719
   0.00801  0.01372 -4.62820
   0.00561  0.01086 -4.67789
   0.00371  0.00826 -4.74481
   0.00226  0.00600 -5.16557
   0.00120  0.00406 -5.95568
   0.00049  0.00233 -6.64094
   0.00011  0.00073 -6.98906
   0.00004 -0.00083 -6.52968
   0.00029 -0.00239 -5.08861
   0.00088 -0.00399 -3.61586
   0.00182 -0.00561 -2.34824
   0.00318 -0.00722 -1.22840
   0.00506 -0.00873 -0.26581
   0.00758 -0.01013  0.39794
   0.01085 -0.01149  0.75498
   0.01495 -0.01298  0.91011
   0.02004 -0.01466  0.98145
   0.02633 -0.01641  0.99985
   0.03416 -0.01810  0.97981
   0.04399 -0.01972  0.93695
   0.05573 -0.02127  0.88280
   0.06850 -0.02259  0.82849
   0.08175 -0.02366  0.77976
   0.09551 -0.02451  0.73691
   0.10965 -0.02519  0.69866
   0.12397 -0.02571  0.66485
   0.13836 -0.02610  0.63524
   0.15284 -0.02637  0.60935
   0.16741 -0.02655  0.58607
   0.18206 -0.02665  0.56506
   0.19676 -0.02669  0.54607
   0.21149 -0.02666  0.52841
   0.22623 -0.02658  0.51218
   0.24099 -0.02646  0.49748
   0.25576 -0.02629  0.48387
   0.27055 -0.02608  0.47130
   0.28534 -0.02582  0.46024
   0.30017 -0.02554  0.44935
   0.31501 -0.02522  0.44050
   0.32988 -0.02488  0.43123
   0.34478 -0.02453  0.42334
   0.35969 -0.02416  0.41468
   0.37462 -0.02378  0.40745
   0.38955 -0.02340  0.39956
   0.40448 -0.02301  0.39269
   0.41941 -0.02262  0.38556
   0.43435 -0.02222  0.37891
   0.44930 -0.02183  0.37271
   0.46424 -0.02143  0.36664
   0.47919 -0.02103  0.36026
   0.49414 -0.02064  0.35441
   0.50908 -0.02024  0.34892
   0.52402 -0.01985  0.34325
   0.53896 -0.01946  0.33775
   0.55389 -0.01908  0.33290
   0.56882 -0.01870  0.32728
   0.58375 -0.01832  0.32234
   0.59868 -0.01795  0.31783
   0.61361 -0.01759  0.31192
   0.62854 -0.01723  0.30848
   0.64346 -0.01688  0.30271
   0.65838 -0.01654  0.29846
   0.67330 -0.01620  0.29453
   0.68822 -0.01587  0.28881
   0.70314 -0.01555  0.28555
   0.71805 -0.01524  0.28020
   0.73297 -0.01494  0.27656
   0.74788 -0.01465  0.27157
   0.76278 -0.01437  0.26772
   0.77769 -0.01410  0.26313
   0.79259 -0.01385  0.25912
   0.80749 -0.01361  0.25437
   0.82239 -0.01338  0.25006
   0.83727 -0.01316  0.24642
   0.85216 -0.01297  0.24184
   0.86703 -0.01279  0.23696
   0.88191 -0.01263  0.23211
   0.89679 -0.01248  0.22817
   0.91163 -0.01236  0.22332
   0.92645 -0.01227  0.21757
   0.94126 -0.01220  0.21183
   0.95589 -0.01214  0.20561
   0.96996 -0.01206  0.20315
   0.98285 -0.01197  0.22487
   0.99363 -0.01206  0.25055
   0.99957 -0.01238  0.13673
