                                                
 Alfa =  10.00000 Re =  4000000.000 Xflap,Yflap =     0.000000    0.000000
#    x        y        Cp  
   1.00000  0.00000  0.41243
   0.99425  0.00068  0.25868
   0.98310  0.00201  0.18311
   0.96973  0.00360  0.13213
   0.95565  0.00528  0.09234
   0.94145  0.00697  0.05863
   0.92723  0.00867  0.02987
   0.91299  0.01036  0.00287
   0.89874  0.01206 -0.02202
   0.88449  0.01376 -0.04531
   0.87024  0.01546 -0.06771
   0.85598  0.01715 -0.08991
   0.84173  0.01885 -0.11297
   0.82747  0.02055 -0.13403
   0.81322  0.02224 -0.15650
   0.79897  0.02394 -0.18009
   0.78473  0.02563 -0.20374
   0.77051  0.02731 -0.22877
   0.75630  0.02898 -0.25293
   0.74211  0.03062 -0.27863
   0.72793  0.03224 -0.30493
   0.71376  0.03382 -0.33157
   0.69961  0.03537 -0.35811
   0.68547  0.03688 -0.38639
   0.67135  0.03834 -0.41515
   0.65725  0.03974 -0.44339
   0.64318  0.04108 -0.47378
   0.62914  0.04234 -0.50415
   0.61513  0.04351 -0.53533
   0.60125  0.04456 -0.56749
   0.58738  0.04546 -0.58209
   0.57339  0.04625 -0.59361
   0.55933  0.04695 -0.60598
   0.54525  0.04756 -0.61905
   0.53115  0.04810 -0.63190
   0.51703  0.04856 -0.64568
   0.50290  0.04895 -0.65986
   0.48875  0.04928 -0.67361
   0.47460  0.04955 -0.68847
   0.46044  0.04975 -0.70418
   0.44628  0.04989 -0.71992
   0.43211  0.04998 -0.73600
   0.41794  0.05000 -0.75333
   0.40378  0.04997 -0.77119
   0.38961  0.04987 -0.78957
   0.37544  0.04972 -0.80872
   0.36127  0.04951 -0.82996
   0.34711  0.04924 -0.85073
   0.33295  0.04891 -0.87315
   0.31880  0.04852 -0.89734
   0.30465  0.04807 -0.92333
   0.29051  0.04755 -0.94962
   0.27638  0.04697 -0.97882
   0.26226  0.04632 -1.00977
   0.24816  0.04560 -1.04327
   0.23407  0.04481 -1.07971
   0.22000  0.04394 -1.11914
   0.20595  0.04298 -1.16226
   0.19193  0.04195 -1.21052
   0.17793  0.04082 -1.26290
   0.16397  0.03959 -1.32326
   0.15006  0.03826 -1.38945
   0.13619  0.03681 -1.46855
   0.12240  0.03523 -1.55755
   0.10869  0.03351 -1.66353
   0.09510  0.03164 -1.79049
   0.08166  0.02958 -1.94885
   0.06844  0.02731 -2.14634
   0.05557  0.02481 -2.40855
   0.04329  0.02207 -2.75616
   0.03213  0.01915 -3.25149
   0.02285  0.01624 -3.90296
   0.01586  0.01358 -4.73800
   0.01086  0.01127 -5.72874
   0.00728  0.00925 -6.90899
   0.00466  0.00741 -8.28091
   0.00273  0.00568 -9.84397
   0.00135  0.00400-11.58871
   0.00047  0.00234-12.45922
   0.00005  0.00076-12.32840
   0.00005 -0.00076-10.29501
   0.00047 -0.00234 -7.10208
   0.00135 -0.00400 -4.25008
   0.00273 -0.00568 -2.06336
   0.00466 -0.00741 -0.71422
   0.00728 -0.00925  0.11579
   0.01086 -0.01127  0.60537
   0.01586 -0.01358  0.87071
   0.02285 -0.01624  0.98336
   0.03213 -0.01915  0.99646
   0.04329 -0.02207  0.95847
   0.05557 -0.02481  0.90260
   0.06844 -0.02731  0.84488
   0.08165 -0.02958  0.79016
   0.09510 -0.03164  0.74032
   0.10869 -0.03351  0.69511
   0.12240 -0.03523  0.65421
   0.13619 -0.03681  0.61668
   0.15005 -0.03826  0.58306
   0.16397 -0.03959  0.55156
   0.17793 -0.04082  0.52300
   0.19193 -0.04195  0.49646
   0.20595 -0.04298  0.47154
   0.22000 -0.04394  0.44857
   0.23407 -0.04481  0.42697
   0.24816 -0.04560  0.40660
   0.26226 -0.04632  0.38753
   0.27638 -0.04697  0.36893
   0.29051 -0.04755  0.35232
   0.30465 -0.04807  0.33527
   0.31879 -0.04852  0.32003
   0.33295 -0.04891  0.30467
   0.34711 -0.04924  0.29075
   0.36127 -0.04951  0.27668
   0.37544 -0.04972  0.26353
   0.38961 -0.04987  0.25057
   0.40378 -0.04997  0.23835
   0.41794 -0.05000  0.22616
   0.43211 -0.04998  0.21482
   0.44628 -0.04989  0.20344
   0.46044 -0.04975  0.19245
   0.47460 -0.04955  0.18199
   0.48875 -0.04928  0.17128
   0.50290 -0.04895  0.16172
   0.51703 -0.04856  0.15108
   0.53115 -0.04810  0.14200
   0.54525 -0.04756  0.13213
   0.55933 -0.04695  0.12296
   0.57338 -0.04625  0.11467
   0.58738 -0.04546  0.10384
   0.60125 -0.04456  0.09704
   0.61513 -0.04351  0.10081
   0.62914 -0.04234  0.10406
   0.64318 -0.04108  0.10713
   0.65725 -0.03974  0.11175
   0.67135 -0.03834  0.11521
   0.68547 -0.03688  0.11913
   0.69961 -0.03537  0.12337
   0.71376 -0.03382  0.12759
   0.72793 -0.03224  0.13206
   0.74211 -0.03062  0.13549
   0.75630 -0.02898  0.14065
   0.77051 -0.02731  0.14374
   0.78473 -0.02563  0.14940
   0.79897 -0.02394  0.15257
   0.81322 -0.02224  0.15657
   0.82747 -0.02055  0.16118
   0.84172 -0.01885  0.16226
   0.85598 -0.01715  0.16715
   0.87023 -0.01546  0.17118
   0.88449 -0.01376  0.17374
   0.89874 -0.01206  0.17890
   0.91299 -0.01036  0.18446
   0.92723 -0.00867  0.19001
   0.94145 -0.00697  0.19734
   0.95565 -0.00528  0.21063
   0.96973 -0.00360  0.22312
   0.98310 -0.00201  0.24819
   0.99425 -0.00068  0.29211
   1.00000  0.00000  0.41243
