                                                
 Alfa =  10.00000 Re =  4000000.000 Xflap,Yflap =     0.000000    0.000000
#    x        y        Cp  
   1.00000  0.00000  0.29158
   0.99377  0.00069  0.22311
   0.98352  0.00188  0.18983
   0.97201  0.00328  0.16228
   0.95907  0.00495  0.13761
   0.94471  0.00692  0.11083
   0.92929  0.00916  0.08329
   0.91335  0.01160  0.05397
   0.89727  0.01417  0.02357
   0.88109  0.01685 -0.00664
   0.86475  0.01964 -0.03765
   0.84821  0.02252 -0.07056
   0.83154  0.02547 -0.10281
   0.81479  0.02847 -0.13580
   0.79801  0.03150 -0.17051
   0.78122  0.03456 -0.20602
   0.76442  0.03762 -0.24331
   0.74763  0.04067 -0.28093
   0.73087  0.04369 -0.31871
   0.71418  0.04666 -0.35833
   0.69755  0.04958 -0.39712
   0.68098  0.05243 -0.43650
   0.66446  0.05521 -0.47678
   0.64799  0.05791 -0.51730
   0.63156  0.06052 -0.55775
   0.61518  0.06304 -0.59922
   0.59884  0.06546 -0.64036
   0.58253  0.06777 -0.68233
   0.56625  0.06997 -0.72400
   0.55001  0.07205 -0.76713
   0.53380  0.07401 -0.81066
   0.51765  0.07584 -0.85481
   0.50154  0.07753 -0.89999
   0.48549  0.07907 -0.94381
   0.46947  0.08045 -0.98811
   0.45350  0.08168 -1.03285
   0.43757  0.08274 -1.07705
   0.42168  0.08363 -1.12186
   0.40585  0.08434 -1.16550
   0.39008  0.08486 -1.20952
   0.37438  0.08519 -1.25144
   0.35873  0.08532 -1.29198
   0.34312  0.08524 -1.32968
   0.32749  0.08496 -1.36262
   0.31184  0.08447 -1.39478
   0.29616  0.08378 -1.42816
   0.28050  0.08290 -1.46482
   0.26488  0.08182 -1.50224
   0.24933  0.08054 -1.54180
   0.23384  0.07906 -1.58075
   0.21841  0.07737 -1.62336
   0.20304  0.07547 -1.66689
   0.18777  0.07336 -1.71606
   0.17261  0.07104 -1.77039
   0.15762  0.06851 -1.82994
   0.14283  0.06577 -1.90022
   0.12831  0.06282 -1.98283
   0.11419  0.05965 -2.07444
   0.10057  0.05630 -2.17249
   0.08760  0.05279 -2.28487
   0.07550  0.04918 -2.41044
   0.06453  0.04561 -2.55858
   0.05480  0.04213 -2.71681
   0.04623  0.03876 -2.88767
   0.03869  0.03553 -3.07688
   0.03216  0.03246 -3.27474
   0.02661  0.02963 -3.48873
   0.02192  0.02704 -3.77911
   0.01796  0.02465 -4.15698
   0.01460  0.02240 -4.50293
   0.01174  0.02024 -4.79603
   0.00928  0.01814 -4.98008
   0.00716  0.01610 -5.15775
   0.00532  0.01413 -5.65922
   0.00376  0.01218 -6.13831
   0.00249  0.01020 -6.15328
   0.00150  0.00823 -6.04305
   0.00076  0.00629 -5.83737
   0.00026  0.00438 -5.56768
  -0.00001  0.00252 -5.17211
  -0.00005  0.00069 -4.65696
   0.00016 -0.00112 -3.87488
   0.00060 -0.00293 -2.99353
   0.00129 -0.00475 -2.15750
   0.00223 -0.00659 -1.41786
   0.00344 -0.00846 -0.79776
   0.00494 -0.01034 -0.29211
   0.00673 -0.01221  0.12225
   0.00882 -0.01404  0.43621
   0.01123 -0.01589  0.64567
   0.01399 -0.01778  0.79373
   0.01719 -0.01969  0.89668
   0.02094 -0.02165  0.96047
   0.02535 -0.02369  0.99229
   0.03056 -0.02589  0.99983
   0.03673 -0.02827  0.98864
   0.04398 -0.03082  0.96244
   0.05232 -0.03346  0.92543
   0.06182 -0.03619  0.88094
   0.07261 -0.03898  0.83162
   0.08469 -0.04181  0.77939
   0.09781 -0.04457  0.72686
   0.11169 -0.04719  0.67646
   0.12614 -0.04964  0.62929
   0.14104 -0.05189  0.58590
   0.15624 -0.05396  0.54533
   0.17165 -0.05585  0.50674
   0.18718 -0.05756  0.47070
   0.20280 -0.05907  0.43719
   0.21848 -0.06040  0.40635
   0.23423 -0.06155  0.37744
   0.25003 -0.06252  0.35101
   0.26589 -0.06332  0.32608
   0.28180 -0.06395  0.30310
   0.29773 -0.06441  0.28180
   0.31365 -0.06470  0.26133
   0.32954 -0.06482  0.24232
   0.34538 -0.06476  0.22524
   0.36120 -0.06452  0.21151
   0.37706 -0.06409  0.20064
   0.39299 -0.06349  0.19189
   0.40898 -0.06272  0.18460
   0.42504 -0.06179  0.17900
   0.44114 -0.06071  0.17468
   0.45729 -0.05949  0.17214
   0.47348 -0.05812  0.17032
   0.48972 -0.05663  0.17021
   0.50602 -0.05501  0.17135
   0.52237 -0.05327  0.17293
   0.53878 -0.05142  0.17555
   0.55524 -0.04948  0.17931
   0.57175 -0.04744  0.18314
   0.58832 -0.04532  0.18811
   0.60492 -0.04311  0.19352
   0.62158 -0.04084  0.19948
   0.63827 -0.03851  0.20605
   0.65503 -0.03612  0.21305
   0.67185 -0.03368  0.22089
   0.68873 -0.03121  0.22891
   0.70565 -0.02870  0.23864
   0.72257 -0.02620  0.24693
   0.73944 -0.02371  0.25661
   0.75626 -0.02125  0.26580
   0.77301 -0.01884  0.27504
   0.78968 -0.01649  0.28412
   0.80626 -0.01421  0.29322
   0.82271 -0.01202  0.30224
   0.83903 -0.00995  0.31116
   0.85522 -0.00801  0.31887
   0.87130 -0.00620  0.32586
   0.88726 -0.00454  0.33229
   0.90303 -0.00303  0.34078
   0.91849 -0.00172  0.35109
   0.93342 -0.00066  0.35948
   0.94756  0.00007  0.36335
   0.96069  0.00047  0.36042
   0.97273  0.00059  0.34990
   0.98373  0.00050  0.33528
   0.99377  0.00024  0.31782
   1.00000  0.00000  0.29158
