                                                
 Alfa =  10.00000 Re =  4000000.000 Xflap,Yflap =     0.000000    0.000000
#    x        y        Cp  
   1.00000  0.00000  0.34641
   0.99421  0.00016  0.33209
   0.98345  0.00078  0.28406
   0.97084  0.00184  0.24089
   0.95726  0.00322  0.20247
   0.94320  0.00481  0.17137
   0.92894  0.00654  0.14505
   0.91464  0.00836  0.12068
   0.90032  0.01027  0.09998
   0.88601  0.01226  0.07703
   0.87170  0.01434  0.05550
   0.85739  0.01650  0.03353
   0.84307  0.01874  0.00917
   0.82874  0.02105 -0.01527
   0.81438  0.02342 -0.04077
   0.80001  0.02586 -0.06711
   0.78561  0.02835 -0.09491
   0.77120  0.03088 -0.12327
   0.75677  0.03345 -0.15233
   0.74231  0.03605 -0.18408
   0.72783  0.03867 -0.21504
   0.71333  0.04132 -0.24851
   0.69883  0.04397 -0.28318
   0.68433  0.04662 -0.32020
   0.66986  0.04926 -0.35865
   0.65541  0.05187 -0.39787
   0.64098  0.05446 -0.43902
   0.62659  0.05699 -0.48283
   0.61223  0.05947 -0.52788
   0.59793  0.06187 -0.57616
   0.58370  0.06418 -0.62512
   0.56952  0.06638 -0.67373
   0.55540  0.06845 -0.72003
   0.54129  0.07039 -0.76487
   0.52720  0.07218 -0.80887
   0.51311  0.07383 -0.84922
   0.49902  0.07533 -0.88700
   0.48491  0.07667 -0.92405
   0.47079  0.07787 -0.95891
   0.45666  0.07891 -0.99139
   0.44253  0.07979 -1.02448
   0.42839  0.08052 -1.05331
   0.41424  0.08109 -1.08192
   0.40007  0.08151 -1.10816
   0.38588  0.08179 -1.13398
   0.37167  0.08191 -1.15830
   0.35743  0.08190 -1.18457
   0.34319  0.08175 -1.21037
   0.32894  0.08146 -1.23790
   0.31470  0.08104 -1.26876
   0.30049  0.08048 -1.30072
   0.28631  0.07978 -1.33419
   0.27215  0.07893 -1.36750
   0.25801  0.07794 -1.40242
   0.24389  0.07679 -1.43979
   0.22981  0.07548 -1.48100
   0.21579  0.07402 -1.52488
   0.20183  0.07238 -1.57117
   0.18793  0.07056 -1.61958
   0.17411  0.06856 -1.67237
   0.16036  0.06636 -1.72917
   0.14672  0.06395 -1.79359
   0.13322  0.06133 -1.86347
   0.11986  0.05847 -1.93943
   0.10668  0.05536 -2.02435
   0.09371  0.05198 -2.12225
   0.08102  0.04832 -2.23441
   0.06870  0.04437 -2.36789
   0.05689  0.04013 -2.52091
   0.04572  0.03561 -2.70431
   0.03546  0.03088 -2.91491
   0.02660  0.02620 -3.20432
   0.01943  0.02180 -3.48921
   0.01388  0.01781 -3.74282
   0.00973  0.01437 -4.00554
   0.00665  0.01146 -4.45391
   0.00437  0.00895 -5.06823
   0.00272  0.00670 -5.44007
   0.00153  0.00462 -5.66389
   0.00070  0.00270 -6.12477
   0.00021  0.00095 -6.69855
   0.00009 -0.00063 -7.03076
   0.00036 -0.00208 -6.01421
   0.00107 -0.00344 -3.55696
   0.00223 -0.00480 -1.62158
   0.00394 -0.00622 -0.38540
   0.00633 -0.00780  0.29462
   0.00962 -0.00960  0.68580
   0.01400 -0.01150  0.90141
   0.01934 -0.01342  0.98410
   0.02602 -0.01548  0.99904
   0.03501 -0.01777  0.96940
   0.04644 -0.02012  0.91259
   0.05878 -0.02218  0.85214
   0.07164 -0.02397  0.79508
   0.08510 -0.02554  0.74263
   0.09891 -0.02689  0.69635
   0.11286 -0.02804  0.65587
   0.12692 -0.02902  0.62041
   0.14111 -0.02985  0.58915
   0.15542 -0.03057  0.56068
   0.16979 -0.03118  0.53486
   0.18419 -0.03168  0.51218
   0.19863 -0.03210  0.49056
   0.21310 -0.03244  0.47187
   0.22762 -0.03271  0.45433
   0.24216 -0.03292  0.43815
   0.25673 -0.03307  0.42298
   0.27132 -0.03317  0.40920
   0.28593 -0.03322  0.39593
   0.30055 -0.03322  0.38350
   0.31517 -0.03319  0.37206
   0.32981 -0.03312  0.36053
   0.34446 -0.03302  0.35062
   0.35912 -0.03288  0.34046
   0.37379 -0.03271  0.33114
   0.38846 -0.03252  0.32188
   0.40314 -0.03229  0.31299
   0.41782 -0.03204  0.30472
   0.43250 -0.03177  0.29637
   0.44719 -0.03148  0.28894
   0.46187 -0.03116  0.28152
   0.47657 -0.03082  0.27392
   0.49126 -0.03046  0.26681
   0.50597 -0.03007  0.25992
   0.52067 -0.02967  0.25408
   0.53537 -0.02926  0.24682
   0.55008 -0.02882  0.24025
   0.56478 -0.02837  0.23419
   0.57948 -0.02790  0.22707
   0.59417 -0.02741  0.22226
   0.60887 -0.02690  0.21554
   0.62357 -0.02637  0.21004
   0.63827 -0.02582  0.20432
   0.65296 -0.02526  0.19828
   0.66766 -0.02468  0.19300
   0.68235 -0.02407  0.18772
   0.69705 -0.02345  0.18220
   0.71173 -0.02282  0.17562
   0.72642 -0.02215  0.17089
   0.74109 -0.02147  0.16529
   0.75576 -0.02077  0.15949
   0.77042 -0.02004  0.15386
   0.78506 -0.01928  0.14816
   0.79970 -0.01850  0.14322
   0.81433 -0.01768  0.13700
   0.82894 -0.01683  0.13228
   0.84353 -0.01594  0.12565
   0.85810 -0.01500  0.12043
   0.87262 -0.01402  0.11278
   0.88709 -0.01298  0.10747
   0.90144 -0.01186  0.09888
   0.91563 -0.01064  0.09403
   0.92958 -0.00927  0.09289
   0.94331 -0.00772  0.10299
   0.95695 -0.00594  0.13162
   0.97057 -0.00396  0.18201
   0.98343 -0.00203  0.25348
   0.99424 -0.00059  0.32414
   1.00000  0.00000  0.34641
