                                                
 Alfa =  10.00000 Re =  4000000.000 Xflap,Yflap =     0.000000    0.000000
#    x        y        Cp  
   1.00000  0.00300  0.35962
   0.99498  0.00430  0.18039
   0.98664  0.00642  0.09786
   0.97711  0.00876  0.03125
   0.96612  0.01137 -0.03225
   0.95347  0.01424 -0.08887
   0.93938  0.01727 -0.13689
   0.92507  0.02020 -0.18104
   0.91066  0.02301 -0.21293
   0.89623  0.02569 -0.24633
   0.88212  0.02821 -0.27559
   0.86815  0.03060 -0.30080
   0.85420  0.03290 -0.32633
   0.84018  0.03511 -0.35038
   0.82603  0.03726 -0.37115
   0.81171  0.03935 -0.39349
   0.79723  0.04138 -0.41185
   0.78263  0.04335 -0.43103
   0.76794  0.04525 -0.44839
   0.75323  0.04708 -0.46610
   0.73850  0.04885 -0.48174
   0.72379  0.05056 -0.49782
   0.70910  0.05221 -0.51376
   0.69441  0.05380 -0.52799
   0.67974  0.05536 -0.54612
   0.66504  0.05687 -0.56031
   0.65033  0.05835 -0.57840
   0.63559  0.05980 -0.59577
   0.62082  0.06123 -0.61378
   0.60604  0.06263 -0.63457
   0.59126  0.06402 -0.65883
   0.57648  0.06538 -0.68474
   0.56173  0.06671 -0.71487
   0.54701  0.06799 -0.74270
   0.53231  0.06922 -0.77397
   0.51765  0.07039 -0.80432
   0.50301  0.07148 -0.83249
   0.48839  0.07250 -0.86019
   0.47377  0.07344 -0.88419
   0.45916  0.07430 -0.90812
   0.44453  0.07510 -0.93305
   0.42988  0.07585 -0.95829
   0.41520  0.07654 -0.98619
   0.40047  0.07718 -1.01537
   0.38568  0.07778 -1.05083
   0.37083  0.07834 -1.08940
   0.35597  0.07885 -1.13136
   0.34114  0.07929 -1.17777
   0.32629  0.07968 -1.22913
   0.31143  0.08000 -1.28499
   0.29669  0.08025 -1.35076
   0.28216  0.08041 -1.42886
   0.26789  0.08045 -1.51184
   0.25386  0.08035 -1.59778
   0.24003  0.08008 -1.68527
   0.22633  0.07960 -1.76988
   0.21265  0.07889 -1.85288
   0.19883  0.07790 -1.92043
   0.18471  0.07660 -1.96051
   0.17018  0.07500 -1.99951
   0.15543  0.07320 -2.05945
   0.14103  0.07132 -2.20819
   0.12745  0.06935 -2.41774
   0.11465  0.06716 -2.62297
   0.10226  0.06454 -2.78530
   0.08965  0.06127 -2.76646
   0.07627  0.05738 -2.75725
   0.06292  0.05335 -3.21627
   0.05119  0.04919 -3.70944
   0.04146  0.04481 -3.78973
   0.03306  0.04034 -3.78930
   0.02469  0.03530 -3.90331
   0.01462  0.02833 -4.26473
   0.00907  0.02394 -4.93693
   0.00597  0.02120 -5.80664
   0.00386  0.01909 -6.75443
   0.00234  0.01731 -7.85585
   0.00123  0.01574 -9.14179
   0.00045  0.01432-10.61552
  -0.00004  0.01301-12.02884
  -0.00025  0.01178-12.92768
  -0.00017  0.01062-12.36244
   0.00022  0.00950 -9.48178
   0.00095  0.00840 -5.93447
   0.00205  0.00731 -3.29311
   0.00358  0.00620 -1.52866
   0.00568  0.00502 -0.39905
   0.00869  0.00371  0.31802
   0.01343  0.00212  0.75720
   0.02128  0.00042  0.97031
   0.02962 -0.00026  0.99915
   0.03827 -0.00027  0.97828
   0.04880 -0.00002  0.94725
   0.06147 -0.00006  0.90154
   0.07369 -0.00004  0.84816
   0.08534  0.00066  0.82176
   0.09766  0.00180  0.81354
   0.11121  0.00277  0.79581
   0.12561  0.00338  0.76869
   0.14026  0.00377  0.73889
   0.15481  0.00413  0.71287
   0.16927  0.00456  0.69482
   0.18374  0.00502  0.68037
   0.19826  0.00545  0.66751
   0.21286  0.00579  0.65316
   0.22753  0.00604  0.63776
   0.24226  0.00621  0.62240
   0.25702  0.00633  0.60690
   0.27183  0.00640  0.59193
   0.28666  0.00645  0.57684
   0.30150  0.00651  0.56352
   0.31636  0.00657  0.55144
   0.33123  0.00664  0.54047
   0.34610  0.00672  0.53039
   0.36098  0.00681  0.52110
   0.37585  0.00689  0.51174
   0.39071  0.00696  0.50377
   0.40557  0.00702  0.49589
   0.42042  0.00707  0.48775
   0.43527  0.00710  0.47948
   0.45010  0.00711  0.47262
   0.46493  0.00711  0.46454
   0.47975  0.00708  0.45780
   0.49458  0.00703  0.44900
   0.50940  0.00695  0.44231
   0.52423  0.00685  0.43406
   0.53907  0.00673  0.42544
   0.55391  0.00660  0.41668
   0.56876  0.00647  0.40995
   0.58363  0.00634  0.40059
   0.59849  0.00621  0.39442
   0.61335  0.00610  0.38727
   0.62820  0.00599  0.38215
   0.64305  0.00589  0.37585
   0.65789  0.00579  0.37114
   0.67273  0.00569  0.36585
   0.68758  0.00559  0.36168
   0.70244  0.00548  0.35618
   0.71733  0.00536  0.35306
   0.73219  0.00523  0.34709
   0.74703  0.00509  0.34302
   0.76184  0.00492  0.33757
   0.77667  0.00474  0.33430
   0.79154  0.00453  0.32767
   0.80636  0.00430  0.32280
   0.82103  0.00404  0.31511
   0.83556  0.00377  0.31067
   0.84995  0.00349  0.30444
   0.86427  0.00320  0.29749
   0.87862  0.00292  0.29107
   0.89313  0.00263  0.28634
   0.90788  0.00235  0.28450
   0.92232  0.00208  0.28311
   0.93658  0.00180  0.28023
   0.95112  0.00147  0.28212
   0.96456  0.00113  0.27873
   0.97617  0.00079  0.28285
   0.98614  0.00048  0.28515
   0.99480  0.00018  0.29998
   1.00000  0.00000  0.35962
