                                                
 Alfa =  10.00000 Re =  4000000.000 Xflap,Yflap =     0.000000    0.000000
#    x        y        Cp  
   1.00000  0.00000  0.27058
   0.99414  0.00068  0.17855
   0.98198  0.00213  0.12169
   0.96871  0.00373  0.08526
   0.95508  0.00545  0.05612
   0.94124  0.00728  0.02049
   0.92734  0.00917 -0.01633
   0.91346  0.01107 -0.04863
   0.89963  0.01293 -0.07976
   0.88583  0.01473 -0.09945
   0.87203  0.01649 -0.11354
   0.85820  0.01826 -0.12720
   0.84435  0.02007 -0.14743
   0.83047  0.02191 -0.17393
   0.81656  0.02378 -0.20119
   0.80265  0.02564 -0.22901
   0.78873  0.02748 -0.25498
   0.77482  0.02929 -0.27787
   0.76091  0.03106 -0.30395
   0.74701  0.03280 -0.32666
   0.73311  0.03450 -0.34949
   0.71920  0.03616 -0.37163
   0.70527  0.03779 -0.39478
   0.69134  0.03939 -0.41633
   0.67740  0.04095 -0.44207
   0.66348  0.04248 -0.46722
   0.64957  0.04396 -0.49353
   0.63568  0.04539 -0.51933
   0.62179  0.04677 -0.54643
   0.60792  0.04808 -0.57105
   0.59404  0.04933 -0.59770
   0.58017  0.05051 -0.62359
   0.56631  0.05162 -0.64823
   0.55247  0.05265 -0.67403
   0.53865  0.05360 -0.69719
   0.52485  0.05446 -0.72216
   0.51106  0.05523 -0.74304
   0.49725  0.05591 -0.76124
   0.48340  0.05649 -0.77514
   0.46949  0.05700 -0.78772
   0.45550  0.05745 -0.80085
   0.44146  0.05786 -0.81578
   0.42740  0.05825 -0.84064
   0.41338  0.05860 -0.87149
   0.39943  0.05890 -0.90678
   0.38555  0.05914 -0.94239
   0.37174  0.05927 -0.97639
   0.35796  0.05930 -1.00310
   0.34417  0.05923 -1.02749
   0.33035  0.05906 -1.05053
   0.31650  0.05880 -1.07388
   0.30261  0.05845 -1.09918
   0.28872  0.05803 -1.12734
   0.27484  0.05753 -1.15912
   0.26097  0.05696 -1.19246
   0.24709  0.05632 -1.23144
   0.23317  0.05560 -1.27457
   0.21921  0.05480 -1.32547
   0.20525  0.05393 -1.38372
   0.19139  0.05298 -1.45928
   0.17773  0.05195 -1.55551
   0.16433  0.05077 -1.65716
   0.15112  0.04940 -1.75871
   0.13798  0.04776 -1.83903
   0.12474  0.04583 -1.90730
   0.11139  0.04363 -1.97946
   0.09814  0.04121 -2.07834
   0.08527  0.03863 -2.21571
   0.07273  0.03585 -2.38482
   0.06005  0.03272 -2.64286
   0.04703  0.02901 -3.00251
   0.03555  0.02505 -3.32765
   0.02668  0.02145 -3.60819
   0.01906  0.01800 -4.04712
   0.01102  0.01381 -5.77495
   0.00570  0.00988 -7.03518
   0.00310  0.00727 -7.93340
   0.00154  0.00529 -9.39099
   0.00058  0.00363-10.99346
   0.00005  0.00217-12.55385
  -0.00010  0.00081-13.05484
   0.00015 -0.00049-10.36465
   0.00085 -0.00181 -5.96864
   0.00209 -0.00323 -2.87932
   0.00409 -0.00490 -0.95648
   0.00754 -0.00716  0.13782
   0.01410 -0.01019  0.80019
   0.02122 -0.01246  0.96882
   0.02864 -0.01432  0.99997
   0.03834 -0.01624  0.97965
   0.05132 -0.01829  0.92740
   0.06466 -0.01999  0.87351
   0.07774 -0.02143  0.82487
   0.09069 -0.02270  0.78111
   0.10420 -0.02392  0.73902
   0.11817 -0.02508  0.69741
   0.13206 -0.02610  0.65868
   0.14569 -0.02695  0.62463
   0.15919 -0.02760  0.59797
   0.17279 -0.02811  0.57645
   0.18661 -0.02852  0.55759
   0.20066 -0.02891  0.53862
   0.21473 -0.02927  0.51837
   0.22882 -0.02962  0.49757
   0.24284 -0.02992  0.47876
   0.25678 -0.03016  0.46018
   0.27070 -0.03035  0.44499
   0.28463 -0.03048  0.42962
   0.29861 -0.03056  0.41616
   0.31262 -0.03061  0.40141
   0.32662 -0.03062  0.38675
   0.34058 -0.03057  0.37293
   0.35449 -0.03046  0.35889
   0.36835 -0.03028  0.34830
   0.38221 -0.03001  0.33834
   0.39610 -0.02966  0.33223
   0.41005 -0.02926  0.32652
   0.42405 -0.02880  0.32095
   0.43810 -0.02831  0.31426
   0.45215 -0.02780  0.30783
   0.46619 -0.02726  0.29926
   0.48020 -0.02669  0.29237
   0.49416 -0.02607  0.28499
   0.50810 -0.02540  0.27903
   0.52201 -0.02468  0.27506
   0.53593 -0.02390  0.27168
   0.54986 -0.02307  0.26817
   0.56380 -0.02218  0.26693
   0.57776 -0.02126  0.26553
   0.59173 -0.02028  0.26541
   0.60572 -0.01927  0.26568
   0.61972 -0.01823  0.26651
   0.63373 -0.01716  0.26851
   0.64774 -0.01607  0.26998
   0.66176 -0.01497  0.27340
   0.67577 -0.01387  0.27544
   0.68978 -0.01278  0.27829
   0.70378 -0.01171  0.27944
   0.71779 -0.01068  0.28139
   0.73178 -0.00966  0.28097
   0.74578 -0.00868  0.28240
   0.75977 -0.00773  0.28291
   0.77377 -0.00681  0.28400
   0.78776 -0.00593  0.28349
   0.80173 -0.00509  0.28450
   0.81568 -0.00430  0.28428
   0.82959 -0.00357  0.28547
   0.84347 -0.00290  0.28512
   0.85734 -0.00231  0.28261
   0.87125 -0.00178  0.27769
   0.88521 -0.00132  0.27299
   0.89920 -0.00091  0.26857
   0.91316 -0.00054  0.26696
   0.92706 -0.00024  0.26408
   0.94093 -0.00001  0.26159
   0.95480  0.00013  0.25821
   0.96852  0.00016  0.24742
   0.98186  0.00012  0.23984
   0.99410  0.00004  0.24412
   1.00000  0.00000  0.27058
