                                                
 Alfa =  10.00000 Re =  4000000.000 Xflap,Yflap =     0.000000    0.000000
#    x        y        Cp  
   1.00000  0.00000  0.26246
   0.99417  0.00021  0.21814
   0.98461  0.00064  0.19715
   0.97390  0.00121  0.18055
   0.96189  0.00198  0.16577
   0.94854  0.00300  0.14652
   0.93413  0.00428  0.12286
   0.91919  0.00577  0.09462
   0.90415  0.00740  0.06522
   0.88917  0.00910  0.03959
   0.87419  0.01086  0.01503
   0.85916  0.01268 -0.00994
   0.84405  0.01457 -0.03418
   0.82887  0.01651 -0.06055
   0.81365  0.01849 -0.08728
   0.79840  0.02050 -0.11358
   0.78313  0.02253 -0.14117
   0.76786  0.02457 -0.16873
   0.75258  0.02661 -0.19732
   0.73731  0.02863 -0.22403
   0.72205  0.03064 -0.25321
   0.70680  0.03262 -0.28054
   0.69159  0.03458 -0.30941
   0.67639  0.03650 -0.33824
   0.66122  0.03838 -0.36690
   0.64607  0.04021 -0.39659
   0.63094  0.04200 -0.42605
   0.61582  0.04373 -0.45615
   0.60071  0.04540 -0.48597
   0.58562  0.04702 -0.51653
   0.57053  0.04856 -0.54795
   0.55547  0.05004 -0.57982
   0.54042  0.05144 -0.61183
   0.52541  0.05276 -0.64488
   0.51043  0.05400 -0.67849
   0.49546  0.05514 -0.71161
   0.48049  0.05618 -0.74523
   0.46551  0.05712 -0.77865
   0.45056  0.05795 -0.81456
   0.43570  0.05867 -0.85304
   0.42098  0.05925 -0.89282
   0.40636  0.05968 -0.92771
   0.39178  0.05993 -0.95321
   0.37711  0.06000 -0.96840
   0.36231  0.05993 -0.98061
   0.34736  0.05974 -0.99705
   0.33237  0.05945 -1.02072
   0.31741  0.05905 -1.04768
   0.30251  0.05854 -1.07587
   0.28767  0.05791 -1.10261
   0.27282  0.05715 -1.12927
   0.25797  0.05628 -1.15796
   0.24310  0.05528 -1.18890
   0.22824  0.05418 -1.22394
   0.21340  0.05295 -1.26203
   0.19861  0.05160 -1.30511
   0.18386  0.05012 -1.35320
   0.16917  0.04852 -1.40758
   0.15454  0.04677 -1.46859
   0.14001  0.04488 -1.53969
   0.12561  0.04284 -1.62239
   0.11135  0.04062 -1.71633
   0.09727  0.03823 -1.83118
   0.08343  0.03564 -1.97227
   0.07014  0.03291 -2.15210
   0.05782  0.03008 -2.37614
   0.04654  0.02717 -2.64447
   0.03634  0.02419 -2.97960
   0.02787  0.02138 -3.38082
   0.02129  0.01894 -3.97560
   0.01625  0.01678 -4.66535
   0.01232  0.01480 -5.31750
   0.00919  0.01294 -5.96780
   0.00666  0.01117 -6.91903
   0.00461  0.00941 -7.89108
   0.00299  0.00759 -8.19150
   0.00177  0.00582 -8.38541
   0.00090  0.00410 -8.47073
   0.00033  0.00244 -8.32214
   0.00004  0.00081 -7.83629
   0.00004 -0.00081 -6.66956
   0.00033 -0.00244 -5.09959
   0.00090 -0.00410 -3.62815
   0.00177 -0.00582 -2.36588
   0.00299 -0.00759 -1.35455
   0.00461 -0.00941 -0.56048
   0.00666 -0.01117  0.08450
   0.00919 -0.01294  0.49704
   0.01232 -0.01480  0.74547
   0.01625 -0.01678  0.89828
   0.02129 -0.01894  0.97732
   0.02787 -0.02138  1.00000
   0.03634 -0.02419  0.98288
   0.04654 -0.02717  0.94003
   0.05782 -0.03008  0.88648
   0.07014 -0.03291  0.83000
   0.08343 -0.03564  0.77383
   0.09727 -0.03823  0.72037
   0.11135 -0.04062  0.67124
   0.12561 -0.04284  0.62592
   0.14001 -0.04488  0.58469
   0.15454 -0.04677  0.54652
   0.16917 -0.04852  0.51111
   0.18386 -0.05012  0.47822
   0.19861 -0.05160  0.44770
   0.21340 -0.05295  0.41868
   0.22824 -0.05418  0.39159
   0.24310 -0.05528  0.36567
   0.25797 -0.05628  0.34099
   0.27282 -0.05715  0.31750
   0.28767 -0.05791  0.29542
   0.30251 -0.05854  0.27477
   0.31741 -0.05905  0.25617
   0.33237 -0.05945  0.23818
   0.34736 -0.05974  0.22089
   0.36231 -0.05993  0.20123
   0.37711 -0.06000  0.18149
   0.39178 -0.05993  0.16404
   0.40636 -0.05968  0.15118
   0.42098 -0.05925  0.14494
   0.43570 -0.05867  0.14050
   0.45056 -0.05795  0.13775
   0.46551 -0.05712  0.13445
   0.48049 -0.05618  0.13115
   0.49546 -0.05514  0.12842
   0.51043 -0.05400  0.12760
   0.52541 -0.05276  0.12678
   0.54042 -0.05144  0.12660
   0.55547 -0.05004  0.12813
   0.57053 -0.04856  0.12857
   0.58562 -0.04702  0.13037
   0.60071 -0.04540  0.13241
   0.61582 -0.04373  0.13468
   0.63094 -0.04200  0.13773
   0.64607 -0.04021  0.14060
   0.66122 -0.03838  0.14458
   0.67639 -0.03650  0.14928
   0.69159 -0.03458  0.15371
   0.70680 -0.03262  0.15802
   0.72205 -0.03064  0.16387
   0.73730 -0.02863  0.16894
   0.75258 -0.02661  0.17494
   0.76786 -0.02457  0.18118
   0.78313 -0.02253  0.18789
   0.79840 -0.02050  0.19500
   0.81365 -0.01849  0.20180
   0.82887 -0.01651  0.20812
   0.84405 -0.01457  0.21513
   0.85916 -0.01268  0.22093
   0.87419 -0.01086  0.22762
   0.88917 -0.00910  0.23338
   0.90415 -0.00740  0.24148
   0.91919 -0.00577  0.24973
   0.93413 -0.00428  0.25925
   0.94854 -0.00300  0.26443
   0.96189 -0.00198  0.26437
   0.97390 -0.00121  0.26101
   0.98461 -0.00064  0.25786
   0.99417 -0.00021  0.25548
   1.00000  0.00000  0.26246
