                                                
 Alfa =  10.00000 Re =  4000000.000 Xflap,Yflap =     0.000000    0.000000
#    x        y        Cp  
   1.00000  0.00000  0.52476
   0.99381  0.00162  0.36568
   0.98334  0.00437  0.30817
   0.97169  0.00766  0.23199
   0.95870  0.01137  0.16108
   0.94438  0.01532  0.13418
   0.92903  0.01959  0.09884
   0.91301  0.02416  0.05450
   0.89657  0.02893  0.00556
   0.87988  0.03378 -0.04199
   0.86300  0.03863 -0.07793
   0.84597  0.04351 -0.11086
   0.82884  0.04843 -0.15012
   0.81168  0.05339 -0.19056
   0.79455  0.05832 -0.22826
   0.77756  0.06319 -0.25940
   0.76077  0.06806 -0.29539
   0.74417  0.07297 -0.34695
   0.72768  0.07788 -0.40888
   0.71122  0.08274 -0.47101
   0.69470  0.08750 -0.52323
   0.67807  0.09217 -0.56945
   0.66128  0.09678 -0.61266
   0.64430  0.10134 -0.65615
   0.62713  0.10589 -0.69909
   0.60979  0.11044 -0.74741
   0.59235  0.11498 -0.80102
   0.57487  0.11953 -0.86191
   0.55739  0.12406 -0.93285
   0.53991  0.12860 -1.01747
   0.52247  0.13312 -1.11943
   0.50529  0.13754 -1.23868
   0.48871  0.14175 -1.39198
   0.47298  0.14560 -1.56695
   0.45806  0.14899 -1.74163
   0.44376  0.15190 -1.90023
   0.42986  0.15434 -2.03054
   0.41616  0.15635 -2.14153
   0.40251  0.15795 -2.23697
   0.38877  0.15915 -2.30654
   0.37482  0.15995 -2.34558
   0.36058  0.16037 -2.36938
   0.34604  0.16044 -2.38869
   0.33127  0.16017 -2.41682
   0.31642  0.15960 -2.45536
   0.30159  0.15870 -2.49411
   0.28684  0.15748 -2.53451
   0.27217  0.15595 -2.57452
   0.25759  0.15409 -2.61489
   0.24311  0.15192 -2.65707
   0.22876  0.14942 -2.70163
   0.21460  0.14662 -2.74760
   0.20067  0.14350 -2.79595
   0.18706  0.14008 -2.84997
   0.17381  0.13637 -2.90446
   0.16096  0.13236 -2.95176
   0.14850  0.12802 -2.98187
   0.13642  0.12336 -2.99831
   0.12470  0.11837 -2.99907
   0.11330  0.11302 -2.97844
   0.10221  0.10731 -2.93877
   0.09147  0.10130 -2.89153
   0.08116  0.09503 -2.84618
   0.07139  0.08860 -2.80363
   0.06226  0.08208 -2.75210
   0.05381  0.07556 -2.69754
   0.04610  0.06911 -2.63735
   0.03918  0.06285 -2.57367
   0.03307  0.05687 -2.51757
   0.02773  0.05125 -2.46581
   0.02313  0.04599 -2.40673
   0.01917  0.04110 -2.34952
   0.01577  0.03657 -2.30283
   0.01287  0.03238 -2.25518
   0.01042  0.02853 -2.20510
   0.00836  0.02497 -2.14788
   0.00663  0.02170 -2.09272
   0.00518  0.01867 -2.03072
   0.00397  0.01584 -1.96058
   0.00294  0.01317 -1.88636
   0.00208  0.01063 -1.81506
   0.00136  0.00820 -1.75064
   0.00076  0.00586 -1.75753
   0.00029  0.00361 -1.81061
  -0.00001  0.00146 -1.85869
  -0.00010 -0.00058 -1.84298
   0.00004 -0.00253 -1.73407
   0.00043 -0.00439 -1.47139
   0.00113 -0.00616 -1.00409
   0.00214 -0.00785 -0.47486
   0.00345 -0.00943 -0.03040
   0.00502 -0.01088  0.32156
   0.00686 -0.01214  0.59095
   0.00895 -0.01317  0.78580
   0.01132 -0.01397  0.90632
   0.01400 -0.01458  0.96885
   0.01703 -0.01505  0.99429
   0.02044 -0.01546  1.00000
   0.02425 -0.01595  0.99607
   0.02852 -0.01656  0.98550
   0.03333 -0.01726  0.96889
   0.03880 -0.01799  0.94639
   0.04513 -0.01870  0.92019
   0.05259 -0.01938  0.89129
   0.06153 -0.02005  0.86004
   0.07220 -0.02072  0.82540
   0.08458 -0.02137  0.78935
   0.09838 -0.02197  0.75332
   0.11333 -0.02248  0.71842
   0.12915 -0.02287  0.68664
   0.14563 -0.02312  0.65855
   0.16261 -0.02326  0.63330
   0.17991 -0.02332  0.61011
   0.19742 -0.02330  0.58914
   0.21507 -0.02321  0.56981
   0.23281 -0.02307  0.55236
   0.25063 -0.02287  0.53606
   0.26851 -0.02263  0.52107
   0.28644 -0.02236  0.50730
   0.30441 -0.02204  0.49429
   0.32241 -0.02170  0.48248
   0.34044 -0.02133  0.47098
   0.35849 -0.02093  0.46065
   0.37657 -0.02052  0.45059
   0.39467 -0.02008  0.44113
   0.41279 -0.01963  0.43201
   0.43093 -0.01916  0.42370
   0.44907 -0.01868  0.41555
   0.46722 -0.01819  0.40743
   0.48536 -0.01769  0.39964
   0.50349 -0.01717  0.39310
   0.52164 -0.01664  0.38607
   0.53980 -0.01610  0.38003
   0.55799 -0.01555  0.37406
   0.57620 -0.01500  0.36821
   0.59442 -0.01444  0.36219
   0.61263 -0.01388  0.35683
   0.63085 -0.01331  0.35161
   0.64906 -0.01274  0.34591
   0.66726 -0.01217  0.34114
   0.68546 -0.01159  0.33586
   0.70366 -0.01100  0.33177
   0.72185 -0.01041  0.32720
   0.74003 -0.00982  0.32284
   0.75821 -0.00921  0.31863
   0.77637 -0.00860  0.31596
   0.79454 -0.00798  0.31222
   0.81270 -0.00735  0.30944
   0.83084 -0.00671  0.30734
   0.84898 -0.00606  0.30582
   0.86710 -0.00540  0.30510
   0.88518 -0.00473  0.30455
   0.90313 -0.00407  0.30525
   0.92080 -0.00342  0.30617
   0.93792 -0.00276  0.30970
   0.95417 -0.00210  0.31568
   0.96911 -0.00144  0.33115
   0.98234 -0.00081  0.36185
   0.99357 -0.00027  0.41205
   1.00000  0.00000  0.52476
