                                                
 Alfa =  10.00000 Re =  4000000.000 Xflap,Yflap =     0.000000    0.000000
#    x        y        Cp  
   1.00000  0.00000  0.33251
   0.99338  0.00045  0.28563
   0.98190  0.00157  0.19151
   0.96869  0.00298  0.12436
   0.95438  0.00445  0.08301
   0.93942  0.00589  0.05879
   0.92404  0.00731  0.04430
   0.90844  0.00875  0.02969
   0.89277  0.01023  0.01395
   0.87711  0.01175 -0.00256
   0.86145  0.01331 -0.01927
   0.84577  0.01491 -0.03660
   0.83008  0.01656 -0.05427
   0.81439  0.01824 -0.07190
   0.79869  0.01997 -0.09038
   0.78299  0.02172 -0.10953
   0.76728  0.02351 -0.12901
   0.75155  0.02534 -0.14908
   0.73581  0.02719 -0.17025
   0.72005  0.02906 -0.19180
   0.70428  0.03095 -0.21386
   0.68849  0.03287 -0.23672
   0.67270  0.03479 -0.26006
   0.65689  0.03673 -0.28523
   0.64108  0.03867 -0.31046
   0.62527  0.04062 -0.33752
   0.60947  0.04256 -0.36466
   0.59367  0.04449 -0.39328
   0.57788  0.04640 -0.42244
   0.56212  0.04830 -0.45296
   0.54637  0.05018 -0.48497
   0.53066  0.05202 -0.51839
   0.51496  0.05384 -0.55313
   0.49930  0.05561 -0.58922
   0.48366  0.05733 -0.62703
   0.46804  0.05900 -0.66569
   0.45245  0.06062 -0.70681
   0.43689  0.06217 -0.74981
   0.42137  0.06364 -0.79509
   0.40589  0.06503 -0.84180
   0.39045  0.06633 -0.89153
   0.37505  0.06753 -0.94305
   0.35970  0.06862 -0.99668
   0.34441  0.06958 -1.05453
   0.32920  0.07041 -1.11434
   0.31407  0.07108 -1.17625
   0.29902  0.07158 -1.23653
   0.28403  0.07189 -1.29862
   0.26910  0.07202 -1.36003
   0.25421  0.07195 -1.42264
   0.23937  0.07167 -1.48715
   0.22460  0.07117 -1.55380
   0.20992  0.07045 -1.62534
   0.19535  0.06950 -1.70026
   0.18091  0.06829 -1.77842
   0.16661  0.06682 -1.85913
   0.15248  0.06507 -1.94374
   0.13853  0.06302 -2.03261
   0.12483  0.06067 -2.12613
   0.11140  0.05799 -2.22078
   0.09828  0.05499 -2.31915
   0.08557  0.05167 -2.42583
   0.07341  0.04807 -2.55194
   0.06202  0.04426 -2.68854
   0.05169  0.04035 -2.84429
   0.04254  0.03644 -3.00481
   0.03460  0.03263 -3.19477
   0.02787  0.02900 -3.38036
   0.02235  0.02566 -3.56047
   0.01786  0.02263 -3.74351
   0.01416  0.01986 -3.92517
   0.01105  0.01728 -4.13603
   0.00838  0.01483 -4.46040
   0.00614  0.01247 -4.76247
   0.00430  0.01021 -4.97300
   0.00283  0.00808 -5.14487
   0.00169  0.00609 -5.43892
   0.00086  0.00424 -5.69143
   0.00031  0.00250 -5.80622
   0.00004  0.00083 -5.62861
   0.00004 -0.00083 -4.85953
   0.00031 -0.00250 -3.69530
   0.00086 -0.00424 -2.57702
   0.00169 -0.00609 -1.63163
   0.00283 -0.00808 -0.87615
   0.00430 -0.01021 -0.32528
   0.00614 -0.01247  0.10707
   0.00838 -0.01483  0.43668
   0.01105 -0.01728  0.66796
   0.01416 -0.01986  0.81896
   0.01786 -0.02263  0.91878
   0.02235 -0.02566  0.97699
   0.02787 -0.02900  0.99947
   0.03460 -0.03263  0.99030
   0.04254 -0.03644  0.95631
   0.05169 -0.04035  0.90494
   0.06202 -0.04426  0.84278
   0.07341 -0.04807  0.77564
   0.08557 -0.05167  0.70843
   0.09828 -0.05499  0.64330
   0.11140 -0.05799  0.58210
   0.12483 -0.06067  0.52641
   0.13853 -0.06302  0.47622
   0.15248 -0.06507  0.43136
   0.16661 -0.06682  0.39101
   0.18091 -0.06829  0.35541
   0.19535 -0.06950  0.32375
   0.20992 -0.07045  0.29622
   0.22460 -0.07117  0.27156
   0.23937 -0.07167  0.24972
   0.25421 -0.07195  0.23066
   0.26910 -0.07202  0.21404
   0.28403 -0.07189  0.20062
   0.29902 -0.07158  0.18939
   0.31407 -0.07108  0.18128
   0.32920 -0.07041  0.17528
   0.34441 -0.06958  0.17168
   0.35970 -0.06862  0.16861
   0.37505 -0.06753  0.16671
   0.39045 -0.06633  0.16510
   0.40589 -0.06503  0.16466
   0.42137 -0.06364  0.16456
   0.43689 -0.06217  0.16529
   0.45245 -0.06062  0.16587
   0.46804 -0.05900  0.16735
   0.48366 -0.05733  0.16861
   0.49930 -0.05561  0.17026
   0.51496 -0.05384  0.17252
   0.53066 -0.05202  0.17460
   0.54637 -0.05018  0.17691
   0.56212 -0.04830  0.17931
   0.57789 -0.04640  0.18159
   0.59367 -0.04449  0.18395
   0.60947 -0.04256  0.18603
   0.62527 -0.04062  0.18899
   0.64108 -0.03867  0.19139
   0.65689 -0.03673  0.19380
   0.67270 -0.03479  0.19612
   0.68849 -0.03287  0.19868
   0.70428 -0.03095  0.20020
   0.72005 -0.02906  0.20263
   0.73581 -0.02719  0.20449
   0.75155 -0.02534  0.20606
   0.76728 -0.02351  0.20774
   0.78299 -0.02172  0.20935
   0.79869 -0.01997  0.21056
   0.81439 -0.01824  0.21092
   0.83008 -0.01656  0.21192
   0.84577 -0.01491  0.21199
   0.86145 -0.01331  0.21170
   0.87711 -0.01175  0.21141
   0.89277 -0.01023  0.21010
   0.90844 -0.00875  0.20760
   0.92404 -0.00731  0.20441
   0.93942 -0.00589  0.19879
   0.95438 -0.00445  0.20098
   0.96869 -0.00298  0.21773
   0.98190 -0.00157  0.25641
   0.99338 -0.00045  0.32193
   1.00000  0.00000  0.33251
