                                                
 Alfa =  10.00000 Re =  4000000.000 Xflap,Yflap =     0.000000    0.000000
#    x        y        Cp  
   1.00000  0.00000  0.35726
   0.99303  0.00064  0.21405
   0.98140  0.00161  0.16901
   0.96816  0.00265  0.15077
   0.95336  0.00384  0.13499
   0.93720  0.00526  0.11382
   0.91973  0.00692  0.08761
   0.90115  0.00877  0.06357
   0.88189  0.01077  0.04091
   0.86245  0.01283  0.01555
   0.84332  0.01483  0.01123
   0.82483  0.01682  0.01173
   0.80676  0.01893 -0.00508
   0.78970  0.02098  0.02323
   0.77384  0.02329  0.02047
   0.75790  0.02620 -0.07023
   0.74082  0.02942 -0.14145
   0.72271  0.03270 -0.17118
   0.70384  0.03620 -0.22630
   0.68439  0.03983 -0.29219
   0.66481  0.04340 -0.35462
   0.64521  0.04682 -0.40432
   0.62558  0.05013 -0.45932
   0.60660  0.05321 -0.53514
   0.58820  0.05588 -0.57089
   0.56959  0.05834 -0.57193
   0.55074  0.06085 -0.62681
   0.53207  0.06328 -0.70494
   0.51341  0.06546 -0.75057
   0.49453  0.06745 -0.79531
   0.47568  0.06924 -0.84988
   0.45700  0.07078 -0.89893
   0.43834  0.07205 -0.93804
   0.41954  0.07309 -0.97164
   0.40063  0.07393 -1.01052
   0.38190  0.07457 -1.06604
   0.36339  0.07493 -1.10795
   0.34473  0.07502 -1.12862
   0.32598  0.07492 -1.17443
   0.30750  0.07459 -1.22486
   0.28903  0.07398 -1.24749
   0.27049  0.07318 -1.29050
   0.25238  0.07219 -1.36019
   0.23455  0.07092 -1.38749
   0.21680  0.06944 -1.43087
   0.19969  0.06785 -1.52090
   0.18325  0.06600 -1.56154
   0.16724  0.06398 -1.60757
   0.15218  0.06191 -1.71889
   0.13817  0.05971 -1.77625
   0.12495  0.05740 -1.81205
   0.11284  0.05518 -1.95123
   0.10199  0.05297 -2.07037
   0.09207  0.05069 -2.08834
   0.08297  0.04848 -2.14693
   0.07477  0.04643 -2.31762
   0.06746  0.04444 -2.47250
   0.06084  0.04246 -2.53249
   0.05477  0.04050 -2.57620
   0.04921  0.03865 -2.70548
   0.04415  0.03689 -2.91869
   0.03955  0.03517 -3.11242
   0.03533  0.03342 -3.18837
   0.03141  0.03167 -3.20224
   0.02775  0.02998 -3.27744
   0.02432  0.02837 -3.58966
   0.02114  0.02681 -4.05586
   0.01825  0.02521 -4.45701
   0.01563  0.02351 -4.46536
   0.01320  0.02175 -4.19960
   0.01089  0.01999 -4.05893
   0.00863  0.01832 -4.59142
   0.00649  0.01668 -5.96114
   0.00463  0.01494 -7.32742
   0.00313  0.01296 -7.20084
   0.00198  0.01076 -6.27186
   0.00113  0.00842 -5.30178
   0.00054  0.00604 -4.45125
   0.00018  0.00363 -3.67187
   0.00002  0.00121 -2.99861
   0.00002 -0.00121 -2.48516
   0.00018 -0.00363 -2.08573
   0.00054 -0.00604 -1.69746
   0.00113 -0.00842 -1.30314
   0.00198 -0.01076 -0.92432
   0.00313 -0.01296 -0.53262
   0.00463 -0.01494 -0.07281
   0.00649 -0.01668  0.38841
   0.00863 -0.01832  0.66411
   0.01089 -0.01999  0.79441
   0.01320 -0.02175  0.86570
   0.01563 -0.02351  0.91902
   0.01825 -0.02521  0.96168
   0.02114 -0.02681  0.98811
   0.02432 -0.02837  0.99893
   0.02775 -0.02998  0.99897
   0.03141 -0.03167  0.99137
   0.03533 -0.03342  0.97697
   0.03955 -0.03517  0.95678
   0.04415 -0.03689  0.93375
   0.04921 -0.03865  0.90876
   0.05477 -0.04050  0.87987
   0.06084 -0.04246  0.84514
   0.06746 -0.04444  0.80761
   0.07477 -0.04643  0.77394
   0.08297 -0.04848  0.74128
   0.09207 -0.05069  0.69906
   0.10199 -0.05297  0.65022
   0.11284 -0.05518  0.61215
   0.12495 -0.05740  0.57824
   0.13817 -0.05971  0.52977
   0.15218 -0.06191  0.48535
   0.16724 -0.06398  0.45368
   0.18325 -0.06600  0.41106
   0.19969 -0.06785  0.36932
   0.21680 -0.06944  0.34341
   0.23455 -0.07092  0.30815
   0.25238 -0.07219  0.27083
   0.27049 -0.07318  0.24975
   0.28903 -0.07398  0.22301
   0.30750 -0.07459  0.19144
   0.32598 -0.07492  0.17298
   0.34473 -0.07502  0.15471
   0.36339 -0.07493  0.12881
   0.38190 -0.07457  0.11353
   0.40063 -0.07393  0.10683
   0.41954 -0.07309  0.09372
   0.43834 -0.07205  0.08081
   0.45700 -0.07078  0.07202
   0.47568 -0.06924  0.06922
   0.49453 -0.06745  0.07229
   0.51341 -0.06546  0.07044
   0.53207 -0.06328  0.07225
   0.55074 -0.06085  0.09303
   0.56959 -0.05834  0.10260
   0.58820 -0.05588  0.08330
   0.60660 -0.05321  0.08418
   0.62558 -0.05013  0.11039
   0.64521 -0.04682  0.12473
   0.66481 -0.04340  0.13795
   0.68439 -0.03983  0.16014
   0.70384 -0.03620  0.18699
   0.72271 -0.03270  0.20804
   0.74082 -0.02942  0.21445
   0.75790 -0.02620  0.25084
   0.77384 -0.02329  0.30393
   0.78970 -0.02098  0.29575
   0.80677 -0.01893  0.26218
   0.82483 -0.01682  0.26272
   0.84332 -0.01483  0.24746
   0.86245 -0.01283  0.23571
   0.88189 -0.01077  0.23908
   0.90115 -0.00877  0.24028
   0.91973 -0.00692  0.24335
   0.93720 -0.00526  0.24742
   0.95336 -0.00384  0.24685
   0.96816 -0.00265  0.24247
   0.98140 -0.00161  0.23670
   0.99303 -0.00064  0.25511
   1.00000  0.00000  0.35726
