                                                
 Alfa =  10.00000 Re =  4000000.000 Xflap,Yflap =     0.000000    0.000000
#    x        y        Cp  
   1.00000  0.00000  0.41273
   0.99427  0.00102  0.36777
   0.98418  0.00314  0.30235
   0.97212  0.00600  0.22807
   0.95837  0.00945  0.16081
   0.94362  0.01318  0.10125
   0.92844  0.01699  0.05455
   0.91305  0.02082  0.01693
   0.89761  0.02465 -0.01666
   0.88218  0.02848 -0.04743
   0.86680  0.03236 -0.08106
   0.85145  0.03628 -0.11647
   0.83609  0.04026 -0.15549
   0.82069  0.04430 -0.19735
   0.80525  0.04838 -0.24151
   0.78977  0.05251 -0.28711
   0.77428  0.05666 -0.33976
   0.75879  0.06083 -0.39480
   0.74334  0.06498 -0.45888
   0.72800  0.06908 -0.52850
   0.71286  0.07306 -0.60745
   0.69803  0.07685 -0.69069
   0.68350  0.08039 -0.77318
   0.66920  0.08365 -0.84621
   0.65506  0.08663 -0.91185
   0.64096  0.08932 -0.96769
   0.62679  0.09174 -1.00653
   0.61243  0.09392 -1.03200
   0.59782  0.09589 -1.05116
   0.58298  0.09769 -1.07209
   0.56800  0.09932 -1.09495
   0.55295  0.10078 -1.11721
   0.53785  0.10207 -1.14096
   0.52272  0.10321 -1.16640
   0.50757  0.10419 -1.19188
   0.49239  0.10502 -1.21798
   0.47720  0.10569 -1.24385
   0.46199  0.10620 -1.27029
   0.44678  0.10657 -1.29778
   0.43156  0.10678 -1.32515
   0.41635  0.10683 -1.35345
   0.40115  0.10673 -1.38258
   0.38598  0.10648 -1.41258
   0.37083  0.10606 -1.44272
   0.35570  0.10548 -1.47360
   0.34060  0.10474 -1.50360
   0.32551  0.10382 -1.53479
   0.31045  0.10274 -1.56682
   0.29542  0.10149 -1.60192
   0.28046  0.10007 -1.63761
   0.26555  0.09847 -1.67541
   0.25071  0.09668 -1.71434
   0.23594  0.09470 -1.75499
   0.22126  0.09253 -1.79841
   0.20668  0.09016 -1.84633
   0.19223  0.08759 -1.89503
   0.17791  0.08480 -1.94791
   0.16375  0.08178 -2.00123
   0.14974  0.07853 -2.06005
   0.13592  0.07504 -2.12446
   0.12232  0.07130 -2.19440
   0.10905  0.06733 -2.27760
   0.09617  0.06312 -2.36568
   0.08371  0.05866 -2.46185
   0.07173  0.05394 -2.56490
   0.06047  0.04907 -2.68171
   0.05021  0.04416 -2.81402
   0.04095  0.03925 -2.95223
   0.03269  0.03440 -3.10283
   0.02582  0.02993 -3.27874
   0.02043  0.02605 -3.50511
   0.01615  0.02262 -3.71243
   0.01263  0.01945 -3.85409
   0.00964  0.01642 -3.93226
   0.00711  0.01359 -4.01787
   0.00504  0.01106 -4.21613
   0.00337  0.00885 -4.79313
   0.00209  0.00690 -5.56325
   0.00114  0.00511 -6.22283
   0.00051  0.00340 -6.58881
   0.00017  0.00170 -6.43676
   0.00012 -0.00002 -5.65591
   0.00035 -0.00175 -4.76667
   0.00087 -0.00346 -3.85855
   0.00172 -0.00510 -2.85400
   0.00295 -0.00660 -1.61835
   0.00461 -0.00799 -0.56658
   0.00676 -0.00931  0.14698
   0.00946 -0.01064  0.56211
   0.01273 -0.01212  0.77129
   0.01665 -0.01378  0.89363
   0.02126 -0.01554  0.96388
   0.02666 -0.01735  0.99562
   0.03320 -0.01921  0.99782
   0.04143 -0.02120  0.97758
   0.05182 -0.02340  0.93990
   0.06388 -0.02563  0.89271
   0.07676 -0.02768  0.84506
   0.09046 -0.02959  0.79930
   0.10494 -0.03137  0.75608
   0.11987 -0.03302  0.71599
   0.13496 -0.03451  0.67960
   0.15017 -0.03587  0.64651
   0.16551 -0.03711  0.61621
   0.18098 -0.03825  0.58822
   0.19652 -0.03929  0.56250
   0.21211 -0.04025  0.53851
   0.22774 -0.04111  0.51639
   0.24342 -0.04190  0.49553
   0.25913 -0.04261  0.47611
   0.27488 -0.04326  0.45760
   0.29065 -0.04384  0.44029
   0.30644 -0.04435  0.42365
   0.32224 -0.04481  0.40763
   0.33805 -0.04521  0.39290
   0.35386 -0.04555  0.37813
   0.36969 -0.04583  0.36477
   0.38552 -0.04605  0.35146
   0.40136 -0.04622  0.33896
   0.41721 -0.04634  0.32629
   0.43307 -0.04640  0.31503
   0.44893 -0.04642  0.30318
   0.46479 -0.04638  0.29191
   0.48063 -0.04629  0.28124
   0.49646 -0.04614  0.26994
   0.51228 -0.04594  0.26019
   0.52810 -0.04567  0.24968
   0.54393 -0.04535  0.24045
   0.55976 -0.04498  0.23040
   0.57557 -0.04455  0.22044
   0.59135 -0.04406  0.21013
   0.60708 -0.04350  0.20031
   0.62276 -0.04287  0.19002
   0.63841 -0.04216  0.18083
   0.65401 -0.04137  0.17092
   0.66957 -0.04049  0.16028
   0.68505 -0.03951  0.14857
   0.70039 -0.03841  0.13771
   0.71547 -0.03719  0.12581
   0.73019 -0.03581  0.11455
   0.74458 -0.03422  0.10838
   0.75875 -0.03238  0.11552
   0.77287 -0.03024  0.13214
   0.78712 -0.02782  0.15554
   0.80164 -0.02510  0.19034
   0.81653 -0.02213  0.22930
   0.83178 -0.01901  0.26969
   0.84709 -0.01592  0.30302
   0.86220 -0.01297  0.33366
   0.87702 -0.01024  0.35847
   0.89163 -0.00773  0.38096
   0.90606 -0.00547  0.40005
   0.92026 -0.00350  0.41837
   0.93412 -0.00187  0.43283
   0.94758 -0.00061  0.44475
   0.96057  0.00024  0.45149
   0.97289  0.00067  0.45376
   0.98423  0.00069  0.45243
   0.99422  0.00037  0.44765
   1.00000  0.00000  0.41273
