                                                
 Alfa =  10.00000 Re =  4000000.000 Xflap,Yflap =     0.000000    0.000000
#    x        y        Cp  
   1.00000  0.00220  0.59581
   0.99131  0.00454  0.38275
   0.97724  0.00827  0.28157
   0.96176  0.01230  0.20247
   0.94478  0.01662  0.13619
   0.92632  0.02121  0.07806
   0.90656  0.02602  0.02453
   0.88580  0.03099 -0.02797
   0.86432  0.03604 -0.07958
   0.84242  0.04107 -0.12964
   0.82031  0.04605 -0.17832
   0.79812  0.05091 -0.22511
   0.77580  0.05566 -0.26911
   0.75333  0.06032 -0.31237
   0.73067  0.06489 -0.35523
   0.70786  0.06938 -0.39911
   0.68497  0.07378 -0.44536
   0.66210  0.07805 -0.49375
   0.63933  0.08219 -0.54360
   0.61673  0.08616 -0.59456
   0.59432  0.08995 -0.64673
   0.57210  0.09355 -0.69971
   0.55006  0.09695 -0.75387
   0.52819  0.10015 -0.80882
   0.50645  0.10315 -0.86451
   0.48482  0.10593 -0.92075
   0.46325  0.10851 -0.97815
   0.44177  0.11088 -1.03774
   0.42044  0.11303 -1.10024
   0.39934  0.11496 -1.16750
   0.37860  0.11665 -1.24407
   0.35832  0.11807 -1.32408
   0.33854  0.11921 -1.40685
   0.31928  0.12006 -1.49036
   0.30051  0.12059 -1.57330
   0.28220  0.12082 -1.65086
   0.26435  0.12075 -1.73056
   0.24705  0.12043 -1.81813
   0.23044  0.11986 -1.92052
   0.21460  0.11903 -2.02767
   0.19960  0.11797 -2.13609
   0.18544  0.11666 -2.24290
   0.17209  0.11514 -2.34880
   0.15952  0.11341 -2.44980
   0.14766  0.11150 -2.55039
   0.13649  0.10941 -2.64855
   0.12596  0.10717 -2.74255
   0.11610  0.10480 -2.83182
   0.10689  0.10233 -2.91550
   0.09835  0.09979 -3.00161
   0.09043  0.09720 -3.09527
   0.08311  0.09456 -3.17224
   0.07630  0.09185 -3.21163
   0.06993  0.08905 -3.15756
   0.06389  0.08621 -3.07279
   0.05815  0.08338 -3.01618
   0.05269  0.08065 -3.01723
   0.04753  0.07807 -3.17730
   0.04271  0.07562 -3.48751
   0.03827  0.07324 -3.82908
   0.03422  0.07087 -4.16430
   0.03054  0.06846 -4.45321
   0.02720  0.06597 -4.65478
   0.02419  0.06335 -4.67164
   0.02145  0.06061 -4.44539
   0.01895  0.05773 -4.13710
   0.01663  0.05475 -3.80198
   0.01447  0.05170 -3.47805
   0.01243  0.04859 -3.20080
   0.01051  0.04546 -3.00083
   0.00872  0.04234 -2.84176
   0.00706  0.03924 -2.69809
   0.00555  0.03617 -2.56429
   0.00420  0.03316 -2.44365
   0.00299  0.03018 -2.31492
   0.00193  0.02727 -2.19621
   0.00103  0.02440 -2.06733
   0.00028  0.02158 -1.93480
  -0.00033  0.01881 -1.79247
  -0.00078  0.01608 -1.64473
  -0.00108  0.01339 -1.48088
  -0.00122  0.01074 -1.30636
  -0.00120  0.00812 -1.11502
  -0.00102  0.00554 -0.91723
  -0.00066  0.00297 -0.70035
  -0.00011  0.00042 -0.47288
   0.00064 -0.00211 -0.23636
   0.00159 -0.00465 -0.00707
   0.00275 -0.00718  0.20076
   0.00410 -0.00971  0.38043
   0.00567 -0.01225  0.53461
   0.00743 -0.01478  0.66199
   0.00941 -0.01731  0.76521
   0.01159 -0.01982  0.84628
   0.01397 -0.02231  0.90697
   0.01655 -0.02474  0.95074
   0.01934 -0.02713  0.97929
   0.02234 -0.02948  0.99491
   0.02556 -0.03179  0.99999
   0.02903 -0.03408  0.99638
   0.03276 -0.03635  0.98593
   0.03678 -0.03862  0.97000
   0.04111 -0.04090  0.95002
   0.04578 -0.04321  0.92675
   0.05080 -0.04557  0.90082
   0.05618 -0.04799  0.87061
   0.06193 -0.05046  0.83695
   0.06809 -0.05293  0.80053
   0.07471 -0.05540  0.76267
   0.08188 -0.05783  0.72691
   0.08969 -0.06025  0.69344
   0.09826 -0.06272  0.66057
   0.10765 -0.06527  0.62362
   0.11784 -0.06790  0.58284
   0.12881 -0.07054  0.53983
   0.14046 -0.07314  0.49638
   0.15276 -0.07564  0.45361
   0.16574 -0.07800  0.41393
   0.17947 -0.08020  0.37630
   0.19400 -0.08224  0.34094
   0.20930 -0.08409  0.30686
   0.22527 -0.08570  0.27521
   0.24185 -0.08705  0.24661
   0.25905 -0.08812  0.22362
   0.27696 -0.08890  0.20632
   0.29566 -0.08941  0.19152
   0.31505 -0.08971  0.17505
   0.33494 -0.08977  0.15766
   0.35510 -0.08959  0.14200
   0.37541 -0.08916  0.12792
   0.39580 -0.08847  0.11657
   0.41634 -0.08752  0.10868
   0.43712 -0.08632  0.10376
   0.45824 -0.08486  0.10101
   0.47973 -0.08317  0.09978
   0.50160 -0.08125  0.09932
   0.52377 -0.07914  0.09864
   0.54615 -0.07685  0.09839
   0.56867 -0.07438  0.09911
   0.59127 -0.07175  0.10029
   0.61394 -0.06897  0.10245
   0.63671 -0.06604  0.10489
   0.65956 -0.06296  0.10828
   0.68247 -0.05974  0.11242
   0.70540 -0.05640  0.11702
   0.72828 -0.05295  0.12214
   0.75105 -0.04938  0.12802
   0.77371 -0.04572  0.13535
   0.79624 -0.04194  0.14409
   0.81868 -0.03806  0.15498
   0.84101 -0.03407  0.16767
   0.86312 -0.03001  0.18274
   0.88477 -0.02593  0.19985
   0.90569 -0.02189  0.21891
   0.92560 -0.01797  0.24101
   0.94422 -0.01419  0.26766
   0.96136 -0.01062  0.30299
   0.97699 -0.00728  0.35127
   0.99122 -0.00416  0.42240
   1.00000 -0.00220  0.59581
