                                                
 Alfa =  10.00000 Re =  4000000.000 Xflap,Yflap =     0.000000    0.000000
#    x        y        Cp  
   1.00000  0.00150  0.44327
   0.99436  0.00357  0.21496
   0.98519  0.00681  0.10241
   0.97503  0.01024  0.01107
   0.96371  0.01385 -0.06420
   0.95109  0.01763 -0.12631
   0.93713  0.02150 -0.16853
   0.92202  0.02544 -0.19872
   0.90608  0.02941 -0.21902
   0.88970  0.03343 -0.25132
   0.87317  0.03746 -0.29337
   0.85670  0.04143 -0.33764
   0.84041  0.04529 -0.38240
   0.82434  0.04898 -0.42662
   0.80847  0.05251 -0.46741
   0.79271  0.05586 -0.50146
   0.77694  0.05907 -0.52803
   0.76107  0.06217 -0.55144
   0.74503  0.06519 -0.57217
   0.72877  0.06817 -0.59286
   0.71228  0.07113 -0.61496
   0.69560  0.07407 -0.64049
   0.67878  0.07702 -0.67344
   0.66190  0.07994 -0.70851
   0.64505  0.08282 -0.74903
   0.62826  0.08564 -0.78969
   0.61159  0.08839 -0.83457
   0.59505  0.09105 -0.88262
   0.57869  0.09361 -0.93458
   0.56248  0.09606 -0.98846
   0.54642  0.09837 -1.04297
   0.53049  0.10054 -1.09769
   0.51463  0.10255 -1.15269
   0.49881  0.10441 -1.20437
   0.48295  0.10608 -1.24905
   0.46701  0.10760 -1.29180
   0.45096  0.10896 -1.33225
   0.43480  0.11018 -1.37628
   0.41855  0.11125 -1.42004
   0.40229  0.11219 -1.47011
   0.38611  0.11299 -1.53072
   0.37009  0.11364 -1.59839
   0.35428  0.11411 -1.66970
   0.33871  0.11439 -1.74359
   0.32335  0.11445 -1.81818
   0.30814  0.11430 -1.89121
   0.29301  0.11390 -1.96320
   0.27786  0.11324 -2.02889
   0.26259  0.11230 -2.09026
   0.24717  0.11106 -2.15148
   0.23166  0.10953 -2.21407
   0.21622  0.10771 -2.28109
   0.20108  0.10565 -2.35701
   0.18650  0.10338 -2.45743
   0.17259  0.10091 -2.56317
   0.15921  0.09818 -2.66300
   0.14600  0.09507 -2.73436
   0.13252  0.09144 -2.75993
   0.11852  0.08724 -2.78519
   0.10452  0.08265 -2.84400
   0.09168  0.07814 -3.05648
   0.08058  0.07383 -3.33968
   0.07063  0.06932 -3.44960
   0.06106  0.06425 -3.34906
   0.05162  0.05867 -3.22825
   0.04284  0.05307 -3.25427
   0.03535  0.04792 -3.35784
   0.02912  0.04325 -3.46355
   0.02389  0.03894 -3.54386
   0.01942  0.03487 -3.54441
   0.01552  0.03097 -3.49881
   0.01215  0.02734 -3.48933
   0.00927  0.02405 -3.63679
   0.00689  0.02111 -3.81901
   0.00493  0.01846 -4.03242
   0.00333  0.01604 -4.25425
   0.00203  0.01381 -4.47960
   0.00100  0.01173 -4.69027
   0.00021  0.00977 -4.87305
  -0.00035  0.00792 -5.01454
  -0.00070  0.00615 -5.01359
  -0.00083  0.00446 -4.88176
  -0.00075  0.00283 -4.51193
  -0.00044  0.00125 -3.91862
   0.00012 -0.00028 -3.06774
   0.00094 -0.00178 -2.10661
   0.00203 -0.00324 -1.26153
   0.00337 -0.00466 -0.59621
   0.00497 -0.00604 -0.07840
   0.00686 -0.00736  0.30552
   0.00904 -0.00860  0.58461
   0.01154 -0.00969  0.77878
   0.01434 -0.01057  0.90716
   0.01749 -0.01116  0.97626
   0.02106 -0.01144  0.99928
   0.02520 -0.01144  0.99461
   0.03005 -0.01120  0.97584
   0.03583 -0.01069  0.94914
   0.04277 -0.00982  0.91967
   0.05102 -0.00854  0.89232
   0.06060 -0.00688  0.86992
   0.07146 -0.00500  0.85247
   0.08368 -0.00319  0.83111
   0.09767 -0.00145  0.80272
   0.11347  0.00037  0.77673
   0.13017  0.00222  0.75484
   0.14681  0.00400  0.73654
   0.16309  0.00567  0.72161
   0.17920  0.00722  0.70892
   0.19527  0.00865  0.69743
   0.21140  0.00995  0.68581
   0.22759  0.01111  0.67420
   0.24387  0.01214  0.66258
   0.26024  0.01306  0.65127
   0.27670  0.01388  0.63997
   0.29324  0.01460  0.62920
   0.30983  0.01523  0.61845
   0.32646  0.01579  0.60881
   0.34311  0.01627  0.59870
   0.35977  0.01668  0.58939
   0.37644  0.01702  0.58005
   0.39314  0.01729  0.57074
   0.40990  0.01750  0.56129
   0.42673  0.01765  0.55194
   0.44366  0.01775  0.54249
   0.46068  0.01782  0.53324
   0.47778  0.01787  0.52465
   0.49492  0.01789  0.51674
   0.51204  0.01791  0.51059
   0.52908  0.01792  0.50537
   0.54600  0.01790  0.50094
   0.56279  0.01783  0.49676
   0.57946  0.01769  0.49227
   0.59603  0.01748  0.48739
   0.61256  0.01718  0.48083
   0.62909  0.01679  0.47256
   0.64566  0.01632  0.46438
   0.66233  0.01579  0.45470
   0.67912  0.01521  0.44609
   0.69604  0.01458  0.43655
   0.71310  0.01393  0.42798
   0.73021  0.01326  0.41982
   0.74724  0.01259  0.41211
   0.76422  0.01190  0.40503
   0.78123  0.01122  0.39776
   0.79832  0.01052  0.39337
   0.81531  0.00984  0.38894
   0.83200  0.00914  0.38789
   0.84840  0.00840  0.38479
   0.86454  0.00760  0.38237
   0.88052  0.00672  0.37754
   0.89645  0.00572  0.37083
   0.91252  0.00457  0.35710
   0.92872  0.00332  0.33839
   0.94459  0.00209  0.32145
   0.95934  0.00102  0.31356
   0.97245  0.00013  0.31287
   0.98391 -0.00058  0.32247
   0.99396 -0.00117  0.34866
   1.00000 -0.00150  0.44327
