                                                
 Alfa =  10.00000 Re =  4000000.000 Xflap,Yflap =     0.000000    0.000000
#    x        y        Cp  
   1.00000  0.00002  0.59232
   0.99483  0.00233  0.27034
   0.98487  0.00596  0.18141
   0.97250  0.00998  0.13125
   0.95893  0.01420  0.09572
   0.94497  0.01849  0.06528
   0.93091  0.02283  0.03197
   0.91690  0.02719  0.00182
   0.90296  0.03159 -0.02454
   0.88908  0.03605 -0.05449
   0.87530  0.04057 -0.08298
   0.86160  0.04517 -0.11573
   0.84803  0.04987 -0.14796
   0.83464  0.05467 -0.18904
   0.82138  0.05965 -0.24870
   0.80800  0.06485 -0.33102
   0.79450  0.07021 -0.43222
   0.78106  0.07554 -0.54863
   0.76777  0.08068 -0.66131
   0.75463  0.08554 -0.77366
   0.74154  0.09010 -0.86712
   0.72841  0.09436 -0.94870
   0.71516  0.09835 -1.01569
   0.70176  0.10209 -1.06982
   0.68822  0.10559 -1.12194
   0.67457  0.10886 -1.16937
   0.66084  0.11190 -1.21743
   0.64706  0.11473 -1.25874
   0.63320  0.11733 -1.29928
   0.61929  0.11973 -1.33829
   0.60532  0.12192 -1.37396
   0.59132  0.12391 -1.40863
   0.57726  0.12569 -1.43780
   0.56317  0.12728 -1.47044
   0.54904  0.12868 -1.49878
   0.53489  0.12989 -1.52570
   0.52071  0.13091 -1.55049
   0.50648  0.13175 -1.57286
   0.49223  0.13242 -1.59997
   0.47798  0.13292 -1.62502
   0.46371  0.13325 -1.64855
   0.44944  0.13340 -1.67298
   0.43516  0.13338 -1.69660
   0.42088  0.13320 -1.72305
   0.40660  0.13285 -1.74696
   0.39234  0.13234 -1.77327
   0.37808  0.13165 -1.79765
   0.36382  0.13079 -1.82367
   0.34959  0.12977 -1.85144
   0.33538  0.12857 -1.88054
   0.32121  0.12720 -1.90727
   0.30706  0.12566 -1.93779
   0.29294  0.12393 -1.96675
   0.27887  0.12201 -1.99698
   0.26483  0.11991 -2.02790
   0.25085  0.11762 -2.06242
   0.23693  0.11513 -2.09625
   0.22306  0.11243 -2.13302
   0.20928  0.10953 -2.17292
   0.19560  0.10642 -2.21129
   0.18201  0.10307 -2.25171
   0.16851  0.09948 -2.29130
   0.15514  0.09565 -2.33657
   0.14190  0.09157 -2.38355
   0.12882  0.08723 -2.43108
   0.11591  0.08260 -2.48411
   0.10320  0.07769 -2.54040
   0.09074  0.07248 -2.60125
   0.07853  0.06696 -2.66681
   0.06665  0.06110 -2.74428
   0.05515  0.05493 -2.83968
   0.04418  0.04845 -2.96413
   0.03394  0.04175 -3.14284
   0.02483  0.03499 -3.36104
   0.01718  0.02842 -3.57856
   0.01128  0.02244 -3.80716
   0.00712  0.01742 -3.91048
   0.00434  0.01353 -4.11418
   0.00248  0.01053 -4.42643
   0.00110  0.00794 -4.77126
   0.00004  0.00566 -5.90490
  -0.00059  0.00372 -7.59961
  -0.00078  0.00209 -9.65692
  -0.00048  0.00072-10.11966
   0.00044 -0.00041 -3.80628
   0.00180 -0.00154 -1.10628
   0.00319 -0.00295 -1.01942
   0.00487 -0.00445 -0.65627
   0.00725 -0.00586  0.13246
   0.01070 -0.00734  0.61588
   0.01553 -0.00909  0.84910
   0.02189 -0.01080  0.96973
   0.03045 -0.01229  0.99985
   0.04151 -0.01341  0.97609
   0.05436 -0.01419  0.93387
   0.06811 -0.01470  0.88956
   0.08226 -0.01500  0.84897
   0.09666 -0.01515  0.81306
   0.11116 -0.01519  0.78071
   0.12572 -0.01514  0.75225
   0.14032 -0.01501  0.72661
   0.15495 -0.01482  0.70454
   0.16962 -0.01457  0.68440
   0.18435 -0.01429  0.66691
   0.19913 -0.01398  0.65111
   0.21393 -0.01366  0.63601
   0.22872 -0.01336  0.62205
   0.24349 -0.01307  0.60842
   0.25828 -0.01278  0.59517
   0.27308 -0.01251  0.58277
   0.28789 -0.01225  0.57082
   0.30271 -0.01199  0.55916
   0.31753 -0.01172  0.54824
   0.33234 -0.01146  0.53847
   0.34714 -0.01120  0.52856
   0.36195 -0.01095  0.51917
   0.37675 -0.01069  0.50995
   0.39156 -0.01043  0.50153
   0.40637 -0.01017  0.49420
   0.42119 -0.00991  0.48503
   0.43600 -0.00966  0.47889
   0.45082 -0.00940  0.47001
   0.46564 -0.00915  0.46314
   0.48045 -0.00889  0.45681
   0.49527 -0.00863  0.44987
   0.51009 -0.00837  0.44426
   0.52491 -0.00812  0.43669
   0.53973 -0.00786  0.43183
   0.55455 -0.00760  0.42592
   0.56937 -0.00734  0.42037
   0.58419 -0.00708  0.41508
   0.59901 -0.00681  0.40944
   0.61383 -0.00655  0.40478
   0.62865 -0.00629  0.40025
   0.64347 -0.00603  0.39489
   0.65829 -0.00577  0.39084
   0.67311 -0.00551  0.38675
   0.68793 -0.00525  0.38258
   0.70275 -0.00499  0.37726
   0.71757 -0.00472  0.37564
   0.73238 -0.00446  0.36983
   0.74721 -0.00420  0.36994
   0.76202 -0.00394  0.36269
   0.77684 -0.00368  0.36169
   0.79166 -0.00341  0.35887
   0.80647 -0.00315  0.35697
   0.82127 -0.00290  0.35445
   0.83608 -0.00264  0.35239
   0.85088 -0.00238  0.35201
   0.86568 -0.00212  0.35041
   0.88048 -0.00186  0.34949
   0.89527 -0.00160  0.35140
   0.91006 -0.00134  0.35342
   0.92487 -0.00108  0.35468
   0.93965 -0.00082  0.36146
   0.95437 -0.00057  0.36969
   0.96890 -0.00031  0.38430
   0.98278 -0.00004  0.41928
   0.99422  0.00008  0.47540
   1.00000  0.00002  0.59232
