                                                
 Alfa =  10.00000 Re =  4000000.000 Xflap,Yflap =     0.000000    0.000000
#    x        y        Cp  
   1.00000  0.00055  0.43636
   0.99359  0.00194  0.24221
   0.98295  0.00424  0.17391
   0.97085  0.00685  0.11914
   0.95705  0.00980  0.07349
   0.94154  0.01309  0.03366
   0.92478  0.01663 -0.00163
   0.90751  0.02031 -0.03468
   0.89021  0.02406 -0.07197
   0.87298  0.02786 -0.11366
   0.85580  0.03167 -0.15735
   0.83865  0.03547 -0.20211
   0.82147  0.03923 -0.24572
   0.80422  0.04293 -0.28803
   0.78683  0.04654 -0.32328
   0.76926  0.05009 -0.35308
   0.75148  0.05359 -0.38070
   0.73351  0.05708 -0.40906
   0.71539  0.06056 -0.43866
   0.69723  0.06406 -0.47388
   0.67915  0.06755 -0.51968
   0.66126  0.07099 -0.57018
   0.64361  0.07433 -0.62291
   0.62620  0.07755 -0.67790
   0.60896  0.08061 -0.73140
   0.59183  0.08351 -0.78035
   0.57469  0.08626 -0.82324
   0.55746  0.08887 -0.86456
   0.54010  0.09136 -0.90600
   0.52261  0.09373 -0.94808
   0.50503  0.09600 -0.99336
   0.48744  0.09815 -1.04672
   0.46997  0.10017 -1.10624
   0.45267  0.10202 -1.16879
   0.43560  0.10367 -1.23149
   0.41875  0.10511 -1.29482
   0.40211  0.10632 -1.35429
   0.38563  0.10730 -1.40733
   0.36924  0.10804 -1.45508
   0.35291  0.10857 -1.50160
   0.33657  0.10888 -1.54667
   0.32015  0.10898 -1.59327
   0.30360  0.10888 -1.64310
   0.28684  0.10858 -1.69736
   0.26981  0.10805 -1.75911
   0.25255  0.10729 -1.82884
   0.23523  0.10630 -1.90642
   0.21815  0.10508 -1.99679
   0.20167  0.10367 -2.10379
   0.18612  0.10211 -2.25263
   0.17162  0.10038 -2.41817
   0.15799  0.09838 -2.57524
   0.14495  0.09605 -2.70212
   0.13221  0.09331 -2.78587
   0.11965  0.09016 -2.85489
   0.10742  0.08665 -2.92410
   0.09583  0.08294 -3.02451
   0.08518  0.07915 -3.17436
   0.07551  0.07526 -3.29560
   0.06662  0.07119 -3.33358
   0.05835  0.06696 -3.32847
   0.05073  0.06267 -3.32217
   0.04386  0.05847 -3.37603
   0.03781  0.05446 -3.45196
   0.03254  0.05063 -3.51098
   0.02794  0.04697 -3.54356
   0.02391  0.04343 -3.52585
   0.02035  0.03997 -3.42536
   0.01715  0.03659 -3.29597
   0.01425  0.03330 -3.17014
   0.01161  0.03011 -3.11605
   0.00922  0.02708 -3.15999
   0.00712  0.02421 -3.23351
   0.00530  0.02151 -3.31192
   0.00376  0.01895 -3.38065
   0.00247  0.01652 -3.42966
   0.00142  0.01419 -3.44395
   0.00060  0.01196 -3.42193
  -0.00001  0.00980 -3.33310
  -0.00041  0.00772 -3.17528
  -0.00061  0.00568 -2.92873
  -0.00060  0.00370 -2.59384
  -0.00039  0.00175 -2.17733
   0.00005 -0.00017 -1.68731
   0.00070 -0.00206 -1.16777
   0.00157 -0.00392 -0.69708
   0.00264 -0.00573 -0.28860
   0.00390 -0.00747  0.05273
   0.00536 -0.00911  0.33666
   0.00700 -0.01063  0.56400
   0.00884 -0.01200  0.74339
   0.01089 -0.01317  0.87401
   0.01315 -0.01407  0.95865
   0.01565 -0.01464  0.99591
   0.01843 -0.01489  0.99778
   0.02155 -0.01487  0.98381
   0.02508 -0.01465  0.96647
   0.02906 -0.01437  0.94673
   0.03356 -0.01406  0.92442
   0.03865 -0.01370  0.89999
   0.04436 -0.01327  0.87378
   0.05075 -0.01272  0.84726
   0.05799 -0.01197  0.82391
   0.06643 -0.01099  0.80301
   0.07650 -0.00974  0.78426
   0.08833 -0.00829  0.76627
   0.10150 -0.00680  0.74808
   0.11567 -0.00539  0.72574
   0.13078 -0.00404  0.70209
   0.14667 -0.00264  0.67982
   0.16298 -0.00111  0.66693
   0.17934  0.00047  0.66103
   0.19557  0.00193  0.65692
   0.21172  0.00316  0.64914
   0.22794  0.00415  0.63810
   0.24438  0.00492  0.62582
   0.26116  0.00552  0.61221
   0.27832  0.00596  0.59797
   0.29590  0.00627  0.58313
   0.31381  0.00648  0.56914
   0.33194  0.00660  0.55568
   0.35018  0.00663  0.54249
   0.36843  0.00657  0.52929
   0.38665  0.00643  0.51573
   0.40481  0.00621  0.50173
   0.42292  0.00594  0.48663
   0.44099  0.00562  0.47165
   0.45904  0.00531  0.45654
   0.47708  0.00501  0.44251
   0.49510  0.00477  0.43010
   0.51312  0.00461  0.42116
   0.53114  0.00451  0.41542
   0.54914  0.00445  0.41066
   0.56714  0.00438  0.40639
   0.58515  0.00429  0.40220
   0.60317  0.00414  0.39543
   0.62122  0.00390  0.38611
   0.63930  0.00361  0.37463
   0.65743  0.00330  0.36326
   0.67558  0.00298  0.35180
   0.69376  0.00270  0.34102
   0.71193  0.00247  0.33486
   0.73007  0.00228  0.33106
   0.74817  0.00212  0.32804
   0.76619  0.00194  0.32508
   0.78416  0.00172  0.32137
   0.80205  0.00142  0.31534
   0.81988  0.00103  0.30355
   0.83765  0.00059  0.29106
   0.85536  0.00013  0.27649
   0.87299 -0.00032  0.26276
   0.89052 -0.00071  0.25017
   0.90792 -0.00102  0.23984
   0.92507 -0.00121  0.23401
   0.94155 -0.00128  0.23167
   0.95682 -0.00124  0.23387
   0.97052 -0.00111  0.24397
   0.98267 -0.00093  0.26134
   0.99345 -0.00071  0.29335
   1.00000 -0.00055  0.43636
