                                                
 Alfa =  10.00000 Re =  4000000.000 Xflap,Yflap =     0.000000    0.000000
#    x        y        Cp  
   1.00000  0.00158  0.49270
   0.99289  0.00282  0.30220
   0.98126  0.00482  0.22394
   0.96830  0.00703  0.16189
   0.95389  0.00944  0.11101
   0.93812  0.01203  0.06565
   0.92134  0.01474  0.02371
   0.90398  0.01748 -0.01404
   0.88632  0.02021 -0.04945
   0.86847  0.02292 -0.08239
   0.85048  0.02559 -0.11335
   0.83239  0.02822 -0.14386
   0.81425  0.03080 -0.17241
   0.79607  0.03333 -0.20102
   0.77787  0.03581 -0.22861
   0.75965  0.03824 -0.25627
   0.74142  0.04061 -0.28368
   0.72319  0.04293 -0.31067
   0.70495  0.04519 -0.33795
   0.68672  0.04740 -0.36580
   0.66849  0.04954 -0.39326
   0.65027  0.05163 -0.42150
   0.63206  0.05364 -0.45007
   0.61387  0.05560 -0.47869
   0.59569  0.05748 -0.50875
   0.57753  0.05929 -0.53848
   0.55939  0.06103 -0.57012
   0.54127  0.06269 -0.60189
   0.52318  0.06427 -0.63467
   0.50512  0.06576 -0.66826
   0.48710  0.06717 -0.70355
   0.46913  0.06847 -0.73995
   0.45120  0.06968 -0.77775
   0.43333  0.07078 -0.81643
   0.41551  0.07177 -0.85657
   0.39775  0.07264 -0.89887
   0.38005  0.07339 -0.94253
   0.36241  0.07401 -0.98822
   0.34484  0.07449 -1.03575
   0.32736  0.07482 -1.08547
   0.30998  0.07499 -1.13688
   0.29273  0.07501 -1.19210
   0.27562  0.07485 -1.25077
   0.25867  0.07452 -1.31257
   0.24189  0.07399 -1.37698
   0.22530  0.07326 -1.44581
   0.20893  0.07233 -1.51729
   0.19286  0.07118 -1.59595
   0.17715  0.06982 -1.68033
   0.16187  0.06824 -1.76962
   0.14708  0.06644 -1.86567
   0.13281  0.06443 -1.97143
   0.11920  0.06222 -2.08300
   0.10642  0.05984 -2.19839
   0.09462  0.05736 -2.32211
   0.08388  0.05483 -2.45476
   0.07420  0.05228 -2.59407
   0.06550  0.04974 -2.74480
   0.05772  0.04721 -2.89440
   0.05076  0.04472 -3.03719
   0.04454  0.04226 -3.18365
   0.03898  0.03986 -3.32829
   0.03401  0.03752 -3.47578
   0.02954  0.03522 -3.62401
   0.02551  0.03298 -3.79735
   0.02187  0.03078 -4.05287
   0.01857  0.02857 -4.29611
   0.01561  0.02635 -4.48671
   0.01295  0.02409 -4.58209
   0.01060  0.02181 -4.60349
   0.00853  0.01954 -4.58061
   0.00673  0.01731 -4.55122
   0.00518  0.01513 -4.50079
   0.00387  0.01300 -4.44037
   0.00276  0.01091 -4.34607
   0.00185  0.00887 -4.22385
   0.00112  0.00686 -4.05566
   0.00058  0.00488 -3.84943
   0.00021  0.00292 -3.56867
   0.00002  0.00097 -3.22146
   0.00002 -0.00097 -2.76988
   0.00021 -0.00292 -2.25582
   0.00058 -0.00488 -1.74804
   0.00112 -0.00686 -1.27062
   0.00185 -0.00887 -0.83845
   0.00276 -0.01091 -0.46157
   0.00387 -0.01300 -0.13336
   0.00518 -0.01513  0.14327
   0.00673 -0.01731  0.37421
   0.00853 -0.01954  0.56145
   0.01060 -0.02181  0.71074
   0.01295 -0.02409  0.82485
   0.01561 -0.02635  0.90736
   0.01857 -0.02857  0.96097
   0.02187 -0.03078  0.99002
   0.02551 -0.03298  0.99986
   0.02954 -0.03522  0.99541
   0.03401 -0.03752  0.97961
   0.03898 -0.03986  0.95473
   0.04454 -0.04226  0.92219
   0.05076 -0.04472  0.88370
   0.05772 -0.04721  0.84052
   0.06550 -0.04974  0.79419
   0.07420 -0.05228  0.74632
   0.08388 -0.05483  0.69698
   0.09462 -0.05736  0.64697
   0.10642 -0.05984  0.59753
   0.11920 -0.06222  0.54948
   0.13281 -0.06443  0.50439
   0.14708 -0.06644  0.46336
   0.16187 -0.06824  0.42531
   0.17715 -0.06982  0.39085
   0.19286 -0.07118  0.35973
   0.20893 -0.07233  0.33140
   0.22530 -0.07326  0.30573
   0.24189 -0.07399  0.28282
   0.25867 -0.07452  0.26253
   0.27562 -0.07485  0.24454
   0.29273 -0.07501  0.22853
   0.30999 -0.07499  0.21419
   0.32736 -0.07482  0.20104
   0.34484 -0.07449  0.18941
   0.36241 -0.07401  0.17926
   0.38005 -0.07339  0.17042
   0.39775 -0.07264  0.16246
   0.41551 -0.07177  0.15568
   0.43333 -0.07078  0.14927
   0.45120 -0.06968  0.14413
   0.46913 -0.06847  0.13958
   0.48710 -0.06717  0.13589
   0.50512 -0.06576  0.13218
   0.52318 -0.06427  0.12960
   0.54127 -0.06269  0.12682
   0.55939 -0.06103  0.12486
   0.57753 -0.05929  0.12349
   0.59569 -0.05748  0.12216
   0.61387 -0.05560  0.12136
   0.63206 -0.05364  0.12109
   0.65027 -0.05163  0.12070
   0.66849 -0.04954  0.12133
   0.68672 -0.04740  0.12187
   0.70495 -0.04519  0.12280
   0.72319 -0.04293  0.12461
   0.74142 -0.04061  0.12622
   0.75965 -0.03824  0.12858
   0.77787 -0.03581  0.13178
   0.79607 -0.03333  0.13501
   0.81425 -0.03080  0.13925
   0.83239 -0.02822  0.14443
   0.85048 -0.02559  0.14993
   0.86847 -0.02292  0.15745
   0.88632 -0.02021  0.16596
   0.90398 -0.01748  0.17687
   0.92134 -0.01474  0.18996
   0.93812 -0.01203  0.20607
   0.95389 -0.00944  0.22655
   0.96830 -0.00703  0.25278
   0.98126 -0.00482  0.28821
   0.99289 -0.00282  0.34156
   1.00000 -0.00158  0.49270
