                                                
 Alfa =  10.00000 Re =  4000000.000 Xflap,Yflap =     0.000000    0.000000
#    x        y        Cp  
   1.00000 -0.00001  0.39684
   0.99493  0.00175  0.01184
   0.98509  0.00424  0.00538
   0.97257  0.00707 -0.02393
   0.95902  0.01010 -0.07741
   0.94528  0.01311 -0.12856
   0.93155  0.01600 -0.17391
   0.91778  0.01878 -0.20513
   0.90389  0.02148 -0.23616
   0.88994  0.02412 -0.26554
   0.87598  0.02668 -0.29395
   0.86201  0.02916 -0.32102
   0.84800  0.03159 -0.34674
   0.83397  0.03395 -0.37397
   0.81992  0.03624 -0.39687
   0.80587  0.03848 -0.42329
   0.79180  0.04065 -0.44748
   0.77773  0.04276 -0.47281
   0.76366  0.04480 -0.49623
   0.74958  0.04678 -0.51987
   0.73548  0.04869 -0.54242
   0.72137  0.05054 -0.56476
   0.70725  0.05233 -0.58899
   0.69312  0.05405 -0.61033
   0.67898  0.05571 -0.63512
   0.66484  0.05731 -0.65703
   0.65070  0.05885 -0.68021
   0.63656  0.06032 -0.70278
   0.62240  0.06172 -0.72736
   0.60824  0.06306 -0.74878
   0.59408  0.06433 -0.77261
   0.57991  0.06554 -0.79662
   0.56573  0.06668 -0.82000
   0.55156  0.06775 -0.84565
   0.53739  0.06875 -0.87053
   0.52321  0.06968 -0.89564
   0.50904  0.07055 -0.92170
   0.49486  0.07133 -0.94878
   0.48069  0.07205 -0.97583
   0.46653  0.07269 -1.00435
   0.45237  0.07324 -1.03249
   0.43821  0.07372 -1.06187
   0.42406  0.07411 -1.09304
   0.40992  0.07442 -1.12413
   0.39579  0.07463 -1.15585
   0.38168  0.07476 -1.19045
   0.36759  0.07478 -1.22272
   0.35350  0.07470 -1.25802
   0.33942  0.07452 -1.29289
   0.32537  0.07423 -1.32953
   0.31133  0.07382 -1.36619
   0.29732  0.07330 -1.40549
   0.28332  0.07266 -1.44322
   0.26933  0.07189 -1.48353
   0.25536  0.07100 -1.52699
   0.24141  0.06998 -1.57154
   0.22749  0.06883 -1.62099
   0.21360  0.06755 -1.67432
   0.19975  0.06612 -1.73396
   0.18596  0.06455 -1.79858
   0.17225  0.06281 -1.87146
   0.15862  0.06091 -1.95239
   0.14510  0.05882 -2.04114
   0.13169  0.05652 -2.14117
   0.11845  0.05400 -2.25300
   0.10539  0.05124 -2.37732
   0.09256  0.04821 -2.51829
   0.07998  0.04488 -2.67222
   0.06772  0.04123 -2.85207
   0.05588  0.03725 -3.06321
   0.04458  0.03294 -3.32311
   0.03414  0.02837 -3.64831
   0.02502  0.02374 -4.05001
   0.01747  0.01926 -4.55510
   0.01185  0.01535 -5.13901
   0.00792  0.01213 -5.78251
   0.00507  0.00938 -6.54623
   0.00297  0.00694 -7.68579
   0.00153  0.00478 -8.59375
   0.00062  0.00290 -9.65687
   0.00012  0.00124-10.82811
   0.00001 -0.00031-10.66622
   0.00030 -0.00185 -8.79935
   0.00103 -0.00337 -6.50680
   0.00231 -0.00476 -3.41463
   0.00423 -0.00596 -1.16497
   0.00676 -0.00697 -0.01183
   0.01005 -0.00777  0.58448
   0.01462 -0.00842  0.87533
   0.02130 -0.00907  0.98284
   0.03045 -0.00962  0.99779
   0.04208 -0.00999  0.96651
   0.05525 -0.01015  0.91998
   0.06888 -0.01012  0.87395
   0.08280 -0.00993  0.83219
   0.09686 -0.00962  0.79519
   0.11100 -0.00921  0.76277
   0.12521 -0.00872  0.73432
   0.13945 -0.00817  0.70860
   0.15369 -0.00757  0.68590
   0.16797 -0.00690  0.66598
   0.18227 -0.00620  0.64839
   0.19661 -0.00546  0.63224
   0.21097 -0.00470  0.61775
   0.22535 -0.00391  0.60477
   0.23973 -0.00311  0.59254
   0.25414 -0.00230  0.58177
   0.26855 -0.00148  0.57212
   0.28298 -0.00066  0.56260
   0.29739  0.00015  0.55442
   0.31179  0.00096  0.54671
   0.32618  0.00175  0.53861
   0.34056  0.00253  0.53247
   0.35494  0.00329  0.52533
   0.36932  0.00404  0.51943
   0.38369  0.00477  0.51351
   0.39805  0.00548  0.50805
   0.41239  0.00617  0.50316
   0.42673  0.00682  0.49820
   0.44107  0.00744  0.49219
   0.45543  0.00804  0.48739
   0.46979  0.00862  0.48282
   0.48413  0.00917  0.47917
   0.49847  0.00969  0.47400
   0.51280  0.01017  0.47066
   0.52713  0.01062  0.46608
   0.54146  0.01104  0.46260
   0.55579  0.01143  0.45863
   0.57010  0.01178  0.45475
   0.58441  0.01208  0.45055
   0.59872  0.01235  0.44681
   0.61304  0.01258  0.44263
   0.62735  0.01277  0.43878
   0.64167  0.01291  0.43554
   0.65598  0.01302  0.43084
   0.67029  0.01309  0.42706
   0.68459  0.01311  0.42318
   0.69888  0.01309  0.41991
   0.71316  0.01302  0.41580
   0.72743  0.01289  0.41171
   0.74170  0.01272  0.40755
   0.75596  0.01249  0.40283
   0.77022  0.01221  0.39848
   0.78448  0.01188  0.39369
   0.79873  0.01149  0.38850
   0.81296  0.01104  0.38339
   0.82719  0.01053  0.37691
   0.84142  0.00995  0.37124
   0.85564  0.00932  0.36513
   0.86984  0.00862  0.35815
   0.88403  0.00786  0.34962
   0.89823  0.00702  0.34096
   0.91246  0.00613  0.32984
   0.92669  0.00517  0.31991
   0.94095  0.00417  0.30687
   0.95522  0.00313  0.29641
   0.96936  0.00209  0.28437
   0.98283  0.00112  0.27393
   0.99423  0.00035  0.27423
   1.00000 -0.00002  0.39684
