                                                
 Alfa =  10.00000 Re =  4000000.000 Xflap,Yflap =     0.000000    0.000000
#    x        y        Cp  
   1.00000  0.00000  0.40521
   0.99149  0.00138  0.25057
   0.97760  0.00362  0.17952
   0.96219  0.00610  0.12907
   0.94518  0.00883  0.08721
   0.92670  0.01178  0.05084
   0.90706  0.01491  0.01751
   0.88660  0.01814 -0.01180
   0.86552  0.02147 -0.03789
   0.84407  0.02487 -0.06137
   0.82253  0.02831 -0.08199
   0.80108  0.03182 -0.10297
   0.77978  0.03542 -0.12720
   0.75860  0.03914 -0.15501
   0.73748  0.04301 -0.18872
   0.71639  0.04702 -0.22907
   0.69531  0.05118 -0.27888
   0.67423  0.05544 -0.34155
   0.65317  0.05970 -0.40772
   0.63213  0.06383 -0.46722
   0.61111  0.06779 -0.52085
   0.59005  0.07159 -0.56868
   0.56884  0.07524 -0.60996
   0.54738  0.07880 -0.65054
   0.52569  0.08228 -0.69149
   0.50383  0.08574 -0.73784
   0.48193  0.08920 -0.79728
   0.46022  0.09264 -0.87094
   0.43911  0.09599 -0.97403
   0.41891  0.09910 -1.09832
   0.39952  0.10184 -1.21685
   0.38060  0.10415 -1.30523
   0.36186  0.10611 -1.38396
   0.34322  0.10775 -1.46389
   0.32475  0.10909 -1.55152
   0.30657  0.11013 -1.64353
   0.28883  0.11086 -1.74911
   0.27162  0.11128 -1.86428
   0.25498  0.11135 -1.98105
   0.23887  0.11108 -2.09889
   0.22328  0.11045 -2.21551
   0.20828  0.10948 -2.33598
   0.19399  0.10820 -2.47163
   0.18051  0.10662 -2.61959
   0.16783  0.10470 -2.75314
   0.15584  0.10242 -2.85720
   0.14439  0.09974 -2.89362
   0.13333  0.09669 -2.87030
   0.12260  0.09332 -2.83387
   0.11225  0.08973 -2.79557
   0.10235  0.08603 -2.77920
   0.09301  0.08231 -2.82648
   0.08433  0.07861 -2.90208
   0.07634  0.07494 -2.97646
   0.06902  0.07130 -3.04191
   0.06234  0.06768 -3.09102
   0.05622  0.06408 -3.12027
   0.05062  0.06050 -3.12498
   0.04549  0.05694 -3.10592
   0.04077  0.05339 -3.06649
   0.03644  0.04989 -3.01478
   0.03246  0.04642 -2.95079
   0.02880  0.04301 -2.87788
   0.02544  0.03964 -2.78603
   0.02234  0.03633 -2.67128
   0.01948  0.03309 -2.55658
   0.01683  0.02994 -2.46298
   0.01436  0.02688 -2.40151
   0.01205  0.02393 -2.43146
   0.00992  0.02108 -2.56990
   0.00802  0.01827 -2.65846
   0.00638  0.01547 -2.49876
   0.00496  0.01269 -2.25982
   0.00370  0.00996 -2.10058
   0.00256  0.00730 -1.97219
   0.00155  0.00469 -1.87117
   0.00064  0.00215 -1.94571
  -0.00009 -0.00035 -1.84517
  -0.00064 -0.00285 -1.66325
  -0.00103 -0.00534 -1.51246
  -0.00126 -0.00782 -1.35576
  -0.00131 -0.01027 -1.17431
  -0.00115 -0.01268 -0.96679
  -0.00077 -0.01506 -0.72560
  -0.00014 -0.01740 -0.43621
   0.00078 -0.01969 -0.04997
   0.00190 -0.02199  0.18615
   0.00320 -0.02427  0.36549
   0.00475 -0.02647  0.54190
   0.00663 -0.02852  0.72382
   0.00875 -0.03050  0.84299
   0.01106 -0.03245  0.91542
   0.01350 -0.03445  0.95770
   0.01607 -0.03653  0.98261
   0.01877 -0.03866  0.99623
   0.02164 -0.04080  0.99993
   0.02470 -0.04291  0.99395
   0.02800 -0.04498  0.97888
   0.03156 -0.04698  0.95671
   0.03541 -0.04893  0.92907
   0.03959 -0.05083  0.89755
   0.04412 -0.05271  0.86339
   0.04903 -0.05458  0.82756
   0.05433 -0.05644  0.78747
   0.06004 -0.05830  0.74427
   0.06619 -0.06012  0.69873
   0.07277 -0.06187  0.65107
   0.07980 -0.06352  0.60338
   0.08728 -0.06502  0.55624
   0.09522 -0.06635  0.51206
   0.10369 -0.06745  0.47418
   0.11280 -0.06830  0.44565
   0.12270 -0.06891  0.42441
   0.13359 -0.06927  0.40946
   0.14568 -0.06941  0.39945
   0.15907 -0.06938  0.38487
   0.17367 -0.06919  0.36587
   0.18923 -0.06880  0.34728
   0.20547 -0.06819  0.32860
   0.22222 -0.06734  0.31103
   0.23942 -0.06618  0.29795
   0.25711 -0.06466  0.29725
   0.27544 -0.06276  0.31094
   0.29458 -0.06066  0.32613
   0.31457 -0.05855  0.32776
   0.33527 -0.05647  0.31998
   0.35650 -0.05437  0.31205
   0.37807 -0.05217  0.30835
   0.39978 -0.04990  0.30711
   0.42145 -0.04760  0.31089
   0.44299 -0.04533  0.31501
   0.46449 -0.04320  0.31232
   0.48607 -0.04118  0.30505
   0.50767 -0.03924  0.29542
   0.52904 -0.03733  0.28495
   0.54998 -0.03538  0.28035
   0.57041 -0.03337  0.28943
   0.59037 -0.03144  0.29918
   0.60997 -0.02977  0.29123
   0.62934 -0.02830  0.26757
   0.64864 -0.02675  0.24903
   0.66807 -0.02493  0.25602
   0.68779 -0.02290  0.27410
   0.70781 -0.02089  0.28761
   0.72794 -0.01904  0.29193
   0.74806 -0.01741  0.28983
   0.76821 -0.01599  0.27570
   0.78847 -0.01466  0.25805
   0.80885 -0.01325  0.25083
   0.82925 -0.01172  0.25657
   0.84957 -0.01022  0.26123
   0.86972 -0.00886  0.25436
   0.88956 -0.00755  0.24512
   0.90897 -0.00622  0.24457
   0.92774 -0.00485  0.25326
   0.94560 -0.00354  0.26398
   0.96224 -0.00238  0.27411
   0.97751 -0.00137  0.28684
   0.99142 -0.00051  0.31414
   1.00000  0.00000  0.40521
