                                                
 Alfa =  10.00000 Re =  4000000.000 Xflap,Yflap =     0.000000    0.000000
#    x        y        Cp  
   1.00000  0.00000  0.46082
   0.99378  0.00178  0.29276
   0.98349  0.00473  0.20806
   0.97188  0.00810  0.14283
   0.95881  0.01191  0.08088
   0.94445  0.01614  0.01671
   0.92936  0.02059 -0.05374
   0.91418  0.02501 -0.12315
   0.89924  0.02921 -0.18485
   0.88450  0.03317 -0.23210
   0.86977  0.03695 -0.27030
   0.85493  0.04060 -0.30375
   0.83988  0.04417 -0.33433
   0.82457  0.04770 -0.36213
   0.80897  0.05121 -0.38956
   0.79313  0.05471 -0.42081
   0.77712  0.05820 -0.45584
   0.76104  0.06166 -0.49297
   0.74496  0.06505 -0.53226
   0.72893  0.06837 -0.57221
   0.71299  0.07161 -0.61433
   0.69715  0.07476 -0.65808
   0.68140  0.07782 -0.70504
   0.66573  0.08077 -0.75351
   0.65012  0.08361 -0.80336
   0.63457  0.08632 -0.85352
   0.61905  0.08890 -0.90392
   0.60358  0.09132 -0.95445
   0.58812  0.09359 -1.00160
   0.57269  0.09569 -1.04875
   0.55728  0.09763 -1.09330
   0.54187  0.09939 -1.13761
   0.52647  0.10098 -1.18069
   0.51106  0.10240 -1.22252
   0.49565  0.10363 -1.26232
   0.48022  0.10468 -1.30013
   0.46478  0.10555 -1.33651
   0.44932  0.10624 -1.37161
   0.43383  0.10675 -1.40749
   0.41834  0.10708 -1.44251
   0.40283  0.10724 -1.47867
   0.38732  0.10722 -1.51808
   0.37183  0.10702 -1.55929
   0.35636  0.10664 -1.60088
   0.34094  0.10606 -1.64305
   0.32557  0.10527 -1.68619
   0.31029  0.10429 -1.73032
   0.29511  0.10309 -1.77391
   0.28005  0.10168 -1.82188
   0.26512  0.10003 -1.86557
   0.25030  0.09814 -1.90593
   0.23555  0.09599 -1.93520
   0.22084  0.09357 -1.96111
   0.20612  0.09089 -1.98526
   0.19138  0.08795 -2.01600
   0.17662  0.08476 -2.05339
   0.16192  0.08131 -2.09715
   0.14749  0.07764 -2.14976
   0.13354  0.07381 -2.21913
   0.12015  0.06980 -2.28597
   0.10712  0.06552 -2.33885
   0.09413  0.06081 -2.33017
   0.08082  0.05562 -2.27495
   0.06783  0.05044 -2.37997
   0.05629  0.04571 -2.62204
   0.04615  0.04127 -2.89293
   0.03711  0.03694 -3.18267
   0.02949  0.03289 -3.48316
   0.02343  0.02935 -3.88349
   0.01869  0.02627 -4.41844
   0.01493  0.02344 -4.85491
   0.01189  0.02071 -5.03886
   0.00934  0.01800 -4.84608
   0.00715  0.01535 -4.65371
   0.00524  0.01286 -4.77234
   0.00364  0.01058 -5.15716
   0.00237  0.00850 -5.56601
   0.00138  0.00657 -5.98417
   0.00066  0.00476 -6.31442
   0.00020  0.00303 -6.46119
  -0.00001  0.00134 -6.32360
   0.00003 -0.00032 -5.66657
   0.00035 -0.00198 -4.51934
   0.00093 -0.00367 -3.34021
   0.00179 -0.00540 -2.29969
   0.00294 -0.00720 -1.43894
   0.00441 -0.00906 -0.75212
   0.00622 -0.01098 -0.22338
   0.00838 -0.01287  0.17787
   0.01090 -0.01470  0.48579
   0.01384 -0.01646  0.70793
   0.01731 -0.01815  0.85748
   0.02148 -0.01981  0.94677
   0.02658 -0.02149  0.99010
   0.03291 -0.02322  0.99970
   0.04082 -0.02501  0.98532
   0.05049 -0.02689  0.95656
   0.06188 -0.02899  0.91789
   0.07475 -0.03126  0.87201
   0.08852 -0.03351  0.82289
   0.10266 -0.03556  0.77568
   0.11715 -0.03734  0.73625
   0.13219 -0.03894  0.70199
   0.14785 -0.04049  0.67077
   0.16393 -0.04207  0.63602
   0.18008 -0.04365  0.59958
   0.19604 -0.04514  0.56271
   0.21166 -0.04650  0.52671
   0.22694 -0.04767  0.49210
   0.24197 -0.04861  0.46101
   0.25695 -0.04927  0.43731
   0.27213 -0.04969  0.42263
   0.28767 -0.04991  0.41149
   0.30362 -0.05002  0.39960
   0.31986 -0.05005  0.38387
   0.33619 -0.04999  0.36725
   0.35245 -0.04984  0.35070
   0.36857 -0.04958  0.33510
   0.38450 -0.04920  0.32052
   0.40025 -0.04869  0.30734
   0.41589 -0.04804  0.29732
   0.43149 -0.04725  0.28849
   0.44708 -0.04632  0.28166
   0.46270 -0.04526  0.27603
   0.47838 -0.04406  0.27107
   0.49410 -0.04273  0.26810
   0.50984 -0.04127  0.26526
   0.52558 -0.03969  0.26385
   0.54129 -0.03797  0.26325
   0.55695 -0.03613  0.26497
   0.57254 -0.03415  0.26771
   0.58809 -0.03202  0.27422
   0.60359 -0.02976  0.28285
   0.61906 -0.02736  0.29729
   0.63454 -0.02486  0.31328
   0.65004 -0.02229  0.33020
   0.66557 -0.01970  0.34789
   0.68115 -0.01713  0.36433
   0.69677 -0.01461  0.38020
   0.71243 -0.01219  0.39290
   0.72812 -0.00990  0.40395
   0.74380 -0.00775  0.41342
   0.75945 -0.00577  0.42131
   0.77504 -0.00396  0.42873
   0.79052 -0.00234  0.43411
   0.80586 -0.00094  0.43796
   0.82102  0.00026  0.44075
   0.83599  0.00124  0.44135
   0.85081  0.00201  0.44148
   0.86553  0.00256  0.43916
   0.88025  0.00290  0.43478
   0.89511  0.00301  0.42813
   0.91026  0.00289  0.41584
   0.92583  0.00256  0.39823
   0.94154  0.00209  0.38112
   0.95669  0.00157  0.36762
   0.97051  0.00108  0.36179
   0.98275  0.00064  0.36260
   0.99352  0.00024  0.37977
   1.00000  0.00000  0.46082
