                                                
 Alfa =  10.00000 Re =  4000000.000 Xflap,Yflap =     0.000000    0.000000
#    x        y        Cp  
   1.00000  0.00000  0.36019
   0.99443  0.00091  0.29640
   0.98407  0.00291  0.18600
   0.97152  0.00546  0.10668
   0.95763  0.00828  0.03844
   0.94333  0.01110 -0.01255
   0.92879  0.01386 -0.05166
   0.91402  0.01658 -0.08394
   0.89912  0.01928 -0.11635
   0.88418  0.02196 -0.14804
   0.86922  0.02460 -0.18035
   0.85428  0.02721 -0.21271
   0.83935  0.02978 -0.24491
   0.82443  0.03231 -0.27885
   0.80953  0.03479 -0.31161
   0.79469  0.03720 -0.34728
   0.77996  0.03952 -0.38373
   0.76530  0.04174 -0.41478
   0.75065  0.04385 -0.44267
   0.73596  0.04586 -0.46795
   0.72119  0.04778 -0.48972
   0.70636  0.04962 -0.51310
   0.69153  0.05139 -0.53865
   0.67672  0.05307 -0.56289
   0.66191  0.05466 -0.58482
   0.64708  0.05617 -0.60580
   0.63222  0.05759 -0.62836
   0.61733  0.05894 -0.64891
   0.60242  0.06021 -0.67036
   0.58752  0.06141 -0.69266
   0.57262  0.06252 -0.71497
   0.55772  0.06356 -0.73670
   0.54280  0.06452 -0.75703
   0.52786  0.06540 -0.77991
   0.51292  0.06621 -0.80147
   0.49798  0.06694 -0.82563
   0.48305  0.06759 -0.84821
   0.46812  0.06817 -0.87242
   0.45318  0.06866 -0.89649
   0.43825  0.06908 -0.92089
   0.42331  0.06942 -0.94649
   0.40837  0.06967 -0.97310
   0.39345  0.06985 -1.00117
   0.37854  0.06994 -1.02990
   0.36364  0.06995 -1.06070
   0.34876  0.06986 -1.09174
   0.33388  0.06969 -1.12444
   0.31902  0.06942 -1.15947
   0.30419  0.06906 -1.19561
   0.28938  0.06860 -1.23621
   0.27461  0.06803 -1.27737
   0.25987  0.06736 -1.32145
   0.24517  0.06657 -1.36898
   0.23050  0.06566 -1.42083
   0.21590  0.06462 -1.47790
   0.20138  0.06345 -1.53939
   0.18693  0.06214 -1.60601
   0.17257  0.06067 -1.67950
   0.15830  0.05904 -1.76113
   0.14417  0.05723 -1.85626
   0.13024  0.05524 -1.96441
   0.11653  0.05303 -2.08406
   0.10306  0.05060 -2.22019
   0.08992  0.04792 -2.38027
   0.07727  0.04501 -2.57651
   0.06528  0.04186 -2.79716
   0.05404  0.03845 -3.03119
   0.04379  0.03488 -3.32799
   0.03485  0.03129 -3.67511
   0.02739  0.02779 -4.04562
   0.02128  0.02443 -4.36352
   0.01630  0.02126 -4.63562
   0.01233  0.01837 -5.01360
   0.00919  0.01575 -5.44650
   0.00671  0.01333 -5.80648
   0.00472  0.01104 -6.09824
   0.00317  0.00890 -6.31704
   0.00198  0.00690 -6.52340
   0.00110  0.00503 -6.64349
   0.00048  0.00325 -6.64161
   0.00008  0.00152 -6.67342
  -0.00010 -0.00017 -7.01008
   0.00002 -0.00178 -7.20487
   0.00055 -0.00326 -5.72039
   0.00157 -0.00462 -3.04254
   0.00304 -0.00591 -1.25428
   0.00490 -0.00718 -0.30801
   0.00713 -0.00844  0.23897
   0.00980 -0.00968  0.59018
   0.01299 -0.01095  0.79683
   0.01690 -0.01231  0.91758
   0.02179 -0.01375  0.98136
   0.02802 -0.01525  1.00000
   0.03595 -0.01680  0.98483
   0.04578 -0.01836  0.94784
   0.05737 -0.01986  0.90028
   0.07031 -0.02124  0.85097
   0.08411 -0.02248  0.80358
   0.09835 -0.02357  0.76044
   0.11286 -0.02453  0.72182
   0.12755 -0.02538  0.68673
   0.14235 -0.02613  0.65533
   0.15724 -0.02678  0.62655
   0.17218 -0.02736  0.60049
   0.18717 -0.02787  0.57661
   0.20220 -0.02832  0.55416
   0.21725 -0.02871  0.53369
   0.23233 -0.02904  0.51469
   0.24743 -0.02933  0.49638
   0.26254 -0.02956  0.47991
   0.27767 -0.02975  0.46379
   0.29281 -0.02990  0.44867
   0.30795 -0.03000  0.43456
   0.32310 -0.03007  0.42094
   0.33826 -0.03009  0.40781
   0.35342 -0.03008  0.39557
   0.36858 -0.03003  0.38318
   0.38373 -0.02994  0.37207
   0.39889 -0.02981  0.36098
   0.41405 -0.02964  0.35050
   0.42919 -0.02943  0.33936
   0.44433 -0.02918  0.33023
   0.45944 -0.02889  0.32007
   0.47453 -0.02855  0.31102
   0.48961 -0.02815  0.30259
   0.50468 -0.02771  0.29452
   0.51974 -0.02721  0.28717
   0.53480 -0.02665  0.28084
   0.54986 -0.02604  0.27509
   0.56491 -0.02537  0.26909
   0.57995 -0.02465  0.26388
   0.59497 -0.02386  0.25999
   0.60996 -0.02302  0.25650
   0.62494 -0.02210  0.25427
   0.63994 -0.02112  0.25453
   0.65499 -0.02008  0.25526
   0.67009 -0.01899  0.25704
   0.68526 -0.01786  0.25967
   0.70049 -0.01670  0.26252
   0.71577 -0.01553  0.26466
   0.73106 -0.01435  0.26699
   0.74634 -0.01318  0.26955
   0.76159 -0.01201  0.27218
   0.77681 -0.01087  0.27428
   0.79200 -0.00974  0.27662
   0.80716 -0.00865  0.27852
   0.82229 -0.00759  0.28184
   0.83739 -0.00658  0.28247
   0.85246 -0.00561  0.28469
   0.86751 -0.00470  0.28672
   0.88252 -0.00385  0.28710
   0.89749 -0.00306  0.28914
   0.91243 -0.00235  0.28976
   0.92733 -0.00172  0.28968
   0.94216 -0.00118  0.28851
   0.95687 -0.00072  0.28838
   0.97110 -0.00032  0.29411
   0.98384 -0.00002  0.31211
   0.99436  0.00010  0.36263
   1.00000  0.00000  0.36019
