                                                
 Alfa =  10.00000 Re =  4000000.000 Xflap,Yflap =     0.000000    0.000000
#    x        y        Cp  
   1.00000  0.00320  0.21429
   0.99471  0.00415  0.13196
   0.98592  0.00575  0.09187
   0.97587  0.00763  0.05881
   0.96428  0.00985  0.02486
   0.95103  0.01246 -0.01311
   0.93656  0.01539 -0.05943
   0.92210  0.01835 -0.10722
   0.90747  0.02133 -0.15735
   0.89302  0.02420 -0.19588
   0.87883  0.02693 -0.22902
   0.86472  0.02955 -0.25493
   0.85057  0.03211 -0.28034
   0.83629  0.03464 -0.30457
   0.82182  0.03715 -0.32520
   0.80715  0.03966 -0.35216
   0.79234  0.04217 -0.37716
   0.77747  0.04467 -0.41003
   0.76261  0.04714 -0.44309
   0.74779  0.04954 -0.47512
   0.73305  0.05186 -0.51057
   0.71840  0.05408 -0.54004
   0.70382  0.05619 -0.56968
   0.68926  0.05820 -0.59287
   0.67468  0.06010 -0.60979
   0.66004  0.06193 -0.62668
   0.64532  0.06370 -0.64152
   0.63051  0.06543 -0.65776
   0.61561  0.06713 -0.67494
   0.60065  0.06882 -0.69545
   0.58566  0.07051 -0.72417
   0.57069  0.07218 -0.75829
   0.55576  0.07382 -0.79545
   0.54089  0.07541 -0.83393
   0.52609  0.07694 -0.87468
   0.51134  0.07840 -0.91571
   0.49663  0.07976 -0.95602
   0.48194  0.08102 -0.99368
   0.46725  0.08219 -1.03102
   0.45255  0.08327 -1.06891
   0.43783  0.08425 -1.10724
   0.42308  0.08514 -1.14684
   0.40833  0.08593 -1.18833
   0.39359  0.08662 -1.23342
   0.37888  0.08722 -1.28366
   0.36422  0.08770 -1.33532
   0.34961  0.08805 -1.38904
   0.33506  0.08828 -1.44736
   0.32056  0.08836 -1.50593
   0.30608  0.08830 -1.56756
   0.29162  0.08807 -1.63381
   0.27712  0.08767 -1.70627
   0.26259  0.08708 -1.78374
   0.24802  0.08626 -1.86419
   0.23350  0.08519 -1.94565
   0.21910  0.08385 -2.02750
   0.20497  0.08225 -2.10849
   0.19124  0.08039 -2.19222
   0.17796  0.07826 -2.27173
   0.16503  0.07582 -2.33695
   0.15221  0.07300 -2.37774
   0.13907  0.06965 -2.35089
   0.12515  0.06567 -2.29149
   0.11104  0.06134 -2.25079
   0.09697  0.05690 -2.32228
   0.08412  0.05270 -2.58236
   0.07242  0.04839 -2.76514
   0.06029  0.04319 -2.71935
   0.04758  0.03716 -2.72291
   0.03709  0.03189 -2.94380
   0.02817  0.02706 -3.27961
   0.01817  0.02085 -3.77342
   0.01124  0.01577 -4.21456
   0.00747  0.01265 -4.95158
   0.00499  0.01033 -5.72279
   0.00320  0.00840 -6.58551
   0.00189  0.00670 -7.53574
   0.00094  0.00516 -8.56002
   0.00029  0.00373 -9.52118
  -0.00007  0.00239-10.15752
  -0.00016  0.00110 -9.99343
   0.00004 -0.00015 -8.46588
   0.00055 -0.00137 -5.91706
   0.00138 -0.00260 -3.65306
   0.00255 -0.00383 -1.98040
   0.00411 -0.00510 -0.81948
   0.00616 -0.00642 -0.03406
   0.00890 -0.00781  0.48314
   0.01269 -0.00926  0.80768
   0.01803 -0.01052  0.97426
   0.02493 -0.01098  0.99524
   0.03268 -0.01053  0.95665
   0.04196 -0.00930  0.91159
   0.05412 -0.00733  0.86958
   0.06824 -0.00513  0.82111
   0.08183 -0.00283  0.78548
   0.09569 -0.00020  0.76535
   0.11030  0.00267  0.75102
   0.12497  0.00552  0.74076
   0.13954  0.00823  0.73332
   0.15369  0.01069  0.72624
   0.16769  0.01290  0.71744
   0.18178  0.01492  0.70830
   0.19610  0.01681  0.69943
   0.21065  0.01857  0.69203
   0.22532  0.02021  0.68542
   0.24002  0.02170  0.67956
   0.25469  0.02301  0.67377
   0.26927  0.02415  0.66799
   0.28376  0.02510  0.66192
   0.29817  0.02585  0.65512
   0.31254  0.02640  0.64695
   0.32692  0.02678  0.63725
   0.34134  0.02699  0.62720
   0.35584  0.02706  0.61637
   0.37043  0.02699  0.60460
   0.38512  0.02682  0.59286
   0.39991  0.02656  0.58068
   0.41478  0.02622  0.56880
   0.42972  0.02582  0.55654
   0.44471  0.02536  0.54457
   0.45972  0.02488  0.53302
   0.47476  0.02437  0.52137
   0.48979  0.02385  0.51059
   0.50482  0.02333  0.50087
   0.51983  0.02283  0.49316
   0.53482  0.02232  0.48556
   0.54978  0.02180  0.47976
   0.56471  0.02126  0.47276
   0.57962  0.02069  0.46671
   0.59450  0.02008  0.45994
   0.60937  0.01941  0.45058
   0.62424  0.01869  0.44241
   0.63912  0.01792  0.43227
   0.65401  0.01712  0.42198
   0.66893  0.01630  0.41109
   0.68388  0.01547  0.40132
   0.69888  0.01464  0.39063
   0.71392  0.01381  0.38119
   0.72895  0.01299  0.37159
   0.74394  0.01220  0.36374
   0.75891  0.01142  0.35570
   0.77390  0.01067  0.34837
   0.78893  0.00994  0.34048
   0.80392  0.00924  0.33717
   0.81875  0.00857  0.33272
   0.83341  0.00792  0.32996
   0.84790  0.00728  0.32776
   0.86229  0.00661  0.32587
   0.87666  0.00591  0.32262
   0.89114  0.00515  0.31984
   0.90588  0.00431  0.31442
   0.92077  0.00338  0.30828
   0.93548  0.00237  0.29982
   0.95022  0.00126  0.28963
   0.96374  0.00016  0.27674
   0.97554 -0.00087  0.26512
   0.98574 -0.00181  0.24960
   0.99465 -0.00267  0.23943
   1.00000 -0.00320  0.21429
