                                                
 Alfa =  10.00000 Re =  4000000.000 Xflap,Yflap =     0.000000    0.000000
#    x        y        Cp  
   1.00000  0.00000  0.85812
   0.99480  0.00347  0.59146
   0.98647  0.00877  0.39981
   0.97742  0.01414  0.24157
   0.96755  0.01958  0.10306
   0.95678  0.02503 -0.02225
   0.94505  0.03043 -0.12485
   0.93235  0.03573 -0.20291
   0.91875  0.04090 -0.26110
   0.90440  0.04596 -0.30774
   0.88944  0.05095 -0.35770
   0.87405  0.05584 -0.41344
   0.85834  0.06061 -0.46866
   0.84246  0.06521 -0.52223
   0.82653  0.06960 -0.57517
   0.81066  0.07379 -0.62800
   0.79491  0.07777 -0.68488
   0.77931  0.08153 -0.74564
   0.76388  0.08505 -0.80822
   0.74860  0.08831 -0.86919
   0.73343  0.09131 -0.92763
   0.71834  0.09403 -0.98148
   0.70325  0.09646 -1.02717
   0.68809  0.09861 -1.05814
   0.67278  0.10047 -1.07544
   0.65725  0.10210 -1.08802
   0.64147  0.10351 -1.09488
   0.62544  0.10473 -1.10026
   0.60919  0.10578 -1.10571
   0.59281  0.10668 -1.11890
   0.57641  0.10744 -1.14040
   0.56006  0.10805 -1.16368
   0.54383  0.10849 -1.18765
   0.52772  0.10875 -1.21100
   0.51169  0.10882 -1.22971
   0.49569  0.10870 -1.24325
   0.47963  0.10837 -1.24574
   0.46343  0.10787 -1.24455
   0.44704  0.10720 -1.24219
   0.43045  0.10640 -1.24096
   0.41367  0.10549 -1.24408
   0.39678  0.10451 -1.25650
   0.37989  0.10346 -1.28514
   0.36312  0.10235 -1.32115
   0.34653  0.10114 -1.36058
   0.33016  0.09982 -1.40347
   0.31398  0.09836 -1.44475
   0.29795  0.09673 -1.48464
   0.28202  0.09493 -1.51703
   0.26612  0.09293 -1.54788
   0.25021  0.09074 -1.57705
   0.23427  0.08836 -1.60885
   0.21832  0.08578 -1.64215
   0.20239  0.08303 -1.68081
   0.18654  0.08010 -1.72684
   0.17084  0.07702 -1.78153
   0.15530  0.07377 -1.84838
   0.13988  0.07035 -1.94166
   0.12458  0.06669 -2.05423
   0.10966  0.06279 -2.17494
   0.09558  0.05873 -2.29060
   0.08274  0.05468 -2.40940
   0.07113  0.05069 -2.53912
   0.06048  0.04671 -2.69531
   0.05044  0.04265 -2.90935
   0.04069  0.03831 -3.26761
   0.03194  0.03379 -3.53524
   0.02525  0.02980 -3.69319
   0.02019  0.02645 -3.89999
   0.01627  0.02360 -4.13333
   0.01311  0.02109 -4.38133
   0.01049  0.01883 -4.63612
   0.00830  0.01674 -4.92318
   0.00645  0.01479 -5.20877
   0.00489  0.01294 -5.50975
   0.00357  0.01118 -5.80905
   0.00247  0.00949 -6.10020
   0.00159  0.00786 -6.34123
   0.00089  0.00628 -6.53513
   0.00038  0.00473 -6.58709
   0.00006  0.00321 -6.47347
  -0.00008  0.00171 -6.16053
  -0.00003  0.00023 -5.55570
   0.00023 -0.00124 -4.64736
   0.00068 -0.00271 -3.66524
   0.00133 -0.00419 -2.72890
   0.00218 -0.00568 -1.90526
   0.00324 -0.00720 -1.21382
   0.00452 -0.00874 -0.65069
   0.00604 -0.01031 -0.20245
   0.00783 -0.01194  0.15095
   0.00993 -0.01363  0.42248
   0.01240 -0.01539  0.63100
   0.01534 -0.01726  0.78385
   0.01888 -0.01925  0.89336
   0.02325 -0.02139  0.96333
   0.02878 -0.02366  0.99683
   0.03596 -0.02598  0.99417
   0.04518 -0.02816  0.96462
   0.05605 -0.03028  0.92505
   0.06826 -0.03252  0.87688
   0.08152 -0.03476  0.82456
   0.09547 -0.03684  0.77130
   0.10984 -0.03864  0.72281
   0.12462 -0.04011  0.68115
   0.13985 -0.04132  0.64542
   0.15554 -0.04230  0.61402
   0.17158 -0.04310  0.58514
   0.18785 -0.04373  0.55962
   0.20424 -0.04421  0.53671
   0.22073 -0.04456  0.51593
   0.23729 -0.04479  0.49705
   0.25392 -0.04491  0.48040
   0.27062 -0.04493  0.46530
   0.28737 -0.04486  0.45229
   0.30419 -0.04470  0.44056
   0.32106 -0.04448  0.43028
   0.33799 -0.04421  0.42105
   0.35497 -0.04390  0.41303
   0.37201 -0.04356  0.40478
   0.38910 -0.04322  0.39756
   0.40623 -0.04288  0.38946
   0.42340 -0.04256  0.38036
   0.44061 -0.04225  0.37149
   0.45784 -0.04195  0.36173
   0.47508 -0.04166  0.35260
   0.49233 -0.04138  0.34289
   0.50958 -0.04109  0.33330
   0.52681 -0.04081  0.32394
   0.54402 -0.04052  0.31440
   0.56120 -0.04022  0.30459
   0.57836 -0.03991  0.29518
   0.59551 -0.03959  0.28568
   0.61265 -0.03925  0.27600
   0.62980 -0.03888  0.26649
   0.64694 -0.03849  0.25660
   0.66408 -0.03807  0.24673
   0.68118 -0.03761  0.23729
   0.69821 -0.03711  0.22777
   0.71512 -0.03656  0.21710
   0.73188 -0.03596  0.20790
   0.74849 -0.03530  0.19750
   0.76498 -0.03457  0.18920
   0.78141 -0.03375  0.18010
   0.79786 -0.03283  0.17328
   0.81446 -0.03178  0.16676
   0.83130 -0.03060  0.16158
   0.84838 -0.02927  0.15717
   0.86556 -0.02778  0.15428
   0.88255 -0.02617  0.15109
   0.89898 -0.02446  0.14469
   0.91448 -0.02268  0.12534
   0.92883 -0.02071  0.11486
   0.94201 -0.01844  0.12056
   0.95411 -0.01582  0.15771
   0.96527 -0.01286  0.22705
   0.97561 -0.00961  0.32055
   0.98525 -0.00615  0.44194
   0.99428 -0.00251  0.60515
   1.00000  0.00000  0.85812
