                                                
 Alfa =  10.00000 Re =  4000000.000 Xflap,Yflap =     0.000000    0.000000
#    x        y        Cp  
   1.00000  0.00000  0.68995
   0.99652  0.00121 -0.05948
   0.98974  0.00153  0.31288
   0.98039  0.00215  0.31005
   0.96823  0.00331  0.30513
   0.95505  0.00491  0.29753
   0.94160  0.00690  0.27878
   0.92804  0.00922  0.25640
   0.91441  0.01182  0.23124
   0.90070  0.01466  0.20298
   0.88696  0.01769  0.18007
   0.87331  0.02088  0.15452
   0.85963  0.02426  0.12593
   0.84593  0.02779  0.09954
   0.83242  0.03145  0.07821
   0.81905  0.03530  0.03857
   0.80558  0.03939 -0.01070
   0.79200  0.04365 -0.06141
   0.77842  0.04801 -0.11522
   0.76483  0.05248 -0.17890
   0.75115  0.05702 -0.24625
   0.73744  0.06156 -0.31860
   0.72378  0.06605 -0.39186
   0.71017  0.07045 -0.46901
   0.69660  0.07474 -0.54676
   0.68306  0.07889 -0.63243
   0.66960  0.08286 -0.71749
   0.65618  0.08660 -0.79908
   0.64273  0.09011 -0.87156
   0.62922  0.09340 -0.94051
   0.61568  0.09644 -1.01074
   0.60216  0.09923 -1.07538
   0.58861  0.10173 -1.12670
   0.57499  0.10397 -1.16593
   0.56126  0.10597 -1.20236
   0.54747  0.10773 -1.23428
   0.53364  0.10926 -1.26542
   0.51975  0.11058 -1.28877
   0.50581  0.11169 -1.31472
   0.49183  0.11260 -1.33731
   0.47786  0.11331 -1.36621
   0.46389  0.11383 -1.38606
   0.44988  0.11414 -1.40145
   0.43582  0.11427 -1.41373
   0.42173  0.11423 -1.43543
   0.40766  0.11403 -1.45813
   0.39361  0.11365 -1.47676
   0.37955  0.11310 -1.49545
   0.36549  0.11238 -1.51525
   0.35143  0.11149 -1.53676
   0.33741  0.11044 -1.55847
   0.32342  0.10921 -1.58134
   0.30945  0.10780 -1.60103
   0.29550  0.10622 -1.62198
   0.28156  0.10444 -1.63851
   0.26765  0.10250 -1.66184
   0.25382  0.10037 -1.69207
   0.24004  0.09805 -1.70817
   0.22628  0.09552 -1.72372
   0.21255  0.09279 -1.74417
   0.19890  0.08987 -1.76880
   0.18531  0.08675 -1.78762
   0.17177  0.08341 -1.80709
   0.15828  0.07986 -1.83032
   0.14486  0.07610 -1.86194
   0.13157  0.07214 -1.90425
   0.11842  0.06795 -1.94765
   0.10543  0.06351 -1.99318
   0.09259  0.05880 -2.04659
   0.07994  0.05381 -2.11139
   0.06756  0.04853 -2.19286
   0.05554  0.04295 -2.29828
   0.04396  0.03704 -2.41935
   0.03301  0.03083 -2.59334
   0.02318  0.02450 -2.81490
   0.01509  0.01851 -3.10244
   0.00929  0.01355 -3.51949
   0.00562  0.00988 -3.98915
   0.00320  0.00709 -4.80885
   0.00157  0.00479 -5.77763
   0.00054  0.00286 -7.18219
   0.00003  0.00122 -9.14449
   0.00005 -0.00028 -8.64667
   0.00066 -0.00181 -4.77441
   0.00188 -0.00342 -2.25030
   0.00377 -0.00506 -0.61275
   0.00644 -0.00676  0.24702
   0.01028 -0.00862  0.71768
   0.01610 -0.01072  0.94234
   0.02449 -0.01300  0.99996
   0.03526 -0.01511  0.97217
   0.04777 -0.01687  0.91726
   0.06115 -0.01832  0.86180
   0.07499 -0.01954  0.81064
   0.08900 -0.02058  0.76525
   0.10308 -0.02147  0.72540
   0.11723 -0.02221  0.69031
   0.13143 -0.02284  0.65997
   0.14575 -0.02338  0.63357
   0.16014 -0.02386  0.60875
   0.17449 -0.02430  0.58453
   0.18884 -0.02468  0.56324
   0.20322 -0.02501  0.54473
   0.21761 -0.02529  0.52640
   0.23202 -0.02553  0.50994
   0.24644 -0.02574  0.49404
   0.26086 -0.02592  0.48026
   0.27529 -0.02607  0.46641
   0.28974 -0.02619  0.45429
   0.30421 -0.02630  0.44127
   0.31868 -0.02640  0.43022
   0.33315 -0.02648  0.41789
   0.34761 -0.02655  0.40623
   0.36208 -0.02660  0.39632
   0.37655 -0.02665  0.38555
   0.39101 -0.02668  0.37438
   0.40547 -0.02669  0.36462
   0.41994 -0.02669  0.35457
   0.43442 -0.02668  0.34579
   0.44888 -0.02666  0.33451
   0.46332 -0.02662  0.32429
   0.47774 -0.02655  0.31619
   0.49219 -0.02645  0.30782
   0.50666 -0.02634  0.29956
   0.52111 -0.02621  0.29034
   0.53554 -0.02606  0.28139
   0.54997 -0.02588  0.27371
   0.56443 -0.02567  0.26587
   0.57888 -0.02545  0.25683
   0.59328 -0.02520  0.24729
   0.60765 -0.02491  0.24027
   0.62205 -0.02457  0.23366
   0.63647 -0.02419  0.22751
   0.65087 -0.02379  0.21863
   0.66523 -0.02333  0.21221
   0.67958 -0.02282  0.20838
   0.69396 -0.02227  0.20208
   0.70834 -0.02166  0.19874
   0.72271 -0.02102  0.19383
   0.73707 -0.02032  0.19089
   0.75142 -0.01957  0.18730
   0.76579 -0.01878  0.18549
   0.78016 -0.01794  0.18266
   0.79448 -0.01705  0.18084
   0.80878 -0.01610  0.18133
   0.82314 -0.01509  0.18656
   0.83757 -0.01405  0.18795
   0.85197 -0.01301  0.18758
   0.86633 -0.01193  0.19163
   0.88072 -0.01085  0.19415
   0.89511 -0.00978  0.19256
   0.90950 -0.00869  0.19535
   0.92393 -0.00759  0.19703
   0.93835 -0.00650  0.19645
   0.95268 -0.00540  0.19536
   0.96676 -0.00430  0.18979
   0.97960 -0.00318  0.19059
   0.98951 -0.00222  0.22063
   0.99649 -0.00146 -0.10004
   1.00000  0.00000  0.68995
