                                                
 Alfa =  10.00000 Re =  4000000.000 Xflap,Yflap =     0.000000    0.000000
#    x        y        Cp  
   1.00000  0.00000  0.22601
   0.99421  0.00049  0.18445
   0.98379  0.00152  0.17389
   0.97145  0.00290  0.13305
   0.95774  0.00458  0.10137
   0.94328  0.00648  0.07230
   0.92841  0.00854  0.04127
   0.91331  0.01071  0.01182
   0.89806  0.01297 -0.01612
   0.88273  0.01529 -0.04525
   0.86732  0.01767 -0.07415
   0.85187  0.02008 -0.10227
   0.83635  0.02252 -0.13076
   0.82079  0.02498 -0.15913
   0.80521  0.02745 -0.18944
   0.78965  0.02991 -0.21562
   0.77412  0.03235 -0.24678
   0.75863  0.03477 -0.27394
   0.74317  0.03717 -0.30321
   0.72773  0.03953 -0.33280
   0.71230  0.04186 -0.36071
   0.69689  0.04415 -0.39024
   0.68149  0.04640 -0.41945
   0.66611  0.04860 -0.44883
   0.65075  0.05075 -0.47990
   0.63542  0.05285 -0.50950
   0.62009  0.05490 -0.54077
   0.60478  0.05688 -0.57021
   0.58947  0.05880 -0.60243
   0.57418  0.06065 -0.63335
   0.55889  0.06244 -0.66541
   0.54362  0.06416 -0.69796
   0.52837  0.06580 -0.73144
   0.51312  0.06736 -0.76433
   0.49788  0.06884 -0.79839
   0.48265  0.07024 -0.83339
   0.46743  0.07156 -0.86965
   0.45223  0.07279 -0.90694
   0.43705  0.07392 -0.94476
   0.42189  0.07495 -0.98432
   0.40676  0.07588 -1.02459
   0.39164  0.07670 -1.06591
   0.37656  0.07741 -1.10973
   0.36151  0.07801 -1.15474
   0.34650  0.07848 -1.20212
   0.33155  0.07882 -1.25015
   0.31665  0.07902 -1.30095
   0.30181  0.07907 -1.35105
   0.28701  0.07896 -1.40418
   0.27226  0.07870 -1.45665
   0.25755  0.07826 -1.51227
   0.24290  0.07766 -1.57129
   0.22834  0.07687 -1.63458
   0.21389  0.07590 -1.70140
   0.19954  0.07473 -1.76981
   0.18529  0.07334 -1.84275
   0.17116  0.07173 -1.91987
   0.15721  0.06990 -2.00883
   0.14348  0.06782 -2.10161
   0.13000  0.06549 -2.20049
   0.11676  0.06289 -2.30456
   0.10385  0.06001 -2.41846
   0.09134  0.05686 -2.54825
   0.07934  0.05343 -2.68523
   0.06794  0.04975 -2.83937
   0.05730  0.04585 -3.00121
   0.04766  0.04186 -3.17834
   0.03913  0.03785 -3.35716
   0.03166  0.03387 -3.54579
   0.02528  0.03003 -3.72935
   0.02007  0.02648 -3.92257
   0.01588  0.02328 -4.13533
   0.01248  0.02034 -4.30763
   0.00966  0.01756 -4.42114
   0.00728  0.01489 -4.47593
   0.00528  0.01235 -4.52658
   0.00366  0.01001 -4.60041
   0.00236  0.00789 -4.95246
   0.00137  0.00596 -5.39295
   0.00066  0.00418 -5.70883
   0.00022  0.00247 -5.76966
   0.00004  0.00079 -5.40526
   0.00013 -0.00091 -4.66478
   0.00048 -0.00260 -3.84237
   0.00112 -0.00426 -3.00405
   0.00210 -0.00582 -2.00063
   0.00348 -0.00723 -0.88289
   0.00530 -0.00852 -0.03943
   0.00761 -0.00972  0.47669
   0.01040 -0.01093  0.74763
   0.01368 -0.01222  0.88409
   0.01753 -0.01358  0.96060
   0.02205 -0.01496  0.99483
   0.02741 -0.01635  0.99820
   0.03397 -0.01775  0.97868
   0.04216 -0.01919  0.94247
   0.05220 -0.02066  0.89415
   0.06369 -0.02202  0.84180
   0.07615 -0.02317  0.79142
   0.08951 -0.02413  0.74514
   0.10356 -0.02490  0.70279
   0.11801 -0.02547  0.66526
   0.13266 -0.02588  0.63254
   0.14750 -0.02613  0.60398
   0.16252 -0.02626  0.57868
   0.17768 -0.02627  0.55582
   0.19293 -0.02619  0.53545
   0.20824 -0.02602  0.51726
   0.22361 -0.02578  0.50074
   0.23905 -0.02547  0.48576
   0.25454 -0.02511  0.47200
   0.27006 -0.02470  0.45905
   0.28559 -0.02425  0.44706
   0.30114 -0.02375  0.43664
   0.31673 -0.02321  0.42655
   0.33235 -0.02264  0.41738
   0.34799 -0.02204  0.40861
   0.36365 -0.02142  0.40081
   0.37931 -0.02078  0.39256
   0.39497 -0.02012  0.38532
   0.41064 -0.01943  0.37847
   0.42633 -0.01873  0.37274
   0.44204 -0.01801  0.36685
   0.45778 -0.01728  0.36135
   0.47352 -0.01654  0.35620
   0.48927 -0.01580  0.35093
   0.50502 -0.01505  0.34585
   0.52076 -0.01429  0.34172
   0.53652 -0.01353  0.33724
   0.55228 -0.01277  0.33383
   0.56805 -0.01201  0.32947
   0.58381 -0.01125  0.32616
   0.59957 -0.01050  0.32215
   0.61532 -0.00975  0.31957
   0.63106 -0.00901  0.31576
   0.64678 -0.00828  0.31275
   0.66250 -0.00756  0.31014
   0.67820 -0.00685  0.30724
   0.69389 -0.00616  0.30409
   0.70957 -0.00549  0.30178
   0.72525 -0.00483  0.29923
   0.74091 -0.00420  0.29667
   0.75657 -0.00358  0.29365
   0.77221 -0.00299  0.29156
   0.78784 -0.00243  0.28931
   0.80343 -0.00190  0.28742
   0.81901 -0.00141  0.28429
   0.83457 -0.00095  0.28217
   0.85012 -0.00053  0.27963
   0.86564 -0.00015  0.27737
   0.88113  0.00017  0.27441
   0.89657  0.00045  0.27177
   0.91193  0.00065  0.26946
   0.92720  0.00079  0.26622
   0.94232  0.00086  0.26224
   0.95705  0.00084  0.26010
   0.97098  0.00072  0.25778
   0.98358  0.00050  0.25726
   0.99418  0.00022  0.23892
   1.00000  0.00000  0.22601
