                                                
 Alfa =  10.00000 Re =  4000000.000 Xflap,Yflap =     0.000000    0.000000
#    x        y        Cp  
   1.00000  0.00000  0.60872
   0.99661  0.00114 -0.20194
   0.99002  0.00162  0.11720
   0.98070  0.00222  0.10223
   0.96828  0.00309  0.06736
   0.95472  0.00400  0.06178
   0.94087  0.00497  0.04290
   0.92706  0.00598  0.03323
   0.91327  0.00706  0.01741
   0.89945  0.00820 -0.00157
   0.88563  0.00938 -0.01619
   0.87183  0.01062 -0.03272
   0.85804  0.01192 -0.05278
   0.84423  0.01328 -0.07263
   0.83042  0.01468 -0.09422
   0.81661  0.01613 -0.11865
   0.80276  0.01761 -0.14467
   0.78889  0.01912 -0.17141
   0.77502  0.02062 -0.19919
   0.76116  0.02211 -0.22706
   0.74731  0.02357 -0.25236
   0.73349  0.02500 -0.28147
   0.71968  0.02638 -0.30546
   0.70587  0.02772 -0.33150
   0.69207  0.02900 -0.35624
   0.67828  0.03023 -0.38143
   0.66449  0.03139 -0.40474
   0.65072  0.03247 -0.42808
   0.63694  0.03348 -0.44895
   0.62317  0.03441 -0.46874
   0.60939  0.03526 -0.48656
   0.59561  0.03603 -0.50475
   0.58181  0.03673 -0.51838
   0.56800  0.03734 -0.53136
   0.55417  0.03790 -0.54645
   0.54033  0.03839 -0.55986
   0.52650  0.03881 -0.57370
   0.51265  0.03918 -0.58507
   0.49879  0.03949 -0.59691
   0.48492  0.03974 -0.61138
   0.47104  0.03995 -0.62487
   0.45716  0.04011 -0.63872
   0.44328  0.04023 -0.65332
   0.42940  0.04030 -0.66987
   0.41552  0.04033 -0.68481
   0.40163  0.04031 -0.70111
   0.38774  0.04025 -0.72007
   0.37387  0.04014 -0.73857
   0.35999  0.03999 -0.75610
   0.34610  0.03979 -0.77723
   0.33221  0.03955 -0.79778
   0.31833  0.03927 -0.82250
   0.30446  0.03895 -0.84796
   0.29061  0.03856 -0.87198
   0.27674  0.03813 -0.89904
   0.26287  0.03765 -0.92853
   0.24901  0.03712 -0.96037
   0.23516  0.03654 -0.99791
   0.22134  0.03590 -1.03645
   0.20752  0.03519 -1.07575
   0.19369  0.03442 -1.12169
   0.17989  0.03358 -1.17504
   0.16613  0.03267 -1.23439
   0.15236  0.03167 -1.29614
   0.13862  0.03059 -1.37287
   0.12494  0.02942 -1.46714
   0.11130  0.02812 -1.56542
   0.09769  0.02669 -1.69290
   0.08417  0.02513 -1.85521
   0.07081  0.02338 -2.06087
   0.05761  0.02141 -2.33247
   0.04473  0.01916 -2.72408
   0.03252  0.01658 -3.29778
   0.02160  0.01364 -4.14386
   0.01313  0.01068 -5.48132
   0.00762  0.00808 -7.12160
   0.00420  0.00594 -9.12660
   0.00195  0.00404-12.80453
   0.00066  0.00229-15.37634
   0.00007  0.00073-17.57983
   0.00007 -0.00073-14.31540
   0.00066 -0.00229 -7.98945
   0.00195 -0.00404 -3.78182
   0.00420 -0.00594 -1.04929
   0.00762 -0.00808  0.15324
   0.01313 -0.01068  0.75898
   0.02160 -0.01364  0.97594
   0.03252 -0.01658  0.99467
   0.04473 -0.01916  0.94953
   0.05761 -0.02141  0.89148
   0.07081 -0.02338  0.83424
   0.08417 -0.02513  0.78256
   0.09769 -0.02669  0.73629
   0.11130 -0.02812  0.69368
   0.12494 -0.02942  0.65601
   0.13862 -0.03059  0.62206
   0.15236 -0.03167  0.59102
   0.16613 -0.03267  0.56225
   0.17989 -0.03358  0.53586
   0.19369 -0.03442  0.51192
   0.20752 -0.03519  0.48891
   0.22134 -0.03590  0.46776
   0.23516 -0.03654  0.44734
   0.24901 -0.03712  0.42949
   0.26287 -0.03765  0.41179
   0.27674 -0.03813  0.39525
   0.29061 -0.03856  0.37879
   0.30447 -0.03895  0.36280
   0.31833 -0.03927  0.34915
   0.33221 -0.03955  0.33509
   0.34610 -0.03979  0.32253
   0.35999 -0.03999  0.30845
   0.37387 -0.04014  0.29650
   0.38774 -0.04025  0.28422
   0.40163 -0.04031  0.27329
   0.41552 -0.04033  0.26179
   0.42940 -0.04030  0.25043
   0.44328 -0.04023  0.23971
   0.45716 -0.04011  0.22991
   0.47104 -0.03995  0.21956
   0.48492 -0.03974  0.21031
   0.49879 -0.03949  0.19936
   0.51265 -0.03918  0.18977
   0.52650 -0.03881  0.18153
   0.54033 -0.03839  0.17165
   0.55417 -0.03790  0.16474
   0.56800 -0.03734  0.15623
   0.58181 -0.03673  0.14975
   0.59561 -0.03603  0.14328
   0.60939 -0.03526  0.13791
   0.62317 -0.03441  0.13465
   0.63694 -0.03348  0.13230
   0.65072 -0.03247  0.13083
   0.66449 -0.03139  0.13132
   0.67828 -0.03023  0.13258
   0.69207 -0.02900  0.13510
   0.70587 -0.02772  0.13722
   0.71968 -0.02638  0.14194
   0.73349 -0.02500  0.14642
   0.74731 -0.02357  0.15047
   0.76116 -0.02211  0.15657
   0.77502 -0.02062  0.16335
   0.78889 -0.01912  0.17029
   0.80276 -0.01761  0.17698
   0.81661 -0.01613  0.18480
   0.83042 -0.01468  0.18973
   0.84423 -0.01328  0.19399
   0.85804 -0.01192  0.19589
   0.87183 -0.01062  0.20007
   0.88563 -0.00938  0.19913
   0.89945 -0.00820  0.19857
   0.91327 -0.00706  0.19711
   0.92706 -0.00598  0.19724
   0.94087 -0.00497  0.19120
   0.95472 -0.00400  0.18645
   0.96828 -0.00309  0.17373
   0.98070 -0.00222  0.18209
   0.99002 -0.00162  0.17324
   0.99661 -0.00114 -0.16261
   1.00000  0.00000  0.60872
