                                                
 Alfa =  10.00000 Re =  4000000.000 Xflap,Yflap =     0.000000    0.000000
#    x        y        Cp  
   1.00000  0.00240  0.32464
   0.99448  0.00280  0.26101
   0.98531  0.00353  0.23761
   0.97481  0.00447  0.22141
   0.96272  0.00567  0.20920
   0.94897  0.00719  0.19469
   0.93398  0.00906  0.18087
   0.91863  0.01118  0.16542
   0.90360  0.01347  0.14599
   0.88900  0.01588  0.12784
   0.87464  0.01844  0.10502
   0.86037  0.02114  0.07997
   0.84605  0.02398  0.05374
   0.83161  0.02698  0.02603
   0.81698  0.03013 -0.00419
   0.80215  0.03341 -0.03638
   0.78714  0.03681 -0.06833
   0.77202  0.04030 -0.10102
   0.75689  0.04386 -0.13543
   0.74179  0.04746 -0.17119
   0.72669  0.05111 -0.20760
   0.71158  0.05480 -0.24597
   0.69652  0.05850 -0.28791
   0.68152  0.06221 -0.32993
   0.66656  0.06590 -0.37566
   0.65165  0.06959 -0.42218
   0.63676  0.07324 -0.47015
   0.62188  0.07686 -0.51981
   0.60699  0.08043 -0.57049
   0.59206  0.08395 -0.62102
   0.57706  0.08742 -0.67123
   0.56199  0.09084 -0.72289
   0.54685  0.09422 -0.77726
   0.53166  0.09755 -0.83727
   0.51646  0.10083 -0.90184
   0.50131  0.10406 -0.97682
   0.48627  0.10720 -1.07110
   0.47140  0.11021 -1.17584
   0.45673  0.11303 -1.28879
   0.44226  0.11560 -1.40322
   0.42795  0.11789 -1.51845
   0.41378  0.11987 -1.62680
   0.39968  0.12149 -1.72505
   0.38559  0.12274 -1.79350
   0.37145  0.12363 -1.84737
   0.35721  0.12418 -1.89159
   0.34286  0.12440 -1.92920
   0.32840  0.12431 -1.96123
   0.31385  0.12391 -1.99334
   0.29923  0.12323 -2.02804
   0.28464  0.12227 -2.07736
   0.27011  0.12103 -2.12780
   0.25571  0.11949 -2.18104
   0.24145  0.11764 -2.23193
   0.22735  0.11546 -2.27716
   0.21340  0.11294 -2.31855
   0.19957  0.11007 -2.35319
   0.18584  0.10681 -2.37657
   0.17220  0.10316 -2.39126
   0.15871  0.09910 -2.39602
   0.14546  0.09468 -2.39060
   0.13257  0.08992 -2.37375
   0.12002  0.08483 -2.34383
   0.10768  0.07936 -2.30010
   0.09524  0.07334 -2.21472
   0.08233  0.06665 -2.09085
   0.06921  0.05962 -2.13982
   0.05713  0.05277 -2.33852
   0.04676  0.04608 -2.36436
   0.03792  0.03955 -2.21449
   0.02989  0.03304 -2.07707
   0.02151  0.02572 -1.89862
   0.01336  0.01851 -1.94867
   0.00868  0.01445 -2.50555
   0.00572  0.01169 -3.08376
   0.00363  0.00950 -3.68865
   0.00211  0.00763 -4.33399
   0.00102  0.00595 -5.00195
   0.00027  0.00441 -5.60988
  -0.00015  0.00297 -5.95270
  -0.00027  0.00160 -5.70950
  -0.00008  0.00028 -4.64876
   0.00044 -0.00101 -2.96519
   0.00129 -0.00227 -1.51637
   0.00247 -0.00351 -0.49621
   0.00399 -0.00472  0.17517
   0.00589 -0.00588  0.60011
   0.00822 -0.00694  0.85314
   0.01107 -0.00778  0.97789
   0.01452 -0.00814  0.99427
   0.01879 -0.00761  0.94264
   0.02459 -0.00586  0.90800
   0.03340 -0.00321  0.87048
   0.04544 -0.00007  0.81430
   0.05768  0.00329  0.77827
   0.07047  0.00712  0.76778
   0.08446  0.01126  0.76081
   0.09868  0.01520  0.75377
   0.11265  0.01879  0.74762
   0.12659  0.02207  0.74185
   0.14069  0.02512  0.73638
   0.15500  0.02793  0.73140
   0.16944  0.03050  0.72677
   0.18392  0.03279  0.72187
   0.19841  0.03481  0.71706
   0.21290  0.03655  0.71177
   0.22740  0.03804  0.70586
   0.24194  0.03927  0.69995
   0.25653  0.04025  0.69324
   0.27118  0.04100  0.68641
   0.28588  0.04151  0.67876
   0.30064  0.04179  0.67094
   0.31544  0.04185  0.66217
   0.33029  0.04169  0.65298
   0.34518  0.04133  0.64265
   0.36010  0.04078  0.63244
   0.37505  0.04005  0.62101
   0.39002  0.03914  0.60953
   0.40502  0.03807  0.59706
   0.42005  0.03685  0.58381
   0.43510  0.03549  0.57036
   0.45019  0.03401  0.55580
   0.46531  0.03241  0.54077
   0.48047  0.03072  0.52522
   0.49567  0.02893  0.50918
   0.51090  0.02706  0.49224
   0.52619  0.02514  0.47495
   0.54152  0.02316  0.45745
   0.55688  0.02113  0.43945
   0.57228  0.01908  0.42008
   0.58768  0.01702  0.40103
   0.60309  0.01495  0.38187
   0.61847  0.01290  0.36111
   0.63380  0.01088  0.34140
   0.64908  0.00890  0.32161
   0.66432  0.00697  0.29960
   0.67951  0.00511  0.28089
   0.69469  0.00333  0.25965
   0.70987  0.00162  0.24098
   0.72509  0.00000  0.22086
   0.74035 -0.00152  0.20249
   0.75565 -0.00295  0.18338
   0.77096 -0.00426  0.16536
   0.78623 -0.00545  0.14792
   0.80139 -0.00651  0.12988
   0.81638 -0.00743  0.11154
   0.83113 -0.00819  0.09528
   0.84565 -0.00878  0.07883
   0.86001 -0.00919  0.06595
   0.87429 -0.00941  0.05512
   0.88863 -0.00941  0.04858
   0.90319 -0.00919  0.04809
   0.91820 -0.00871  0.05416
   0.93359 -0.00796  0.06954
   0.94870 -0.00702  0.08712
   0.96259 -0.00598  0.10955
   0.97478 -0.00494  0.13473
   0.98532 -0.00394  0.17044
   0.99450 -0.00300  0.21519
   1.00000 -0.00240  0.32464
