                                                
 Alfa =  10.00000 Re =  4000000.000 Xflap,Yflap =     0.000000    0.000000
#    x        y        Cp  
   1.00000  0.00000  0.56577
   0.99412  0.00209  0.32391
   0.98452  0.00538  0.19493
   0.97386  0.00886  0.09762
   0.96197  0.01253  0.01802
   0.94877  0.01634 -0.04957
   0.93436  0.02022 -0.09861
   0.91906  0.02410 -0.13642
   0.90327  0.02792 -0.16771
   0.88727  0.03171 -0.20510
   0.87121  0.03543 -0.24605
   0.85519  0.03906 -0.28695
   0.83924  0.04257 -0.32740
   0.82337  0.04595 -0.36588
   0.80757  0.04920 -0.40262
   0.79176  0.05230 -0.43267
   0.77588  0.05528 -0.45913
   0.75987  0.05817 -0.48152
   0.74369  0.06100 -0.50384
   0.72735  0.06377 -0.52657
   0.71087  0.06651 -0.55045
   0.69430  0.06923 -0.57991
   0.67774  0.07192 -0.61691
   0.66126  0.07456 -0.65622
   0.64490  0.07710 -0.69827
   0.62867  0.07955 -0.74090
   0.61255  0.08187 -0.78237
   0.59649  0.08407 -0.82276
   0.58046  0.08614 -0.85844
   0.56439  0.08809 -0.89238
   0.54826  0.08993 -0.92612
   0.53204  0.09166 -0.96108
   0.51577  0.09330 -0.99710
   0.49945  0.09485 -1.03765
   0.48316  0.09630 -1.08556
   0.46693  0.09763 -1.13616
   0.45081  0.09882 -1.19022
   0.43481  0.09985 -1.24430
   0.41893  0.10072 -1.29770
   0.40316  0.10139 -1.34997
   0.38747  0.10186 -1.39576
   0.37184  0.10214 -1.43730
   0.35623  0.10222 -1.47827
   0.34060  0.10211 -1.51946
   0.32495  0.10183 -1.56100
   0.30922  0.10136 -1.60698
   0.29341  0.10071 -1.65920
   0.27748  0.09986 -1.72232
   0.26146  0.09879 -1.78963
   0.24543  0.09748 -1.86146
   0.22953  0.09591 -1.93583
   0.21394  0.09409 -2.00982
   0.19886  0.09203 -2.08805
   0.18446  0.08977 -2.17250
   0.17067  0.08727 -2.24881
   0.15723  0.08447 -2.31193
   0.14365  0.08123 -2.32268
   0.12926  0.07737 -2.28399
   0.11403  0.07303 -2.27755
   0.09948  0.06885 -2.43332
   0.08728  0.06531 -2.91091
   0.07706  0.06182 -3.33533
   0.06768  0.05773 -3.32312
   0.05816  0.05272 -3.06115
   0.04828  0.04698 -2.85682
   0.03908  0.04135 -2.89484
   0.03139  0.03638 -3.01659
   0.02510  0.03207 -3.20737
   0.01988  0.02823 -3.49192
   0.01554  0.02471 -3.71404
   0.01200  0.02153 -3.89820
   0.00912  0.01869 -4.16474
   0.00680  0.01617 -4.45665
   0.00494  0.01389 -4.76100
   0.00343  0.01179 -5.07242
   0.00223  0.00984 -5.39624
   0.00129  0.00800 -5.67101
   0.00059  0.00624 -5.90571
   0.00012  0.00455 -5.99503
  -0.00014  0.00291 -5.89306
  -0.00016  0.00132 -5.53291
   0.00005 -0.00026 -4.77201
   0.00053 -0.00182 -3.67296
   0.00125 -0.00340 -2.61136
   0.00225 -0.00499 -1.68010
   0.00352 -0.00662 -0.93583
   0.00510 -0.00831 -0.35305
   0.00705 -0.01007  0.09055
   0.00942 -0.01192  0.41885
   0.01229 -0.01386  0.65487
   0.01567 -0.01586  0.81396
   0.01960 -0.01782  0.91818
   0.02410 -0.01967  0.97573
   0.02925 -0.02142  0.99810
   0.03520 -0.02312  0.99747
   0.04212 -0.02491  0.98367
   0.05003 -0.02701  0.96268
   0.05862 -0.02959  0.92960
   0.06746 -0.03230  0.88130
   0.07656 -0.03465  0.82650
   0.08651 -0.03645  0.79174
   0.09809 -0.03805  0.76974
   0.11162 -0.03997  0.73097
   0.12598 -0.04213  0.67634
   0.13997 -0.04411  0.61904
   0.15342 -0.04564  0.57084
   0.16688 -0.04671  0.54126
   0.18095 -0.04743  0.52126
   0.19606 -0.04791  0.50611
   0.21233 -0.04825  0.48811
   0.22908 -0.04848  0.46712
   0.24564 -0.04857  0.44815
   0.26232 -0.04855  0.43055
   0.27911 -0.04839  0.41436
   0.29553 -0.04810  0.40062
   0.31168 -0.04769  0.38970
   0.32772 -0.04718  0.38138
   0.34379 -0.04657  0.37433
   0.36001 -0.04588  0.36851
   0.37644 -0.04513  0.36296
   0.39311 -0.04433  0.35775
   0.40997 -0.04352  0.35122
   0.42677 -0.04269  0.34403
   0.44350 -0.04187  0.33595
   0.46021 -0.04104  0.32786
   0.47699 -0.04019  0.31880
   0.49386 -0.03932  0.30951
   0.51062 -0.03844  0.29769
   0.52715 -0.03753  0.28459
   0.54343 -0.03655  0.27265
   0.55948 -0.03547  0.26197
   0.57530 -0.03427  0.25334
   0.59093 -0.03289  0.24986
   0.60643 -0.03132  0.25312
   0.62186 -0.02956  0.26534
   0.63727 -0.02766  0.28102
   0.65271 -0.02567  0.29750
   0.66823 -0.02365  0.31518
   0.68386 -0.02166  0.33050
   0.69960 -0.01975  0.34371
   0.71548 -0.01798  0.35018
   0.73148 -0.01636  0.35265
   0.74758 -0.01488  0.35322
   0.76377 -0.01354  0.35198
   0.78001 -0.01232  0.34858
   0.79626 -0.01123  0.34415
   0.81249 -0.01026  0.33718
   0.82866 -0.00937  0.32944
   0.84477 -0.00855  0.32119
   0.86083 -0.00774  0.31403
   0.87690 -0.00693  0.30761
   0.89306 -0.00609  0.30447
   0.90942 -0.00515  0.30713
   0.92600 -0.00416  0.31618
   0.94235 -0.00316  0.32735
   0.95766 -0.00225  0.34120
   0.97132 -0.00149  0.35613
   0.98326 -0.00085  0.38029
   0.99372 -0.00031  0.42623
   1.00000  0.00000  0.56577
