                                                
 Alfa =  10.00000 Re =  4000000.000 Xflap,Yflap =     0.000000    0.000000
#    x        y        Cp  
   1.00000  0.00000  0.54962
   0.99375  0.00130  0.44907
   0.98334  0.00410  0.27052
   0.97164  0.00719  0.15744
   0.95877  0.01024  0.09775
   0.94451  0.01330  0.07180
   0.92906  0.01649  0.04336
   0.91284  0.01980  0.01452
   0.89621  0.02319 -0.01597
   0.87940  0.02661 -0.04571
   0.86251  0.03007 -0.07703
   0.84558  0.03356 -0.10811
   0.82863  0.03706 -0.13977
   0.81166  0.04057 -0.17246
   0.79467  0.04411 -0.20684
   0.77768  0.04764 -0.24146
   0.76070  0.05118 -0.27864
   0.74374  0.05470 -0.31619
   0.72682  0.05820 -0.35558
   0.70995  0.06166 -0.39684
   0.69314  0.06509 -0.44013
   0.67639  0.06846 -0.48543
   0.65972  0.07177 -0.53297
   0.64316  0.07500 -0.58560
   0.62676  0.07812 -0.63911
   0.61050  0.08109 -0.69216
   0.59434  0.08391 -0.74309
   0.57822  0.08659 -0.79172
   0.56209  0.08911 -0.83685
   0.54593  0.09150 -0.88411
   0.52981  0.09374 -0.93537
   0.51377  0.09582 -0.98711
   0.49781  0.09772 -1.03715
   0.48189  0.09943 -1.08520
   0.46598  0.10095 -1.13044
   0.45004  0.10229 -1.17321
   0.43410  0.10346 -1.21878
   0.41820  0.10444 -1.26731
   0.40238  0.10522 -1.31482
   0.38658  0.10579 -1.35742
   0.37078  0.10615 -1.39832
   0.35497  0.10632 -1.44143
   0.33919  0.10628 -1.48493
   0.32345  0.10604 -1.53085
   0.30779  0.10558 -1.57716
   0.29217  0.10490 -1.62178
   0.27660  0.10401 -1.66616
   0.26106  0.10289 -1.71282
   0.24563  0.10155 -1.76626
   0.23031  0.09998 -1.82021
   0.21513  0.09817 -1.87511
   0.20008  0.09612 -1.93594
   0.18523  0.09383 -2.00055
   0.17060  0.09129 -2.07029
   0.15625  0.08849 -2.14464
   0.14221  0.08542 -2.22006
   0.12852  0.08209 -2.29985
   0.11525  0.07850 -2.38827
   0.10253  0.07468 -2.48454
   0.09046  0.07064 -2.58584
   0.07911  0.06642 -2.67605
   0.06854  0.06205 -2.76099
   0.05889  0.05765 -2.87022
   0.05025  0.05330 -2.98172
   0.04263  0.04904 -3.07220
   0.03597  0.04492 -3.15170
   0.03020  0.04099 -3.22730
   0.02522  0.03726 -3.30169
   0.02095  0.03376 -3.38454
   0.01729  0.03045 -3.46044
   0.01417  0.02732 -3.50132
   0.01152  0.02435 -3.50295
   0.00924  0.02153 -3.48153
   0.00730  0.01884 -3.44552
   0.00564  0.01627 -3.41594
   0.00423  0.01383 -3.37318
   0.00305  0.01150 -3.33737
   0.00208  0.00930 -3.29615
   0.00131  0.00721 -3.26162
   0.00071  0.00521 -3.20431
   0.00026  0.00326 -3.12661
  -0.00003  0.00135 -3.17568
  -0.00013 -0.00052 -3.18435
   0.00002 -0.00233 -3.04255
   0.00049 -0.00409 -2.43988
   0.00131 -0.00579 -1.52189
   0.00247 -0.00744 -0.73528
   0.00394 -0.00906 -0.15779
   0.00568 -0.01062  0.24475
   0.00770 -0.01212  0.53220
   0.01001 -0.01359  0.72702
   0.01261 -0.01508  0.84790
   0.01553 -0.01661  0.92328
   0.01884 -0.01820  0.96975
   0.02261 -0.01984  0.99373
   0.02693 -0.02156  0.99991
   0.03194 -0.02335  0.99161
   0.03777 -0.02523  0.97152
   0.04459 -0.02721  0.94183
   0.05259 -0.02929  0.90491
   0.06193 -0.03146  0.86200
   0.07265 -0.03368  0.81593
   0.08469 -0.03591  0.76801
   0.09786 -0.03807  0.72130
   0.11196 -0.04010  0.67767
   0.12678 -0.04201  0.63600
   0.14207 -0.04377  0.59754
   0.15768 -0.04536  0.56206
   0.17356 -0.04680  0.52987
   0.18961 -0.04810  0.49944
   0.20578 -0.04925  0.47162
   0.22203 -0.05026  0.44553
   0.23835 -0.05113  0.42169
   0.25474 -0.05187  0.40003
   0.27120 -0.05248  0.37950
   0.28769 -0.05298  0.36023
   0.30421 -0.05336  0.34214
   0.32073 -0.05362  0.32517
   0.33727 -0.05377  0.30987
   0.35384 -0.05380  0.29592
   0.37046 -0.05372  0.28369
   0.38711 -0.05354  0.27096
   0.40374 -0.05326  0.25896
   0.42034 -0.05287  0.24792
   0.43694 -0.05238  0.23926
   0.45357 -0.05177  0.23114
   0.47024 -0.05107  0.22451
   0.48694 -0.05026  0.21817
   0.50363 -0.04937  0.21178
   0.52031 -0.04838  0.20682
   0.53698 -0.04730  0.20332
   0.55367 -0.04611  0.20145
   0.57043 -0.04483  0.20137
   0.58729 -0.04347  0.20186
   0.60424 -0.04203  0.20293
   0.62126 -0.04055  0.20348
   0.63830 -0.03902  0.20371
   0.65536 -0.03745  0.20428
   0.67246 -0.03584  0.20566
   0.68962 -0.03419  0.20683
   0.70681 -0.03252  0.20839
   0.72402 -0.03083  0.20868
   0.74125 -0.02912  0.21060
   0.75852 -0.02739  0.21183
   0.77582 -0.02566  0.21301
   0.79312 -0.02393  0.21390
   0.81042 -0.02218  0.21481
   0.82772 -0.02044  0.21651
   0.84501 -0.01870  0.21644
   0.86226 -0.01697  0.21788
   0.87945 -0.01524  0.21868
   0.89645 -0.01353  0.21781
   0.91313 -0.01184  0.21692
   0.92928 -0.01015  0.21661
   0.94459 -0.00847  0.21400
   0.95869 -0.00677  0.21139
   0.97145 -0.00488  0.24054
   0.98315 -0.00279  0.32286
   0.99369 -0.00080  0.47971
   1.00000  0.00000  0.54962
