                                                
 Alfa =  10.00000 Re =  4000000.000 Xflap,Yflap =     0.000000    0.000000
#    x        y        Cp  
   1.00000  0.00000  0.70963
   0.99300  0.00372  0.42865
   0.98195  0.00936  0.26650
   0.97012  0.01507  0.14402
   0.95739  0.02086  0.04444
   0.94360  0.02671 -0.03526
   0.92854  0.03269 -0.09292
   0.91206  0.03887 -0.13802
   0.89412  0.04536 -0.18037
   0.87497  0.05216 -0.23494
   0.85500  0.05913 -0.29230
   0.83465  0.06610 -0.35107
   0.81425  0.07297 -0.41098
   0.79390  0.07970 -0.47197
   0.77355  0.08633 -0.53633
   0.75310  0.09286 -0.60375
   0.73257  0.09930 -0.67491
   0.71208  0.10559 -0.75155
   0.69186  0.11166 -0.83600
   0.67217  0.11743 -0.93196
   0.65312  0.12279 -1.03022
   0.63468  0.12772 -1.12798
   0.61670  0.13223 -1.22052
   0.59898  0.13633 -1.30412
   0.58124  0.14004 -1.36588
   0.56324  0.14345 -1.41240
   0.54480  0.14661 -1.45377
   0.52582  0.14956 -1.49384
   0.50634  0.15234 -1.53893
   0.48658  0.15495 -1.60359
   0.46690  0.15736 -1.69250
   0.44760  0.15948 -1.78991
   0.42881  0.16127 -1.89145
   0.41055  0.16269 -1.99245
   0.39275  0.16375 -2.08994
   0.37529  0.16443 -2.18050
   0.35808  0.16473 -2.26468
   0.34106  0.16466 -2.34663
   0.32422  0.16421 -2.42332
   0.30757  0.16337 -2.49596
   0.29114  0.16215 -2.56234
   0.27500  0.16055 -2.62338
   0.25917  0.15858 -2.67753
   0.24367  0.15626 -2.72561
   0.22844  0.15358 -2.76800
   0.21344  0.15053 -2.80173
   0.19858  0.14709 -2.82619
   0.18376  0.14325 -2.82765
   0.16895  0.13901 -2.82228
   0.15439  0.13450 -2.83299
   0.14055  0.12995 -2.91329
   0.12786  0.12551 -3.06441
   0.11637  0.12111 -3.20474
   0.10589  0.11666 -3.31152
   0.09620  0.11204 -3.33367
   0.08705  0.10718 -3.20485
   0.07832  0.10219 -3.06287
   0.07009  0.09732 -3.03467
   0.06253  0.09276 -3.18973
   0.05574  0.08845 -3.36167
   0.04967  0.08429 -3.50261
   0.04422  0.08020 -3.54909
   0.03929  0.07614 -3.52776
   0.03482  0.07214 -3.47486
   0.03076  0.06820 -3.41143
   0.02707  0.06436 -3.33576
   0.02372  0.06061 -3.25691
   0.02069  0.05696 -3.16459
   0.01792  0.05341 -3.06028
   0.01538  0.04991 -2.94605
   0.01303  0.04646 -2.83294
   0.01083  0.04306 -2.74194
   0.00878  0.03972 -2.69571
   0.00690  0.03645 -2.66587
   0.00520  0.03329 -2.64543
   0.00369  0.03023 -2.62553
   0.00237  0.02727 -2.60755
   0.00123  0.02441 -2.57906
   0.00028  0.02164 -2.54136
  -0.00050  0.01896 -2.48871
  -0.00109  0.01636 -2.42415
  -0.00151  0.01383 -2.32574
  -0.00175  0.01137 -2.19248
  -0.00180  0.00897 -2.02927
  -0.00166  0.00663 -1.81618
  -0.00131  0.00434 -1.55535
  -0.00075  0.00210 -1.25230
   0.00004 -0.00010 -0.90202
   0.00108 -0.00226 -0.53109
   0.00238 -0.00439 -0.18145
   0.00392 -0.00649  0.11056
   0.00570 -0.00854  0.35737
   0.00773 -0.01055  0.55049
   0.01000 -0.01249  0.70133
   0.01251 -0.01435  0.81517
   0.01524 -0.01609  0.89684
   0.01820 -0.01773  0.95056
   0.02140 -0.01931  0.98182
   0.02483 -0.02087  0.99645
   0.02848 -0.02248  0.99994
   0.03235 -0.02414  0.99489
   0.03643 -0.02579  0.98200
   0.04072 -0.02740  0.96112
   0.04524 -0.02888  0.93300
   0.05002 -0.03018  0.89894
   0.05514 -0.03123  0.86585
   0.06070 -0.03201  0.83680
   0.06683 -0.03257  0.81279
   0.07367 -0.03297  0.79285
   0.08128 -0.03332  0.76831
   0.08965 -0.03362  0.73729
   0.09872 -0.03378  0.70553
   0.10853 -0.03368  0.68023
   0.11926 -0.03328  0.66306
   0.13118 -0.03259  0.65087
   0.14458 -0.03164  0.64224
   0.15961 -0.03056  0.62875
   0.17604 -0.02943  0.60748
   0.19336 -0.02817  0.58594
   0.21120 -0.02669  0.57045
   0.22953 -0.02494  0.56279
   0.24841 -0.02298  0.55906
   0.26785 -0.02088  0.55799
   0.28780 -0.01872  0.55857
   0.30816 -0.01661  0.55792
   0.32873 -0.01464  0.55519
   0.34937 -0.01284  0.55126
   0.36998 -0.01122  0.54685
   0.39058 -0.00979  0.54128
   0.41125 -0.00856  0.53409
   0.43215 -0.00750  0.52506
   0.45339 -0.00659  0.51500
   0.47502 -0.00580  0.50501
   0.49699 -0.00509  0.49457
   0.51917 -0.00445  0.48634
   0.54137 -0.00388  0.47887
   0.56348 -0.00339  0.47211
   0.58546 -0.00300  0.46502
   0.60736 -0.00272  0.45743
   0.62927 -0.00254  0.44864
   0.65128 -0.00247  0.43957
   0.67342 -0.00248  0.42950
   0.69565 -0.00257  0.41925
   0.71789 -0.00273  0.40818
   0.74004 -0.00292  0.39683
   0.76203 -0.00312  0.38603
   0.78385 -0.00330  0.37636
   0.80555 -0.00343  0.36947
   0.82718 -0.00351  0.36654
   0.84861 -0.00359  0.36444
   0.86950 -0.00375  0.36056
   0.88936 -0.00400  0.35321
   0.90778 -0.00437  0.33284
   0.92460 -0.00471  0.30291
   0.93998 -0.00478  0.28205
   0.95418 -0.00446  0.28362
   0.96749 -0.00371  0.31439
   0.98011 -0.00259  0.37294
   0.99219 -0.00114  0.47670
   1.00000  0.00000  0.70963
