                                                
 Alfa =  10.00000 Re =  4000000.000 Xflap,Yflap =     0.000000    0.000000
#    x        y        Cp  
   1.00000  0.00000  0.63424
   0.99530  0.00228  0.33174
   0.98760  0.00582  0.15476
   0.97897  0.00950  0.01223
   0.96925  0.01328 -0.10735
   0.95827  0.01712 -0.21270
   0.94599  0.02089 -0.28649
   0.93263  0.02442 -0.32581
   0.91862  0.02766 -0.33719
   0.90439  0.03060 -0.33536
   0.89016  0.03336 -0.33954
   0.87593  0.03600 -0.34827
   0.86167  0.03855 -0.36028
   0.84735  0.04103 -0.36842
   0.83295  0.04347 -0.37818
   0.81847  0.04589 -0.39014
   0.80392  0.04831 -0.40275
   0.78932  0.05074 -0.42155
   0.77469  0.05319 -0.44485
   0.76006  0.05564 -0.47234
   0.74545  0.05807 -0.49946
   0.73086  0.06047 -0.53049
   0.71630  0.06284 -0.55839
   0.70176  0.06517 -0.59159
   0.68723  0.06744 -0.61875
   0.67271  0.06966 -0.65088
   0.65818  0.07183 -0.67837
   0.64365  0.07394 -0.70917
   0.62910  0.07600 -0.73900
   0.61454  0.07801 -0.77200
   0.59998  0.07995 -0.80254
   0.58542  0.08184 -0.83686
   0.57086  0.08366 -0.87328
   0.55632  0.08541 -0.90798
   0.54179  0.08709 -0.94530
   0.52727  0.08868 -0.98396
   0.51275  0.09020 -1.02135
   0.49822  0.09163 -1.06112
   0.48368  0.09296 -1.09889
   0.46910  0.09422 -1.13847
   0.45448  0.09538 -1.17938
   0.43984  0.09646 -1.22302
   0.42518  0.09746 -1.26960
   0.41052  0.09837 -1.32322
   0.39589  0.09920 -1.38402
   0.38132  0.09993 -1.46072
   0.36685  0.10053 -1.54330
   0.35250  0.10096 -1.63107
   0.33826  0.10118 -1.71553
   0.32414  0.10118 -1.80035
   0.31012  0.10090 -1.87743
   0.29617  0.10034 -1.94117
   0.28227  0.09945 -1.98098
   0.26839  0.09827 -2.00996
   0.25450  0.09680 -2.03348
   0.24059  0.09506 -2.05207
   0.22665  0.09306 -2.07087
   0.21267  0.09081 -2.09204
   0.19864  0.08833 -2.12111
   0.18458  0.08562 -2.17120
   0.17053  0.08267 -2.23386
   0.15662  0.07947 -2.30318
   0.14302  0.07606 -2.39934
   0.12992  0.07241 -2.50833
   0.11734  0.06848 -2.60063
   0.10513  0.06414 -2.65676
   0.09305  0.05921 -2.58148
   0.08065  0.05362 -2.41724
   0.06764  0.04753 -2.41980
   0.05482  0.04131 -2.59208
   0.04336  0.03530 -2.76622
   0.03459  0.03029 -2.93374
   0.02663  0.02529 -3.13524
   0.01691  0.01842 -3.21764
   0.00964  0.01296 -3.99171
   0.00613  0.01011 -5.12921
   0.00388  0.00804 -6.30826
   0.00230  0.00633 -7.67372
   0.00118  0.00482 -9.27185
   0.00042  0.00346-11.07542
  -0.00001  0.00219-12.57852
  -0.00014  0.00099-13.03912
   0.00005 -0.00016-11.08046
   0.00058 -0.00130 -7.40415
   0.00147 -0.00243 -4.39702
   0.00274 -0.00357 -2.30899
   0.00447 -0.00475 -0.94447
   0.00682 -0.00598 -0.06113
   0.01016 -0.00727  0.50606
   0.01535 -0.00848  0.86576
   0.02377 -0.00887  0.99591
   0.03387 -0.00907  0.99301
   0.04528 -0.00958  0.95929
   0.05832 -0.00986  0.91115
   0.07253 -0.00967  0.86902
   0.08715 -0.00936  0.82914
   0.10158 -0.00895  0.79281
   0.11579 -0.00838  0.76578
   0.12999 -0.00770  0.74451
   0.14433 -0.00701  0.72679
   0.15885 -0.00638  0.70860
   0.17351 -0.00585  0.68886
   0.18825 -0.00537  0.66976
   0.20304 -0.00490  0.65208
   0.21784 -0.00443  0.63702
   0.23263 -0.00395  0.62412
   0.24740 -0.00348  0.61224
   0.26216 -0.00303  0.60121
   0.27689 -0.00260  0.59142
   0.29161 -0.00221  0.58132
   0.30631 -0.00186  0.57180
   0.32102 -0.00156  0.56181
   0.33575 -0.00130  0.55168
   0.35050 -0.00108  0.54125
   0.36528 -0.00088  0.53254
   0.38008 -0.00071  0.52205
   0.39490 -0.00055  0.51360
   0.40972 -0.00040  0.50581
   0.42454 -0.00027  0.49864
   0.43933 -0.00015  0.49157
   0.45411 -0.00006  0.48491
   0.46886  0.00000  0.47867
   0.48359  0.00002  0.47233
   0.49830  0.00000  0.46496
   0.51301 -0.00006  0.45680
   0.52773 -0.00017  0.44800
   0.54246 -0.00032  0.43868
   0.55721 -0.00048  0.43032
   0.57198 -0.00066  0.42031
   0.58677 -0.00084  0.41139
   0.60157 -0.00102  0.40350
   0.61637 -0.00118  0.39638
   0.63116 -0.00133  0.39013
   0.64593 -0.00147  0.38469
   0.66070 -0.00161  0.37834
   0.67545 -0.00175  0.37294
   0.69023 -0.00190  0.36764
   0.70503 -0.00206  0.36187
   0.71985 -0.00223  0.35665
   0.73461 -0.00242  0.35145
   0.74933 -0.00262  0.34421
   0.76401 -0.00285  0.33789
   0.77871 -0.00310  0.33020
   0.79348 -0.00337  0.32301
   0.80823 -0.00367  0.31098
   0.82275 -0.00398  0.29939
   0.83702 -0.00425  0.28635
   0.85108 -0.00448  0.27505
   0.86500 -0.00463  0.26286
   0.87889 -0.00468  0.25667
   0.89290 -0.00460  0.24975
   0.90727 -0.00435  0.25279
   0.92192 -0.00394  0.26107
   0.93632 -0.00339  0.27711
   0.95086 -0.00274  0.29436
   0.96433 -0.00207  0.31656
   0.97601 -0.00144  0.34705
   0.98606 -0.00086  0.38742
   0.99478 -0.00033  0.45176
   1.00000  0.00000  0.63424
