                                                
 Alfa =  10.00000 Re =  4000000.000 Xflap,Yflap =     0.000000    0.000000
#    x        y        Cp  
   1.00000  0.00025  0.46263
   0.99422  0.00094  0.25985
   0.98464  0.00209  0.19845
   0.97371  0.00341  0.15335
   0.96122  0.00490  0.11524
   0.94714  0.00659  0.08092
   0.93208  0.00840  0.04902
   0.91706  0.01020  0.02173
   0.90190  0.01202 -0.00416
   0.88672  0.01385 -0.02795
   0.87159  0.01567 -0.05188
   0.85640  0.01749 -0.07376
   0.84113  0.01932 -0.09659
   0.82587  0.02116 -0.11744
   0.81060  0.02299 -0.13960
   0.79532  0.02482 -0.16044
   0.78004  0.02665 -0.18311
   0.76475  0.02849 -0.20544
   0.74947  0.03032 -0.22907
   0.73420  0.03215 -0.25444
   0.71898  0.03397 -0.28093
   0.70379  0.03577 -0.30720
   0.68864  0.03753 -0.33503
   0.67352  0.03926 -0.36126
   0.65842  0.04094 -0.38892
   0.64333  0.04258 -0.41569
   0.62826  0.04417 -0.44313
   0.61320  0.04570 -0.47078
   0.59816  0.04718 -0.49794
   0.58312  0.04859 -0.52588
   0.56810  0.04994 -0.55360
   0.55308  0.05122 -0.58172
   0.53808  0.05244 -0.61036
   0.52309  0.05357 -0.63906
   0.50812  0.05463 -0.66825
   0.49316  0.05561 -0.69753
   0.47822  0.05649 -0.72655
   0.46328  0.05729 -0.75684
   0.44836  0.05799 -0.78606
   0.43347  0.05860 -0.81729
   0.41860  0.05910 -0.84681
   0.40376  0.05949 -0.87769
   0.38892  0.05977 -0.90547
   0.37409  0.05993 -0.93443
   0.35925  0.05998 -0.96183
   0.34440  0.05991 -0.99071
   0.32959  0.05973 -1.02140
   0.31480  0.05943 -1.05193
   0.30003  0.05901 -1.08232
   0.28528  0.05846 -1.11148
   0.27050  0.05778 -1.14057
   0.25572  0.05698 -1.17142
   0.24093  0.05606 -1.20726
   0.22616  0.05503 -1.24576
   0.21144  0.05387 -1.28953
   0.19678  0.05257 -1.33606
   0.18217  0.05115 -1.38791
   0.16762  0.04958 -1.44486
   0.15314  0.04786 -1.50927
   0.13874  0.04599 -1.58355
   0.12445  0.04394 -1.67007
   0.11032  0.04171 -1.76853
   0.09641  0.03929 -1.88782
   0.08282  0.03668 -2.03381
   0.06977  0.03388 -2.21109
   0.05755  0.03095 -2.42176
   0.04632  0.02792 -2.69501
   0.03632  0.02486 -3.05009
   0.02803  0.02195 -3.43791
   0.02149  0.01934 -3.93903
   0.01640  0.01700 -4.49677
   0.01242  0.01487 -5.04581
   0.00925  0.01293 -5.63772
   0.00669  0.01114 -6.61506
   0.00462  0.00937 -7.72452
   0.00299  0.00756 -8.07989
   0.00177  0.00579 -8.30396
   0.00090  0.00408 -8.42015
   0.00033  0.00242 -8.28177
   0.00004  0.00080 -7.82849
   0.00004 -0.00080 -6.68116
   0.00033 -0.00242 -5.09693
   0.00090 -0.00408 -3.64066
   0.00177 -0.00579 -2.37333
   0.00299 -0.00756 -1.36214
   0.00462 -0.00937 -0.56108
   0.00669 -0.01114  0.09697
   0.00925 -0.01293  0.50366
   0.01242 -0.01487  0.74499
   0.01640 -0.01700  0.89569
   0.02149 -0.01934  0.97538
   0.02803 -0.02195  0.99995
   0.03632 -0.02486  0.98401
   0.04632 -0.02792  0.94208
   0.05755 -0.03095  0.88818
   0.06977 -0.03388  0.83043
   0.08282 -0.03668  0.77332
   0.09641 -0.03929  0.71958
   0.11032 -0.04171  0.66987
   0.12445 -0.04394  0.62403
   0.13874 -0.04599  0.58231
   0.15314 -0.04786  0.54397
   0.16762 -0.04958  0.50858
   0.18217 -0.05115  0.47551
   0.19678 -0.05257  0.44547
   0.21144 -0.05387  0.41675
   0.22616 -0.05503  0.39074
   0.24093 -0.05606  0.36554
   0.25572 -0.05698  0.34224
   0.27050 -0.05778  0.31922
   0.28528 -0.05846  0.29767
   0.30003 -0.05901  0.27807
   0.31480 -0.05943  0.25998
   0.32959 -0.05973  0.24429
   0.34441 -0.05991  0.22939
   0.35925 -0.05998  0.21526
   0.37409 -0.05993  0.20225
   0.38892 -0.05977  0.19032
   0.40376 -0.05949  0.18003
   0.41860 -0.05910  0.17121
   0.43347 -0.05860  0.16371
   0.44836 -0.05799  0.15729
   0.46328 -0.05729  0.15149
   0.47822 -0.05649  0.14664
   0.49316 -0.05561  0.14247
   0.50812 -0.05463  0.13908
   0.52309 -0.05357  0.13674
   0.53808 -0.05244  0.13444
   0.55308 -0.05122  0.13339
   0.56810 -0.04994  0.13219
   0.58312 -0.04859  0.13192
   0.59816 -0.04718  0.13212
   0.61320 -0.04570  0.13267
   0.62826 -0.04417  0.13421
   0.64333 -0.04258  0.13564
   0.65842 -0.04094  0.13816
   0.67352 -0.03926  0.14069
   0.68864 -0.03753  0.14428
   0.70379 -0.03577  0.14722
   0.71898 -0.03397  0.15190
   0.73421 -0.03215  0.15514
   0.74947 -0.03032  0.15934
   0.76475 -0.02849  0.16233
   0.78004 -0.02665  0.16476
   0.79532 -0.02482  0.16649
   0.81060 -0.02299  0.17026
   0.82587 -0.02116  0.17089
   0.84113 -0.01932  0.17472
   0.85640 -0.01749  0.17682
   0.87159 -0.01567  0.18039
   0.88672 -0.01385  0.18396
   0.90190 -0.01202  0.18915
   0.91706 -0.01020  0.19380
   0.93208 -0.00840  0.20082
   0.94714 -0.00659  0.20935
   0.96122 -0.00490  0.22164
   0.97371 -0.00341  0.23653
   0.98464 -0.00209  0.25862
   0.99422 -0.00094  0.29478
   1.00000 -0.00025  0.46263
