                                                
 Alfa =  10.00000 Re =  4000000.000 Xflap,Yflap =     0.000000    0.000000
#    x        y        Cp  
   0.99999  0.00081  0.21981
   0.99420  0.00138  0.11313
   0.98236  0.00253  0.05461
   0.96890  0.00383  0.01693
   0.95505  0.00515 -0.01141
   0.94113  0.00646 -0.03948
   0.92722  0.00775 -0.06306
   0.91329  0.00902 -0.08195
   0.89936  0.01028 -0.10263
   0.88543  0.01151 -0.12001
   0.87149  0.01273 -0.13693
   0.85755  0.01393 -0.15478
   0.84361  0.01512 -0.17059
   0.82967  0.01628 -0.18595
   0.81572  0.01744 -0.20184
   0.80178  0.01857 -0.21754
   0.78783  0.01970 -0.23261
   0.77388  0.02080 -0.24712
   0.75993  0.02190 -0.26241
   0.74598  0.02297 -0.27704
   0.73202  0.02403 -0.29242
   0.71807  0.02508 -0.30767
   0.70412  0.02610 -0.32274
   0.69016  0.02712 -0.33829
   0.67621  0.02811 -0.35454
   0.66226  0.02909 -0.37002
   0.64830  0.03005 -0.38476
   0.63436  0.03098 -0.40304
   0.62041  0.03190 -0.41825
   0.60646  0.03280 -0.43567
   0.59251  0.03368 -0.45344
   0.57856  0.03453 -0.47036
   0.56462  0.03536 -0.48870
   0.55067  0.03617 -0.50552
   0.53673  0.03695 -0.52601
   0.52279  0.03770 -0.54358
   0.50886  0.03843 -0.56384
   0.49491  0.03913 -0.58334
   0.48097  0.03980 -0.60483
   0.46704  0.04044 -0.62525
   0.45310  0.04105 -0.64769
   0.43917  0.04163 -0.67028
   0.42524  0.04217 -0.69438
   0.41130  0.04268 -0.71943
   0.39738  0.04316 -0.74510
   0.38346  0.04360 -0.77278
   0.36955  0.04400 -0.80200
   0.35564  0.04435 -0.83163
   0.34173  0.04467 -0.86386
   0.32784  0.04493 -0.89868
   0.31397  0.04514 -0.93521
   0.30010  0.04529 -0.97210
   0.28624  0.04539 -1.01363
   0.27241  0.04541 -1.05813
   0.25859  0.04536 -1.10353
   0.24480  0.04524 -1.15340
   0.23103  0.04503 -1.20804
   0.21728  0.04472 -1.26369
   0.20357  0.04431 -1.32778
   0.18990  0.04378 -1.39489
   0.17627  0.04313 -1.46934
   0.16269  0.04234 -1.55195
   0.14919  0.04140 -1.63997
   0.13574  0.04028 -1.74193
   0.12241  0.03898 -1.85412
   0.10917  0.03746 -1.97889
   0.09607  0.03571 -2.12634
   0.08314  0.03369 -2.29446
   0.07044  0.03137 -2.50113
   0.05806  0.02872 -2.74948
   0.04612  0.02570 -3.06748
   0.03487  0.02230 -3.48423
   0.02482  0.01862 -4.03664
   0.01665  0.01496 -4.75385
   0.01076  0.01171 -5.62664
   0.00678  0.00902 -6.64955
   0.00409  0.00679 -7.88160
   0.00223  0.00488 -9.50275
   0.00098  0.00315-11.60264
   0.00024  0.00153-13.54593
  -0.00000  0.00001-13.72667
   0.00027 -0.00149-10.80154
   0.00115 -0.00296 -5.52479
   0.00259 -0.00438 -2.42103
   0.00464 -0.00577 -0.69098
   0.00749 -0.00720  0.23812
   0.01155 -0.00873  0.72660
   0.01750 -0.01039  0.94729
   0.02596 -0.01207  0.99996
   0.03669 -0.01352  0.96770
   0.04879 -0.01458  0.91032
   0.06164 -0.01530  0.85279
   0.07489 -0.01574  0.80149
   0.08836 -0.01598  0.75721
   0.10197 -0.01606  0.71898
   0.11566 -0.01601  0.68581
   0.12942 -0.01585  0.65744
   0.14325 -0.01561  0.63275
   0.15713 -0.01531  0.61054
   0.17104 -0.01496  0.59086
   0.18496 -0.01457  0.57274
   0.19891 -0.01414  0.55669
   0.21288 -0.01369  0.54181
   0.22684 -0.01322  0.52798
   0.24082 -0.01273  0.51612
   0.25482 -0.01223  0.50427
   0.26882 -0.01171  0.49447
   0.28283 -0.01118  0.48429
   0.29684 -0.01066  0.47562
   0.31085 -0.01014  0.46719
   0.32487 -0.00962  0.45866
   0.33887 -0.00911  0.45142
   0.35287 -0.00861  0.44339
   0.36686 -0.00812  0.43722
   0.38085 -0.00764  0.42919
   0.39484 -0.00718  0.42376
   0.40882 -0.00674  0.41664
   0.42281 -0.00631  0.41046
   0.43678 -0.00590  0.40437
   0.45076 -0.00551  0.39824
   0.46473 -0.00515  0.39230
   0.47871 -0.00480  0.38644
   0.49269 -0.00447  0.37945
   0.50665 -0.00416  0.37505
   0.52064 -0.00388  0.36780
   0.53461 -0.00361  0.36238
   0.54859 -0.00336  0.35599
   0.56258 -0.00313  0.34979
   0.57656 -0.00292  0.34426
   0.59055 -0.00273  0.33786
   0.60452 -0.00256  0.33254
   0.61852 -0.00240  0.32549
   0.63251 -0.00227  0.31916
   0.64650 -0.00214  0.31361
   0.66049 -0.00204  0.30685
   0.67450 -0.00194  0.30022
   0.68851 -0.00186  0.29383
   0.70252 -0.00178  0.28802
   0.71654 -0.00172  0.28023
   0.73055 -0.00166  0.27487
   0.74458 -0.00161  0.26804
   0.75860 -0.00156  0.26138
   0.77261 -0.00151  0.25504
   0.78662 -0.00147  0.24943
   0.80063 -0.00142  0.24311
   0.81466 -0.00138  0.23719
   0.82869 -0.00134  0.22953
   0.84270 -0.00130  0.22779
   0.85670 -0.00126  0.21702
   0.87072 -0.00122  0.21478
   0.88476 -0.00118  0.20592
   0.89878 -0.00113  0.20230
   0.91280 -0.00108  0.19657
   0.92683 -0.00104  0.18858
   0.94084 -0.00100  0.18376
   0.95482 -0.00095  0.18053
   0.96873 -0.00091  0.17275
   0.98227 -0.00085  0.17115
   0.99418 -0.00081  0.17606
   1.00001 -0.00079  0.21981
