                                                
 Alfa =  10.00000 Re =  4000000.000 Xflap,Yflap =     0.000000    0.000000
#    x        y        Cp  
   1.00000  0.00000  0.21889
   0.99489  0.00103  0.14197
   0.98641  0.00275  0.08803
   0.97671  0.00470  0.03589
   0.96552  0.00696 -0.00173
   0.95263  0.00957 -0.03852
   0.93847  0.01242 -0.08241
   0.92451  0.01522 -0.12638
   0.91045  0.01800 -0.16451
   0.89607  0.02079 -0.20177
   0.88195  0.02344 -0.23224
   0.86802  0.02599 -0.25818
   0.85413  0.02847 -0.28362
   0.84015  0.03090 -0.30734
   0.82601  0.03332 -0.33054
   0.81167  0.03573 -0.35423
   0.79716  0.03813 -0.38039
   0.78256  0.04051 -0.40712
   0.76800  0.04285 -0.43695
   0.75343  0.04515 -0.46597
   0.73881  0.04740 -0.49521
   0.72421  0.04959 -0.52619
   0.70968  0.05170 -0.55485
   0.69521  0.05372 -0.58273
   0.68079  0.05567 -0.61059
   0.66639  0.05753 -0.63460
   0.65198  0.05932 -0.66012
   0.63757  0.06104 -0.68380
   0.62312  0.06269 -0.70708
   0.60863  0.06427 -0.73179
   0.59411  0.06580 -0.75625
   0.57954  0.06727 -0.78271
   0.56494  0.06867 -0.80921
   0.55031  0.07002 -0.83588
   0.53566  0.07131 -0.86569
   0.52101  0.07254 -0.89689
   0.50638  0.07371 -0.93040
   0.49180  0.07481 -0.97058
   0.47728  0.07584 -1.01340
   0.46284  0.07677 -1.06080
   0.44847  0.07758 -1.10402
   0.43415  0.07825 -1.14320
   0.41985  0.07876 -1.17448
   0.40556  0.07914 -1.20512
   0.39124  0.07938 -1.23158
   0.37690  0.07950 -1.25956
   0.36252  0.07948 -1.28590
   0.34810  0.07935 -1.31414
   0.33365  0.07910 -1.34225
   0.31917  0.07875 -1.37461
   0.30468  0.07829 -1.40994
   0.29020  0.07772 -1.45422
   0.27575  0.07704 -1.50188
   0.26135  0.07623 -1.55328
   0.24703  0.07529 -1.60779
   0.23278  0.07421 -1.66413
   0.21862  0.07296 -1.72387
   0.20453  0.07155 -1.78553
   0.19044  0.06994 -1.84835
   0.17631  0.06814 -1.91254
   0.16214  0.06613 -1.98655
   0.14803  0.06393 -2.07701
   0.13415  0.06157 -2.21387
   0.12067  0.05900 -2.36817
   0.10760  0.05612 -2.51648
   0.09482  0.05285 -2.60131
   0.08199  0.04913 -2.68253
   0.06840  0.04477 -2.87341
   0.05492  0.03983 -3.09815
   0.04400  0.03526 -3.31656
   0.03561  0.03132 -3.54539
   0.02794  0.02730 -3.84912
   0.01859  0.02156 -4.36665
   0.01015  0.01507 -4.76502
   0.00623  0.01156 -5.61853
   0.00390  0.00917 -6.59992
   0.00231  0.00725 -7.73171
   0.00118  0.00560 -9.00684
   0.00042  0.00412-10.41277
  -0.00004  0.00276-11.73433
  -0.00021  0.00148-12.33383
  -0.00008  0.00027-11.36331
   0.00040 -0.00092 -8.15473
   0.00125 -0.00210 -4.92475
   0.00251 -0.00333 -2.58917
   0.00434 -0.00466 -1.04663
   0.00706 -0.00624 -0.03898
   0.01178 -0.00850  0.59738
   0.02190 -0.01226  0.94749
   0.03079 -0.01451  0.99926
   0.03911 -0.01605  0.99015
   0.04956 -0.01754  0.95729
   0.06307 -0.01917  0.90797
   0.07647 -0.02058  0.85897
   0.09054 -0.02185  0.81009
   0.10439 -0.02290  0.76515
   0.11861 -0.02373  0.72550
   0.13302 -0.02437  0.69036
   0.14746 -0.02484  0.65909
   0.16185 -0.02519  0.62945
   0.17619 -0.02542  0.60218
   0.19051 -0.02551  0.57749
   0.20487 -0.02545  0.55735
   0.21932 -0.02526  0.54018
   0.23391 -0.02498  0.52550
   0.24861 -0.02463  0.51081
   0.26337 -0.02426  0.49439
   0.27808 -0.02386  0.47633
   0.29270 -0.02339  0.45928
   0.30720 -0.02283  0.44310
   0.32159 -0.02217  0.42939
   0.33593 -0.02139  0.41776
   0.35021 -0.02050  0.40768
   0.36447 -0.01948  0.39924
   0.37872 -0.01832  0.39281
   0.39296 -0.01704  0.38799
   0.40720 -0.01561  0.38627
   0.42143 -0.01404  0.38688
   0.43565 -0.01232  0.39029
   0.44984 -0.01045  0.40134
   0.46400 -0.00847  0.41590
   0.47812 -0.00647  0.43186
   0.49224 -0.00452  0.44606
   0.50638 -0.00270  0.45515
   0.52057 -0.00103  0.45692
   0.53484  0.00049  0.45685
   0.54920  0.00191  0.45466
   0.56366  0.00323  0.45157
   0.57822  0.00447  0.44775
   0.59285  0.00567  0.44543
   0.60753  0.00683  0.44348
   0.62224  0.00796  0.44437
   0.63693  0.00904  0.44574
   0.65161  0.01007  0.44552
   0.66625  0.01103  0.44861
   0.68083  0.01193  0.44939
   0.69537  0.01273  0.45078
   0.70986  0.01345  0.45379
   0.72431  0.01407  0.45425
   0.73870  0.01456  0.45693
   0.75306  0.01493  0.45591
   0.76737  0.01515  0.45630
   0.78165  0.01523  0.45520
   0.79589  0.01513  0.45052
   0.81011  0.01486  0.44512
   0.82430  0.01442  0.43515
   0.83849  0.01383  0.42423
   0.85270  0.01311  0.41151
   0.86698  0.01231  0.39830
   0.88139  0.01143  0.38588
   0.89599  0.01050  0.37577
   0.91065  0.00955  0.37135
   0.92513  0.00853  0.36887
   0.93970  0.00736  0.36678
   0.95355  0.00605  0.35782
   0.96595  0.00469  0.33855
   0.97683  0.00334  0.31820
   0.98639  0.00204  0.30105
   0.99486  0.00080  0.27734
   1.00000  0.00000  0.21889
