                                                
 Alfa =  10.00000 Re =  4000000.000 Xflap,Yflap =     0.000000    0.000000
#    x        y        Cp  
   1.00000  0.00000  0.28385
   0.99468  0.00084  0.18254
   0.98500  0.00239  0.13397
   0.97282  0.00442  0.07877
   0.95947  0.00671  0.03822
   0.94600  0.00905 -0.00859
   0.93257  0.01137 -0.04717
   0.91907  0.01364 -0.07755
   0.90550  0.01588 -0.09813
   0.89193  0.01813 -0.12424
   0.87837  0.02038 -0.15828
   0.86480  0.02261 -0.18236
   0.85118  0.02481 -0.20422
   0.83753  0.02701 -0.23251
   0.82390  0.02920 -0.25925
   0.81030  0.03136 -0.28988
   0.79672  0.03348 -0.31519
   0.78314  0.03556 -0.34617
   0.76955  0.03759 -0.36958
   0.75596  0.03957 -0.39552
   0.74236  0.04151 -0.42257
   0.72876  0.04341 -0.44775
   0.71516  0.04524 -0.47567
   0.70157  0.04702 -0.50028
   0.68797  0.04873 -0.52412
   0.67436  0.05039 -0.54830
   0.66073  0.05198 -0.57267
   0.64710  0.05352 -0.59674
   0.63346  0.05500 -0.62298
   0.61983  0.05642 -0.64768
   0.60620  0.05777 -0.67527
   0.59258  0.05904 -0.70049
   0.57896  0.06024 -0.72275
   0.56533  0.06136 -0.74824
   0.55169  0.06241 -0.77121
   0.53804  0.06337 -0.79481
   0.52439  0.06426 -0.81799
   0.51074  0.06507 -0.83973
   0.49709  0.06580 -0.86394
   0.48344  0.06645 -0.88385
   0.46977  0.06701 -0.90607
   0.45610  0.06751 -0.92648
   0.44242  0.06792 -0.94929
   0.42873  0.06827 -0.97239
   0.41504  0.06854 -0.99589
   0.40135  0.06873 -1.01996
   0.38767  0.06886 -1.04809
   0.37398  0.06891 -1.07415
   0.36031  0.06888 -1.10666
   0.34665  0.06877 -1.13761
   0.33301  0.06857 -1.16835
   0.31938  0.06827 -1.19965
   0.30574  0.06788 -1.22775
   0.29210  0.06738 -1.25827
   0.27845  0.06680 -1.29065
   0.26481  0.06613 -1.32583
   0.25115  0.06538 -1.36580
   0.23751  0.06454 -1.41863
   0.22394  0.06361 -1.47708
   0.21041  0.06256 -1.53313
   0.19688  0.06137 -1.59456
   0.18341  0.06006 -1.66585
   0.17001  0.05858 -1.73985
   0.15663  0.05693 -1.81291
   0.14329  0.05510 -1.90328
   0.13006  0.05308 -2.00976
   0.11693  0.05083 -2.11968
   0.10388  0.04831 -2.23860
   0.09097  0.04553 -2.39070
   0.07832  0.04246 -2.56952
   0.06586  0.03899 -2.76384
   0.05359  0.03508 -2.99027
   0.04188  0.03076 -3.33030
   0.03088  0.02594 -3.67752
   0.02071  0.02057 -4.24685
   0.01241  0.01507 -4.82911
   0.00669  0.01028 -5.94924
   0.00352  0.00677 -6.23768
   0.00151  0.00415 -7.93497
   0.00041  0.00236-12.09648
  -0.00004  0.00091-16.69813
   0.00012 -0.00041-14.15789
   0.00095 -0.00175 -6.55331
   0.00262 -0.00325 -2.49198
   0.00543 -0.00487 -0.34505
   0.01013 -0.00695  0.52961
   0.01788 -0.00939  0.91837
   0.02860 -0.01151  0.99993
   0.04104 -0.01328  0.97377
   0.05399 -0.01460  0.92605
   0.06754 -0.01571  0.87601
   0.08105 -0.01663  0.83048
   0.09456 -0.01740  0.78997
   0.10820 -0.01807  0.75330
   0.12189 -0.01867  0.71965
   0.13556 -0.01918  0.68926
   0.14925 -0.01963  0.66133
   0.16294 -0.02000  0.63625
   0.17665 -0.02031  0.61336
   0.19037 -0.02057  0.59241
   0.20412 -0.02078  0.57301
   0.21788 -0.02095  0.55491
   0.23164 -0.02108  0.53794
   0.24541 -0.02118  0.52136
   0.25919 -0.02126  0.50648
   0.27297 -0.02131  0.49021
   0.28674 -0.02132  0.47573
   0.30049 -0.02131  0.46107
   0.31423 -0.02125  0.44722
   0.32796 -0.02114  0.43405
   0.34169 -0.02098  0.42257
   0.35540 -0.02077  0.41165
   0.36911 -0.02049  0.40241
   0.38284 -0.02017  0.39378
   0.39658 -0.01979  0.38636
   0.41033 -0.01937  0.37851
   0.42408 -0.01892  0.37155
   0.43783 -0.01842  0.36489
   0.45157 -0.01789  0.35868
   0.46531 -0.01731  0.35275
   0.47904 -0.01669  0.34805
   0.49278 -0.01604  0.34399
   0.50652 -0.01535  0.33947
   0.52026 -0.01462  0.33687
   0.53401 -0.01386  0.33372
   0.54776 -0.01306  0.33096
   0.56151 -0.01224  0.33102
   0.57527 -0.01139  0.32882
   0.58903 -0.01052  0.32814
   0.60279 -0.00963  0.32783
   0.61656 -0.00872  0.32952
   0.63033 -0.00780  0.33049
   0.64409 -0.00689  0.33123
   0.65786 -0.00599  0.33312
   0.67163 -0.00510  0.33336
   0.68540 -0.00423  0.33354
   0.69917 -0.00338  0.33400
   0.71293 -0.00255  0.33698
   0.72668 -0.00175  0.33604
   0.74043 -0.00099  0.33941
   0.75415 -0.00027  0.34038
   0.76785  0.00040  0.34176
   0.78152  0.00101  0.34282
   0.79517  0.00156  0.34280
   0.80885  0.00202  0.34171
   0.82255  0.00242  0.34162
   0.83621  0.00274  0.33950
   0.84979  0.00296  0.33983
   0.86341  0.00305  0.33153
   0.87714  0.00307  0.32372
   0.89080  0.00302  0.32265
   0.90433  0.00286  0.31457
   0.91791  0.00258  0.29250
   0.93156  0.00229  0.28666
   0.94506  0.00202  0.28599
   0.95868  0.00167  0.28239
   0.97231  0.00120  0.26659
   0.98475  0.00070  0.26217
   0.99461  0.00026  0.25462
   1.00000  0.00000  0.28385
