                                                
 Alfa =  10.00000 Re =  4000000.000 Xflap,Yflap =     0.000000    0.000000
#    x        y        Cp  
   1.00025  0.00124  0.63997
   0.99416  0.00334  0.36317
   0.98354  0.00696  0.25838
   0.97109  0.01111  0.16184
   0.95712  0.01569  0.07810
   0.94209  0.02050  0.00578
   0.92638  0.02539 -0.06065
   0.91028  0.03027 -0.12087
   0.89396  0.03508 -0.17750
   0.87752  0.03979 -0.23148
   0.86098  0.04439 -0.28211
   0.84439  0.04887 -0.33106
   0.82776  0.05322 -0.37824
   0.81109  0.05745 -0.42345
   0.79439  0.06155 -0.46933
   0.77766  0.06552 -0.51149
   0.76088  0.06936 -0.55443
   0.74406  0.07307 -0.59612
   0.72723  0.07666 -0.63845
   0.71039  0.08011 -0.68037
   0.69354  0.08343 -0.72210
   0.67668  0.08661 -0.76318
   0.65980  0.08966 -0.80439
   0.64290  0.09257 -0.84509
   0.62599  0.09533 -0.88635
   0.60907  0.09796 -0.92706
   0.59213  0.10045 -0.97005
   0.57520  0.10280 -1.01126
   0.55827  0.10499 -1.05592
   0.54135  0.10704 -1.09863
   0.52445  0.10894 -1.14327
   0.50756  0.11068 -1.18827
   0.49066  0.11226 -1.23538
   0.47373  0.11370 -1.28216
   0.45680  0.11498 -1.33307
   0.43994  0.11610 -1.39124
   0.42325  0.11705 -1.45722
   0.40679  0.11779 -1.52562
   0.39054  0.11831 -1.58989
   0.37448  0.11860 -1.65511
   0.35856  0.11863 -1.71321
   0.34274  0.11840 -1.77137
   0.32700  0.11791 -1.82254
   0.31131  0.11715 -1.86961
   0.29568  0.11611 -1.91628
   0.28011  0.11481 -1.96195
   0.26461  0.11323 -2.00519
   0.24920  0.11138 -2.04793
   0.23390  0.10925 -2.09109
   0.21873  0.10684 -2.13547
   0.20371  0.10416 -2.17672
   0.18885  0.10120 -2.21917
   0.17417  0.09795 -2.26403
   0.15970  0.09442 -2.30519
   0.14548  0.09062 -2.35313
   0.13158  0.08655 -2.40061
   0.11805  0.08224 -2.45231
   0.10499  0.07772 -2.50978
   0.09251  0.07304 -2.57381
   0.08078  0.06826 -2.64388
   0.06992  0.06347 -2.72306
   0.06006  0.05876 -2.80688
   0.05122  0.05421 -2.90338
   0.04343  0.04988 -3.00704
   0.03667  0.04582 -3.11276
   0.03085  0.04207 -3.23958
   0.02586  0.03861 -3.37616
   0.02157  0.03539 -3.50684
   0.01785  0.03238 -3.63312
   0.01461  0.02954 -3.78027
   0.01177  0.02685 -3.94162
   0.00931  0.02428 -4.08350
   0.00719  0.02183 -4.20920
   0.00535  0.01951 -4.36144
   0.00379  0.01729 -4.60225
   0.00249  0.01515 -4.76412
   0.00144  0.01308 -4.85073
   0.00061  0.01105 -4.84249
   0.00000  0.00903 -4.69613
  -0.00040  0.00702 -4.45086
  -0.00059  0.00502 -4.11854
  -0.00055  0.00307 -3.73068
  -0.00029  0.00115 -3.26472
   0.00024 -0.00072 -2.57390
   0.00104 -0.00254 -1.82391
   0.00211 -0.00431 -1.11272
   0.00345 -0.00603 -0.53260
   0.00507 -0.00767 -0.05589
   0.00694 -0.00922  0.30619
   0.00910 -0.01066  0.57620
   0.01154 -0.01198  0.76545
   0.01429 -0.01321  0.88385
   0.01735 -0.01435  0.95562
   0.02075 -0.01542  0.98847
   0.02455 -0.01642  0.99994
   0.02884 -0.01733  0.99403
   0.03370 -0.01817  0.97606
   0.03925 -0.01891  0.94971
   0.04563 -0.01955  0.91731
   0.05301 -0.02005  0.88150
   0.06155 -0.02040  0.84335
   0.07144 -0.02055  0.80568
   0.08275 -0.02046  0.76834
   0.09551 -0.02011  0.73437
   0.10960 -0.01948  0.70313
   0.12481 -0.01858  0.67602
   0.14091 -0.01746  0.65337
   0.15769 -0.01615  0.63417
   0.17500 -0.01470  0.61791
   0.19271 -0.01315  0.60489
   0.21068 -0.01154  0.59288
   0.22876 -0.00993  0.58312
   0.24677 -0.00834  0.57469
   0.26466 -0.00680  0.56770
   0.28242 -0.00532  0.56100
   0.30008 -0.00393  0.55519
   0.31764 -0.00263  0.54871
   0.33510 -0.00144  0.54258
   0.35249 -0.00037  0.53651
   0.36987  0.00058  0.52867
   0.38732  0.00143  0.52001
   0.40492  0.00218  0.50969
   0.42276  0.00286  0.49981
   0.44083  0.00349  0.48874
   0.45905  0.00412  0.48100
   0.47726  0.00474  0.47430
   0.49537  0.00533  0.46894
   0.51339  0.00588  0.46318
   0.53138  0.00638  0.45756
   0.54937  0.00683  0.45204
   0.56737  0.00724  0.44660
   0.58534  0.00759  0.44125
   0.60328  0.00790  0.43604
   0.62120  0.00814  0.43102
   0.63910  0.00834  0.42540
   0.65699  0.00847  0.42011
   0.67486  0.00854  0.41441
   0.69273  0.00854  0.40883
   0.71059  0.00849  0.40315
   0.72846  0.00837  0.39667
   0.74632  0.00819  0.39020
   0.76416  0.00795  0.38397
   0.78198  0.00764  0.37789
   0.79978  0.00726  0.37019
   0.81759  0.00682  0.36192
   0.83541  0.00631  0.35379
   0.85317  0.00575  0.34595
   0.87080  0.00513  0.33710
   0.88819  0.00445  0.32679
   0.90520  0.00373  0.31698
   0.92149  0.00300  0.30831
   0.93641  0.00225  0.29346
   0.94946  0.00158  0.27531
   0.96080  0.00105  0.27878
   0.97065  0.00053  0.28590
   0.97872 -0.00010  0.22361
   0.98524 -0.00053  0.10227
   0.99095 -0.00050  0.38704
   0.99714 -0.00112 -0.47130
   1.00000  0.00000  0.63997
