                                                
 Alfa =  10.00000 Re =  4000000.000 Xflap,Yflap =     0.000000    0.000000
#    x        y        Cp  
   1.00000  0.00000  0.30399
   0.99471  0.00068  0.21671
   0.98597  0.00183  0.16868
   0.97605  0.00317  0.13291
   0.96475  0.00476  0.09880
   0.95196  0.00663  0.06924
   0.93815  0.00874  0.03367
   0.92448  0.01088 -0.00209
   0.91075  0.01308 -0.03716
   0.89679  0.01535 -0.07138
   0.88286  0.01761 -0.10663
   0.86897  0.01985 -0.13576
   0.85503  0.02210 -0.17080
   0.84102  0.02433 -0.20198
   0.82700  0.02653 -0.23514
   0.81299  0.02869 -0.26548
   0.79902  0.03080 -0.29721
   0.78506  0.03286 -0.32818
   0.77112  0.03487 -0.35835
   0.75718  0.03681 -0.38889
   0.74323  0.03869 -0.42112
   0.72929  0.04050 -0.45082
   0.71536  0.04224 -0.48298
   0.70144  0.04389 -0.51233
   0.68752  0.04545 -0.54227
   0.67361  0.04691 -0.57298
   0.65971  0.04827 -0.60030
   0.64582  0.04952 -0.62755
   0.63196  0.05065 -0.65349
   0.61811  0.05165 -0.67693
   0.60428  0.05252 -0.69677
   0.59043  0.05326 -0.70839
   0.57651  0.05387 -0.71729
   0.56253  0.05438 -0.72132
   0.54848  0.05481 -0.72991
   0.53439  0.05517 -0.73978
   0.52030  0.05547 -0.75299
   0.50623  0.05570 -0.76776
   0.49217  0.05586 -0.78153
   0.47811  0.05595 -0.79603
   0.46405  0.05598 -0.80803
   0.44997  0.05594 -0.82507
   0.43589  0.05584 -0.83991
   0.42181  0.05567 -0.85728
   0.40774  0.05544 -0.87341
   0.39368  0.05514 -0.89176
   0.37961  0.05478 -0.90919
   0.36555  0.05435 -0.92691
   0.35148  0.05385 -0.94702
   0.33741  0.05329 -0.96743
   0.32335  0.05267 -0.98962
   0.30930  0.05198 -1.01450
   0.29527  0.05122 -1.03824
   0.28124  0.05038 -1.06565
   0.26722  0.04948 -1.09308
   0.25321  0.04850 -1.12374
   0.23921  0.04744 -1.15524
   0.22523  0.04630 -1.19141
   0.21127  0.04508 -1.23037
   0.19733  0.04378 -1.27193
   0.18339  0.04238 -1.32055
   0.16948  0.04089 -1.37348
   0.15559  0.03929 -1.43281
   0.14178  0.03758 -1.50066
   0.12807  0.03575 -1.57764
   0.11446  0.03380 -1.66549
   0.10088  0.03170 -1.76783
   0.08725  0.02942 -1.89097
   0.07363  0.02696 -2.05462
   0.06048  0.02440 -2.29397
   0.04775  0.02162 -2.59369
   0.03481  0.01842 -2.98024
   0.02294  0.01516 -3.80070
   0.01444  0.01242 -5.41598
   0.00910  0.01011 -6.82304
   0.00565  0.00820 -9.21531
   0.00328  0.00639-11.31260
   0.00168  0.00463-12.62812
   0.00066  0.00301-14.33833
   0.00011  0.00152-15.75531
  -0.00001  0.00010-15.34176
   0.00032 -0.00128-10.86242
   0.00111 -0.00267 -6.38810
   0.00240 -0.00410 -3.27221
   0.00435 -0.00562 -1.32985
   0.00717 -0.00712 -0.06467
   0.01120 -0.00861  0.60682
   0.01752 -0.01027  0.91135
   0.02755 -0.01209  0.99889
   0.04059 -0.01415  0.97973
   0.05392 -0.01602  0.93259
   0.06718 -0.01762  0.88384
   0.08095 -0.01910  0.83667
   0.09494 -0.02050  0.79144
   0.10880 -0.02178  0.75090
   0.12262 -0.02295  0.71430
   0.13650 -0.02402  0.68119
   0.15048 -0.02501  0.65092
   0.16454 -0.02594  0.62253
   0.17862 -0.02681  0.59625
   0.19270 -0.02761  0.57170
   0.20677 -0.02835  0.54929
   0.22085 -0.02903  0.52825
   0.23494 -0.02966  0.50867
   0.24906 -0.03025  0.48997
   0.26318 -0.03079  0.47212
   0.27731 -0.03128  0.45505
   0.29144 -0.03174  0.43918
   0.30557 -0.03215  0.42316
   0.31970 -0.03252  0.40918
   0.33383 -0.03285  0.39475
   0.34798 -0.03313  0.38164
   0.36212 -0.03338  0.36761
   0.37626 -0.03359  0.35671
   0.39040 -0.03376  0.34283
   0.40454 -0.03390  0.33184
   0.41868 -0.03398  0.32041
   0.43283 -0.03403  0.30928
   0.44697 -0.03404  0.29899
   0.46112 -0.03401  0.28859
   0.47525 -0.03394  0.27785
   0.48938 -0.03383  0.26833
   0.50350 -0.03368  0.25817
   0.51764 -0.03348  0.24903
   0.53179 -0.03323  0.23966
   0.54594 -0.03295  0.23039
   0.56007 -0.03262  0.21837
   0.57414 -0.03224  0.20680
   0.58813 -0.03178  0.19560
   0.60207 -0.03123  0.18674
   0.61598 -0.03056  0.18168
   0.62990 -0.02979  0.17926
   0.64385 -0.02891  0.17781
   0.65782 -0.02794  0.17843
   0.67182 -0.02688  0.17973
   0.68582 -0.02574  0.18244
   0.69984 -0.02453  0.18562
   0.71387 -0.02326  0.18900
   0.72794 -0.02193  0.19586
   0.74203 -0.02056  0.20093
   0.75615 -0.01916  0.20500
   0.77027 -0.01773  0.20914
   0.78438 -0.01628  0.21424
   0.79848 -0.01480  0.22113
   0.81258 -0.01330  0.22751
   0.82668 -0.01179  0.23742
   0.84078 -0.01029  0.24697
   0.85484 -0.00882  0.25328
   0.86885 -0.00740  0.26195
   0.88282 -0.00603  0.26878
   0.89681 -0.00470  0.27877
   0.91092 -0.00340  0.29167
   0.92504 -0.00221  0.30629
   0.93914 -0.00119  0.31943
   0.95267 -0.00045  0.32566
   0.96506 -0.00000  0.32117
   0.97612  0.00020  0.31744
   0.98593  0.00022  0.30960
   0.99467  0.00012  0.30585
   1.00000  0.00000  0.30399
