                                                
 Alfa =  10.00000 Re =  4000000.000 Xflap,Yflap =     0.000000    0.000000
#    x        y        Cp  
   1.00000  0.00027  0.27004
   0.99430  0.00088  0.13880
   0.98274  0.00214  0.08163
   0.96942  0.00357  0.03581
   0.95544  0.00504  0.00192
   0.94135  0.00650 -0.02117
   0.92719  0.00794 -0.04839
   0.91308  0.00936 -0.07072
   0.89896  0.01075 -0.09033
   0.88481  0.01213 -0.10928
   0.87068  0.01347 -0.12735
   0.85654  0.01479 -0.14438
   0.84238  0.01610 -0.15907
   0.82823  0.01738 -0.17424
   0.81409  0.01864 -0.19047
   0.79994  0.01987 -0.20293
   0.78578  0.02109 -0.21710
   0.77165  0.02228 -0.22819
   0.75749  0.02344 -0.24038
   0.74336  0.02458 -0.24889
   0.72928  0.02568 -0.25234
   0.71553  0.02673 -0.25639
   0.70300  0.02767 -0.19106
   0.69053  0.02902 -0.28408
   0.67681  0.03048 -0.31462
   0.66281  0.03194 -0.34425
   0.64871  0.03338 -0.37092
   0.63461  0.03479 -0.39589
   0.62050  0.03616 -0.42030
   0.60640  0.03751 -0.44383
   0.59229  0.03882 -0.46812
   0.57820  0.04010 -0.49273
   0.56408  0.04134 -0.51595
   0.55000  0.04254 -0.54186
   0.53591  0.04369 -0.56569
   0.52183  0.04480 -0.59019
   0.50775  0.04587 -0.61523
   0.49366  0.04688 -0.64046
   0.47958  0.04785 -0.66451
   0.46549  0.04877 -0.69145
   0.45141  0.04963 -0.71755
   0.43733  0.05045 -0.74475
   0.42325  0.05121 -0.77255
   0.40917  0.05192 -0.80178
   0.39510  0.05257 -0.83217
   0.38103  0.05316 -0.86283
   0.36697  0.05369 -0.89598
   0.35291  0.05415 -0.93020
   0.33887  0.05455 -0.96695
   0.32483  0.05488 -1.00426
   0.31082  0.05513 -1.04502
   0.29681  0.05530 -1.08694
   0.28282  0.05539 -1.13236
   0.26887  0.05538 -1.18049
   0.25493  0.05528 -1.23156
   0.24102  0.05507 -1.28665
   0.22715  0.05475 -1.34549
   0.21332  0.05430 -1.40824
   0.19954  0.05372 -1.47643
   0.18581  0.05299 -1.54946
   0.17214  0.05210 -1.62964
   0.15856  0.05104 -1.71789
   0.14506  0.04979 -1.81164
   0.13167  0.04832 -1.91839
   0.11841  0.04663 -2.03529
   0.10531  0.04468 -2.16610
   0.09241  0.04244 -2.31367
   0.07975  0.03990 -2.48458
   0.06741  0.03702 -2.68376
   0.05550  0.03378 -2.91626
   0.04415  0.03014 -3.19292
   0.03364  0.02617 -3.53774
   0.02439  0.02200 -3.96013
   0.01688  0.01793 -4.47475
   0.01131  0.01430 -5.06435
   0.00740  0.01122 -5.73944
   0.00467  0.00864 -6.45545
   0.00275  0.00641 -7.28571
   0.00142  0.00445 -8.27026
   0.00055  0.00266 -9.26603
   0.00009  0.00102-10.11884
   0.00003 -0.00052-10.18801
   0.00044 -0.00203 -8.02738
   0.00146 -0.00347 -4.14906
   0.00307 -0.00474 -1.42052
   0.00525 -0.00596 -0.18364
   0.00816 -0.00722  0.45906
   0.01219 -0.00860  0.80140
   0.01795 -0.01015  0.96063
   0.02607 -0.01184  0.99992
   0.03655 -0.01347  0.97097
   0.04859 -0.01488  0.91672
   0.06144 -0.01599  0.85979
   0.07474 -0.01685  0.80792
   0.08831 -0.01749  0.76213
   0.10202 -0.01797  0.72172
   0.11584 -0.01830  0.68695
   0.12974 -0.01852  0.65610
   0.14371 -0.01863  0.62924
   0.15775 -0.01866  0.60548
   0.17183 -0.01863  0.58361
   0.18594 -0.01855  0.56431
   0.20008 -0.01841  0.54624
   0.21424 -0.01824  0.52986
   0.22842 -0.01804  0.51486
   0.24261 -0.01781  0.50092
   0.25681 -0.01755  0.48745
   0.27102 -0.01727  0.47527
   0.28523 -0.01697  0.46426
   0.29946 -0.01665  0.45244
   0.31368 -0.01632  0.44268
   0.32791 -0.01597  0.43296
   0.34214 -0.01561  0.42430
   0.35638 -0.01524  0.41496
   0.37062 -0.01486  0.40728
   0.38487 -0.01446  0.39856
   0.39913 -0.01407  0.39212
   0.41337 -0.01366  0.38419
   0.42763 -0.01325  0.37805
   0.44189 -0.01283  0.37048
   0.45615 -0.01241  0.36509
   0.47042 -0.01199  0.35857
   0.48468 -0.01156  0.35250
   0.49895 -0.01113  0.34703
   0.51322 -0.01071  0.34144
   0.52749 -0.01028  0.33644
   0.54176 -0.00985  0.33099
   0.55602 -0.00943  0.32574
   0.57028 -0.00901  0.32123
   0.58454 -0.00859  0.31575
   0.59881 -0.00818  0.31187
   0.61306 -0.00777  0.30729
   0.62731 -0.00737  0.30169
   0.64156 -0.00697  0.29886
   0.65579 -0.00659  0.29293
   0.67003 -0.00620  0.28930
   0.68427 -0.00583  0.28502
   0.69850 -0.00547  0.28029
   0.71272 -0.00512  0.27660
   0.72696 -0.00477  0.27117
   0.74119 -0.00444  0.26813
   0.75543 -0.00412  0.26268
   0.76966 -0.00382  0.25785
   0.78390 -0.00352  0.25473
   0.79813 -0.00324  0.24923
   0.81236 -0.00297  0.24370
   0.82659 -0.00272  0.23900
   0.84083 -0.00248  0.23444
   0.85509 -0.00225  0.22716
   0.86935 -0.00202  0.22276
   0.88360 -0.00180  0.21877
   0.89785 -0.00159  0.21275
   0.91211 -0.00138  0.20826
   0.92636 -0.00118  0.20409
   0.94061 -0.00099  0.19935
   0.95484 -0.00081  0.19349
   0.96896 -0.00063  0.19110
   0.98248 -0.00047  0.19276
   0.99425 -0.00033  0.19686
   1.00000 -0.00027  0.27004
