                                                
 Alfa =  10.00000 Re =  4000000.000 Xflap,Yflap =     0.000000    0.000000
#    x        y        Cp  
   1.00000  0.00000  0.38861
   0.99450  0.00120  0.20779
   0.98542  0.00313  0.12127
   0.97514  0.00525  0.05619
   0.96343  0.00756  0.00514
   0.95019  0.01005 -0.03950
   0.93564  0.01264 -0.07334
   0.92046  0.01524 -0.09900
   0.90524  0.01778 -0.12164
   0.89011  0.02030 -0.14858
   0.87515  0.02280 -0.17940
   0.86030  0.02526 -0.21157
   0.84550  0.02769 -0.24439
   0.83071  0.03007 -0.27647
   0.81590  0.03240 -0.30806
   0.80104  0.03465 -0.33675
   0.78611  0.03681 -0.36219
   0.77112  0.03890 -0.38302
   0.75606  0.04093 -0.40282
   0.74093  0.04289 -0.42145
   0.72575  0.04480 -0.44019
   0.71052  0.04668 -0.45971
   0.69527  0.04852 -0.48082
   0.68000  0.05033 -0.50540
   0.66474  0.05211 -0.53143
   0.64950  0.05384 -0.55882
   0.63429  0.05553 -0.58654
   0.61912  0.05715 -0.61472
   0.60398  0.05870 -0.64472
   0.58889  0.06019 -0.67278
   0.57383  0.06159 -0.70201
   0.55880  0.06292 -0.73117
   0.54379  0.06416 -0.75967
   0.52881  0.06531 -0.78787
   0.51382  0.06636 -0.81510
   0.49884  0.06732 -0.84060
   0.48384  0.06818 -0.86345
   0.46880  0.06894 -0.88546
   0.45372  0.06961 -0.90556
   0.43860  0.07020 -0.92784
   0.42344  0.07072 -0.94966
   0.40824  0.07118 -0.97400
   0.39300  0.07158 -1.00227
   0.37775  0.07191 -1.03446
   0.36250  0.07219 -1.06948
   0.34726  0.07239 -1.10801
   0.33204  0.07253 -1.14892
   0.31686  0.07259 -1.19509
   0.30173  0.07256 -1.24285
   0.28666  0.07244 -1.30005
   0.27167  0.07223 -1.36067
   0.25677  0.07190 -1.42694
   0.24195  0.07143 -1.49547
   0.22723  0.07081 -1.56957
   0.21260  0.07002 -1.64719
   0.19807  0.06906 -1.73126
   0.18362  0.06790 -1.82258
   0.16928  0.06652 -1.92176
   0.15509  0.06491 -2.02842
   0.14116  0.06306 -2.15361
   0.12754  0.06094 -2.29121
   0.11430  0.05849 -2.42845
   0.10143  0.05569 -2.55280
   0.08889  0.05249 -2.64847
   0.07658  0.04889 -2.73911
   0.06432  0.04483 -2.86214
   0.05239  0.04038 -3.01970
   0.04194  0.03603 -3.27129
   0.03340  0.03202 -3.56686
   0.02625  0.02819 -3.86821
   0.01999  0.02430 -4.13862
   0.01469  0.02047 -4.26507
   0.01067  0.01720 -4.52785
   0.00769  0.01453 -4.97507
   0.00545  0.01226 -5.46357
   0.00372  0.01027 -5.99170
   0.00238  0.00846 -6.55489
   0.00136  0.00678 -7.10752
   0.00061  0.00520 -7.58564
   0.00012  0.00370 -7.90808
  -0.00013  0.00226 -7.86792
  -0.00013  0.00085 -7.27694
   0.00013 -0.00053 -5.95939
   0.00067 -0.00190 -4.29646
   0.00148 -0.00328 -2.82252
   0.00257 -0.00467 -1.65585
   0.00397 -0.00607 -0.77472
   0.00572 -0.00751 -0.13312
   0.00792 -0.00898  0.32660
   0.01067 -0.01046  0.64573
   0.01415 -0.01188  0.85638
   0.01863 -0.01307  0.97086
   0.02466 -0.01400  1.00000
   0.03288 -0.01500  0.98126
   0.04317 -0.01606  0.93449
   0.05428 -0.01681  0.87909
   0.06624 -0.01711  0.83020
   0.07973 -0.01707  0.78693
   0.09427 -0.01680  0.74718
   0.10895 -0.01636  0.71488
   0.12370 -0.01581  0.68872
   0.13864 -0.01519  0.66645
   0.15378 -0.01457  0.64582
   0.16902 -0.01399  0.62381
   0.18426 -0.01342  0.60272
   0.19946 -0.01282  0.58345
   0.21461 -0.01217  0.56827
   0.22976 -0.01146  0.55559
   0.24491 -0.01072  0.54499
   0.26010 -0.00995  0.53577
   0.27533 -0.00917  0.52784
   0.29059 -0.00841  0.52024
   0.30589 -0.00767  0.51335
   0.32120 -0.00697  0.50571
   0.33651 -0.00631  0.49864
   0.35181 -0.00570  0.49135
   0.36709 -0.00514  0.48427
   0.38235 -0.00463  0.47708
   0.39760 -0.00417  0.47012
   0.41284 -0.00376  0.46185
   0.42809 -0.00340  0.45389
   0.44336 -0.00309  0.44593
   0.45865 -0.00282  0.43739
   0.47397 -0.00258  0.42916
   0.48933 -0.00238  0.42104
   0.50472 -0.00220  0.41203
   0.52014 -0.00204  0.40488
   0.53559 -0.00189  0.39629
   0.55107 -0.00176  0.38891
   0.56656 -0.00164  0.38134
   0.58205 -0.00153  0.37409
   0.59755 -0.00142  0.36733
   0.61302 -0.00131  0.36193
   0.62846 -0.00120  0.35653
   0.64386 -0.00111  0.35163
   0.65922 -0.00105  0.34702
   0.67453 -0.00102  0.34154
   0.68981 -0.00102  0.33570
   0.70507 -0.00107  0.32816
   0.72032 -0.00117  0.31743
   0.73559 -0.00130  0.30754
   0.75086 -0.00143  0.29617
   0.76614 -0.00156  0.28538
   0.78140 -0.00165  0.27525
   0.79662 -0.00170  0.26609
   0.81177 -0.00168  0.26130
   0.82681 -0.00160  0.25768
   0.84175 -0.00148  0.25597
   0.85664 -0.00133  0.25598
   0.87152 -0.00116  0.25475
   0.88651 -0.00099  0.25446
   0.90172 -0.00083  0.25344
   0.91706 -0.00069  0.25090
   0.93217 -0.00057  0.24729
   0.94741 -0.00045  0.24573
   0.96165 -0.00034  0.24769
   0.97413 -0.00023  0.25167
   0.98494 -0.00014  0.26279
   0.99435 -0.00005  0.29198
   1.00000  0.00000  0.38861
