                                                
 Alfa =  10.00000 Re =  4000000.000 Xflap,Yflap =     0.000000    0.000000
#    x        y        Cp  
   1.00000  0.00000  0.45695
   0.99405  0.00078  0.29317
   0.98458  0.00202  0.22383
   0.97437  0.00335  0.17616
   0.96330  0.00478  0.14069
   0.95123  0.00633  0.10810
   0.93804  0.00801  0.07749
   0.92361  0.00984  0.04996
   0.90790  0.01181  0.02196
   0.89103  0.01391 -0.00426
   0.87352  0.01607 -0.03015
   0.85625  0.01817 -0.05361
   0.83900  0.02024 -0.07536
   0.82154  0.02230 -0.09476
   0.80395  0.02435 -0.11311
   0.78665  0.02632 -0.12583
   0.76960  0.02825 -0.13657
   0.75271  0.03018 -0.14666
   0.73593  0.03214 -0.15718
   0.71921  0.03416 -0.17008
   0.70251  0.03627 -0.18669
   0.68580  0.03850 -0.21192
   0.66906  0.04084 -0.24498
   0.65226  0.04325 -0.28034
   0.63539  0.04570 -0.31938
   0.61845  0.04816 -0.35976
   0.60142  0.05060 -0.39932
   0.58434  0.05298 -0.43583
   0.56721  0.05529 -0.46879
   0.55004  0.05754 -0.50157
   0.53285  0.05972 -0.53456
   0.51565  0.06183 -0.56682
   0.49843  0.06388 -0.60050
   0.48120  0.06588 -0.63537
   0.46395  0.06781 -0.67149
   0.44668  0.06968 -0.70977
   0.42941  0.07148 -0.74889
   0.41216  0.07322 -0.79162
   0.39495  0.07488 -0.83622
   0.37780  0.07647 -0.88544
   0.36075  0.07796 -0.93840
   0.34378  0.07937 -0.99317
   0.32690  0.08066 -1.05254
   0.31007  0.08185 -1.11569
   0.29326  0.08291 -1.18309
   0.27645  0.08386 -1.25570
   0.25966  0.08468 -1.33773
   0.24306  0.08537 -1.43767
   0.22681  0.08591 -1.55858
   0.21101  0.08622 -1.68841
   0.19567  0.08629 -1.82885
   0.18071  0.08608 -1.97856
   0.16617  0.08554 -2.13325
   0.15212  0.08467 -2.29513
   0.13872  0.08345 -2.46922
   0.12604  0.08189 -2.64334
   0.11403  0.07994 -2.80298
   0.10256  0.07760 -2.93590
   0.09148  0.07481 -3.01225
   0.08074  0.07161 -3.06194
   0.07058  0.06814 -3.16206
   0.06129  0.06454 -3.30867
   0.05294  0.06084 -3.41667
   0.04545  0.05702 -3.44963
   0.03875  0.05316 -3.43989
   0.03283  0.04936 -3.43582
   0.02764  0.04570 -3.43794
   0.02313  0.04222 -3.48335
   0.01919  0.03887 -3.52029
   0.01573  0.03559 -3.46903
   0.01267  0.03239 -3.37421
   0.00998  0.02929 -3.30755
   0.00765  0.02638 -3.27823
   0.00566  0.02366 -3.26793
   0.00398  0.02112 -3.27297
   0.00256  0.01873 -3.28775
   0.00138  0.01648 -3.30731
   0.00042  0.01436 -3.32454
  -0.00034  0.01234 -3.32412
  -0.00091  0.01041 -3.30377
  -0.00129  0.00857 -3.23516
  -0.00148  0.00681 -3.10541
  -0.00148  0.00512 -2.87382
  -0.00128  0.00349 -2.54115
  -0.00087  0.00192 -2.06605
  -0.00022  0.00041 -1.49591
   0.00068 -0.00105 -0.83992
   0.00187 -0.00247 -0.26506
   0.00333 -0.00384  0.17616
   0.00509 -0.00519  0.49449
   0.00717 -0.00649  0.71229
   0.00959 -0.00776  0.85426
   0.01238 -0.00895  0.93930
   0.01553 -0.01004  0.98377
   0.01914 -0.01103  0.99936
   0.02333 -0.01196  0.99656
   0.02833 -0.01298  0.98303
   0.03434 -0.01422  0.96030
   0.04153 -0.01568  0.92879
   0.04993 -0.01729  0.88981
   0.05961 -0.01897  0.84712
   0.07087 -0.02071  0.80256
   0.08383 -0.02251  0.75577
   0.09809 -0.02428  0.70974
   0.11322 -0.02593  0.66859
   0.12920 -0.02747  0.63184
   0.14588 -0.02895  0.59840
   0.16281 -0.03038  0.56332
   0.17949 -0.03170  0.52852
   0.19576 -0.03284  0.49844
   0.21182 -0.03375  0.47861
   0.22801 -0.03452  0.46576
   0.24452 -0.03525  0.45463
   0.26138 -0.03606  0.43656
   0.27848 -0.03696  0.41270
   0.29568 -0.03788  0.38739
   0.31289 -0.03875  0.36371
   0.33004 -0.03954  0.34267
   0.34710 -0.04025  0.32195
   0.36405 -0.04086  0.30324
   0.38093 -0.04137  0.28608
   0.39778 -0.04176  0.27080
   0.41468 -0.04203  0.25861
   0.43169 -0.04220  0.24968
   0.44889 -0.04229  0.24057
   0.46627 -0.04232  0.23265
   0.48381 -0.04231  0.22396
   0.50145 -0.04230  0.21331
   0.51908 -0.04229  0.19819
   0.53658 -0.04225  0.18107
   0.55389 -0.04217  0.16362
   0.57098 -0.04202  0.14606
   0.58785 -0.04176  0.12996
   0.60455 -0.04138  0.11553
   0.62114 -0.04086  0.10487
   0.63766 -0.04020  0.09637
   0.65417 -0.03940  0.08939
   0.67068 -0.03845  0.08416
   0.68722 -0.03735  0.08172
   0.70380 -0.03610  0.08031
   0.72041 -0.03471  0.08281
   0.73706 -0.03318  0.08675
   0.75376 -0.03153  0.09168
   0.77055 -0.02978  0.09764
   0.78748 -0.02792  0.10512
   0.80463 -0.02597  0.11158
   0.82208 -0.02392  0.11697
   0.83969 -0.02180  0.12424
   0.85714 -0.01963  0.13117
   0.87463 -0.01742  0.13838
   0.89206 -0.01515  0.14867
   0.90869 -0.01294  0.15730
   0.92417 -0.01084  0.16918
   0.93843 -0.00888  0.18141
   0.95149 -0.00705  0.19556
   0.96346 -0.00534  0.21370
   0.97447 -0.00376  0.23397
   0.98463 -0.00227  0.26591
   0.99407 -0.00088  0.31455
   1.00000  0.00000  0.45695
