                                                
 Alfa =  10.00000 Re =  4000000.000 Xflap,Yflap =     0.000000    0.000000
#    x        y        Cp  
   1.00000  0.00000  0.31198
   0.99439  0.00101  0.23398
   0.98326  0.00323  0.10552
   0.97047  0.00580  0.00617
   0.95728  0.00825 -0.05217
   0.94379  0.01055 -0.08963
   0.93003  0.01273 -0.11440
   0.91609  0.01484 -0.13854
   0.90208  0.01690 -0.16161
   0.88805  0.01890 -0.18320
   0.87402  0.02084 -0.20700
   0.85997  0.02273 -0.22698
   0.84588  0.02457 -0.24720
   0.83177  0.02638 -0.26504
   0.81763  0.02815 -0.28492
   0.80350  0.02988 -0.30514
   0.78938  0.03158 -0.32608
   0.77526  0.03323 -0.34429
   0.76115  0.03484 -0.36366
   0.74703  0.03641 -0.38210
   0.73289  0.03793 -0.40041
   0.71873  0.03942 -0.41704
   0.70456  0.04087 -0.43546
   0.69038  0.04229 -0.45321
   0.67620  0.04368 -0.47315
   0.66201  0.04504 -0.49189
   0.64783  0.04636 -0.51235
   0.63365  0.04765 -0.53392
   0.61948  0.04889 -0.55443
   0.60531  0.05010 -0.57590
   0.59114  0.05127 -0.59717
   0.57698  0.05239 -0.62014
   0.56281  0.05347 -0.64204
   0.54863  0.05450 -0.66533
   0.53447  0.05549 -0.68969
   0.52031  0.05643 -0.71450
   0.50616  0.05731 -0.73967
   0.49202  0.05814 -0.76555
   0.47789  0.05891 -0.79141
   0.46376  0.05962 -0.81722
   0.44962  0.06026 -0.84363
   0.43549  0.06085 -0.87225
   0.42136  0.06137 -0.89984
   0.40723  0.06182 -0.93081
   0.39312  0.06221 -0.96040
   0.37902  0.06251 -0.99313
   0.36493  0.06275 -1.02617
   0.35085  0.06290 -1.05997
   0.33679  0.06296 -1.09567
   0.32273  0.06294 -1.13326
   0.30869  0.06283 -1.17040
   0.29467  0.06262 -1.21142
   0.28067  0.06231 -1.25315
   0.26669  0.06189 -1.29889
   0.25273  0.06136 -1.34465
   0.23881  0.06072 -1.39578
   0.22491  0.05995 -1.44856
   0.21105  0.05904 -1.50466
   0.19724  0.05800 -1.56699
   0.18349  0.05680 -1.63240
   0.16980  0.05545 -1.70469
   0.15617  0.05392 -1.78219
   0.14261  0.05221 -1.86739
   0.12916  0.05029 -1.96390
   0.11583  0.04816 -2.07204
   0.10266  0.04580 -2.19553
   0.08963  0.04317 -2.33784
   0.07684  0.04026 -2.50503
   0.06441  0.03706 -2.71458
   0.05244  0.03354 -2.96505
   0.04098  0.02965 -3.28160
   0.03053  0.02551 -3.70694
   0.02182  0.02143 -4.25373
   0.01491  0.01753 -4.77605
   0.00971  0.01404 -5.34230
   0.00608  0.01124 -6.49191
   0.00358  0.00891 -8.12786
   0.00191  0.00684 -9.14871
   0.00080  0.00491 -9.77813
   0.00011  0.00313-10.83602
  -0.00017  0.00152-11.97066
  -0.00002  0.00007-11.54314
   0.00063 -0.00127 -7.18378
   0.00182 -0.00258 -3.40886
   0.00364 -0.00396 -1.26097
   0.00621 -0.00547 -0.16548
   0.00974 -0.00712  0.48093
   0.01452 -0.00899  0.80083
   0.02111 -0.01111  0.95652
   0.02999 -0.01334  0.99997
   0.04109 -0.01546  0.97734
   0.05347 -0.01738  0.92966
   0.06638 -0.01900  0.87760
   0.07967 -0.02037  0.82859
   0.09327 -0.02153  0.78381
   0.10702 -0.02252  0.74345
   0.12087 -0.02336  0.70774
   0.13480 -0.02407  0.67559
   0.14880 -0.02469  0.64676
   0.16286 -0.02520  0.62041
   0.17695 -0.02564  0.59654
   0.19107 -0.02601  0.57487
   0.20523 -0.02631  0.55480
   0.21941 -0.02655  0.53624
   0.23361 -0.02675  0.51903
   0.24782 -0.02690  0.50271
   0.26203 -0.02701  0.48762
   0.27626 -0.02708  0.47326
   0.29050 -0.02711  0.46033
   0.30475 -0.02710  0.44745
   0.31901 -0.02707  0.43560
   0.33328 -0.02701  0.42417
   0.34755 -0.02692  0.41324
   0.36182 -0.02680  0.40230
   0.37609 -0.02666  0.39222
   0.39036 -0.02649  0.38262
   0.40463 -0.02630  0.37317
   0.41890 -0.02608  0.36419
   0.43318 -0.02584  0.35537
   0.44747 -0.02557  0.34739
   0.46175 -0.02528  0.33839
   0.47602 -0.02497  0.33025
   0.49028 -0.02464  0.32202
   0.50454 -0.02427  0.31496
   0.51880 -0.02388  0.30736
   0.53305 -0.02346  0.29995
   0.54730 -0.02301  0.29253
   0.56155 -0.02252  0.28519
   0.57578 -0.02201  0.27828
   0.58999 -0.02145  0.27092
   0.60416 -0.02085  0.26349
   0.61829 -0.02019  0.25854
   0.63238 -0.01947  0.25210
   0.64643 -0.01867  0.24888
   0.66047 -0.01779  0.24845
   0.67453 -0.01684  0.24960
   0.68862 -0.01581  0.25294
   0.70276 -0.01472  0.25683
   0.71697 -0.01358  0.26216
   0.73122 -0.01241  0.26780
   0.74551 -0.01124  0.27450
   0.75978 -0.01007  0.27755
   0.77403 -0.00893  0.28294
   0.78825 -0.00781  0.28720
   0.80245 -0.00672  0.29060
   0.81664 -0.00567  0.29503
   0.83082 -0.00467  0.29693
   0.84497 -0.00371  0.30232
   0.85908 -0.00282  0.30579
   0.87316 -0.00199  0.30884
   0.88721 -0.00125  0.31103
   0.90124 -0.00060  0.31353
   0.91524 -0.00005  0.31471
   0.92921  0.00040  0.31611
   0.94313  0.00072  0.31753
   0.95692  0.00091  0.31857
   0.97045  0.00093  0.32047
   0.98329  0.00074  0.32171
   0.99434  0.00034  0.34662
   1.00000  0.00000  0.31198
