                                                
 Alfa =  10.00000 Re =  4000000.000 Xflap,Yflap =     0.000000    0.000000
#    x        y        Cp  
   1.00000  0.00005  0.62303
   0.99505  0.00326  0.15834
   0.98660  0.00800  0.02086
   0.97659  0.01289 -0.03543
   0.96449  0.01831 -0.05085
   0.95061  0.02444 -0.11026
   0.93598  0.03086 -0.17688
   0.92098  0.03732 -0.23864
   0.90564  0.04381 -0.29640
   0.89015  0.05029 -0.35906
   0.87468  0.05670 -0.42609
   0.85925  0.06299 -0.49341
   0.84387  0.06914 -0.56177
   0.82855  0.07515 -0.63169
   0.81325  0.08100 -0.69974
   0.79796  0.08669 -0.76759
   0.78267  0.09223 -0.83745
   0.76738  0.09760 -0.90695
   0.75210  0.10279 -0.97461
   0.73679  0.10781 -1.04369
   0.72145  0.11266 -1.11256
   0.70608  0.11734 -1.18361
   0.69073  0.12182 -1.25569
   0.67538  0.12610 -1.32841
   0.66005  0.13018 -1.40138
   0.64472  0.13404 -1.47473
   0.62939  0.13768 -1.54834
   0.61407  0.14109 -1.62118
   0.59877  0.14427 -1.69417
   0.58349  0.14721 -1.76590
   0.56822  0.14989 -1.83543
   0.55294  0.15233 -1.90235
   0.53766  0.15451 -1.96791
   0.52237  0.15643 -2.03234
   0.50711  0.15809 -2.09367
   0.49186  0.15949 -2.15427
   0.47660  0.16061 -2.20852
   0.46132  0.16146 -2.25962
   0.44604  0.16205 -2.31122
   0.43079  0.16236 -2.36125
   0.41557  0.16240 -2.40973
   0.40036  0.16215 -2.45046
   0.38516  0.16163 -2.49022
   0.36997  0.16083 -2.52832
   0.35482  0.15975 -2.56564
   0.33970  0.15839 -2.60074
   0.32464  0.15675 -2.63260
   0.30962  0.15483 -2.66367
   0.29465  0.15263 -2.69323
   0.27975  0.15015 -2.72416
   0.26494  0.14739 -2.75283
   0.25024  0.14435 -2.78531
   0.23567  0.14102 -2.81357
   0.22123  0.13741 -2.84379
   0.20693  0.13351 -2.87186
   0.19282  0.12933 -2.90451
   0.17894  0.12487 -2.93676
   0.16530  0.12012 -2.96393
   0.15190  0.11507 -2.98687
   0.13875  0.10971 -3.00910
   0.12589  0.10406 -3.02728
   0.11336  0.09812 -3.03885
   0.10115  0.09187 -3.04575
   0.08929  0.08533 -3.04465
   0.07782  0.07852 -3.04204
   0.06684  0.07151 -3.04916
   0.05650  0.06442 -3.06634
   0.04700  0.05741 -3.10525
   0.03852  0.05066 -3.15640
   0.03118  0.04434 -3.22237
   0.02498  0.03857 -3.29217
   0.01983  0.03337 -3.39381
   0.01560  0.02874 -3.49813
   0.01216  0.02466 -3.63238
   0.00937  0.02106 -3.78700
   0.00710  0.01783 -3.94264
   0.00522  0.01488 -4.11821
   0.00366  0.01214 -4.36920
   0.00241  0.00960 -4.59267
   0.00145  0.00724 -4.78955
   0.00074  0.00505 -5.02627
   0.00027  0.00303 -5.30145
   0.00003  0.00113 -5.43314
   0.00003 -0.00072 -5.34530
   0.00030 -0.00256 -5.09008
   0.00091 -0.00434 -4.45743
   0.00192 -0.00602 -3.15527
   0.00333 -0.00755 -1.86128
   0.00509 -0.00890 -0.87884
   0.00715 -0.01001 -0.17082
   0.00952 -0.01090  0.32708
   0.01224 -0.01158  0.64443
   0.01534 -0.01209  0.82246
   0.01887 -0.01247  0.92378
   0.02293 -0.01267  0.97667
   0.02765 -0.01267  0.99793
   0.03324 -0.01244  0.99782
   0.04001 -0.01192  0.98356
   0.04833 -0.01106  0.96010
   0.05857 -0.00977  0.93159
   0.07095 -0.00803  0.90094
   0.08535 -0.00590  0.87119
   0.10108 -0.00356  0.84311
   0.11752 -0.00113  0.81741
   0.13433  0.00138  0.79531
   0.15134  0.00393  0.77658
   0.16843  0.00649  0.76060
   0.18549  0.00904  0.74701
   0.20249  0.01157  0.73553
   0.21942  0.01405  0.72572
   0.23631  0.01649  0.71688
   0.25317  0.01887  0.70956
   0.26998  0.02119  0.70290
   0.28675  0.02345  0.69700
   0.30351  0.02564  0.69180
   0.32024  0.02775  0.68724
   0.33697  0.02980  0.68270
   0.35368  0.03176  0.67923
   0.37038  0.03364  0.67601
   0.38705  0.03544  0.67295
   0.40371  0.03715  0.67019
   0.42036  0.03877  0.66783
   0.43699  0.04029  0.66567
   0.45360  0.04172  0.66410
   0.47017  0.04304  0.66216
   0.48672  0.04425  0.66075
   0.50324  0.04535  0.65968
   0.51972  0.04633  0.65802
   0.53616  0.04719  0.65702
   0.55257  0.04791  0.65523
   0.56895  0.04850  0.65429
   0.58530  0.04895  0.65274
   0.60161  0.04925  0.65131
   0.61789  0.04941  0.64939
   0.63415  0.04941  0.64730
   0.65037  0.04926  0.64564
   0.66656  0.04895  0.64291
   0.68271  0.04848  0.64039
   0.69885  0.04784  0.63709
   0.71500  0.04703  0.63316
   0.73115  0.04606  0.62961
   0.74729  0.04492  0.62554
   0.76340  0.04363  0.62118
   0.77951  0.04217  0.61654
   0.79560  0.04055  0.61263
   0.81162  0.03877  0.60781
   0.82752  0.03683  0.60397
   0.84333  0.03472  0.59866
   0.85902  0.03242  0.59354
   0.87457  0.02994  0.58778
   0.88994  0.02726  0.58161
   0.90510  0.02439  0.57324
   0.92000  0.02132  0.56512
   0.93446  0.01808  0.55589
   0.94820  0.01469  0.54547
   0.96115  0.01111  0.52276
   0.97334  0.00737  0.47148
   0.98448  0.00390  0.40333
   0.99418  0.00122  0.36553
   1.00000 -0.00006  0.62303
