                                                
 Alfa =  10.00000 Re =  4000000.000 Xflap,Yflap =     0.000000    0.000000
#    x        y        Cp  
   1.00000  0.00120  0.47383
   0.99400  0.00264  0.26847
   0.98408  0.00499  0.18734
   0.97285  0.00763  0.12459
   0.96012  0.01058  0.06858
   0.94591  0.01383  0.01745
   0.93065  0.01727 -0.03120
   0.91502  0.02073 -0.07581
   0.89950  0.02411 -0.11754
   0.88418  0.02738 -0.15543
   0.86895  0.03057 -0.19171
   0.85375  0.03369 -0.22666
   0.83850  0.03675 -0.26055
   0.82317  0.03977 -0.29373
   0.80775  0.04274 -0.32710
   0.79223  0.04565 -0.35879
   0.77666  0.04851 -0.39128
   0.76105  0.05130 -0.42325
   0.74543  0.05401 -0.45497
   0.72981  0.05666 -0.48651
   0.71422  0.05923 -0.51873
   0.69864  0.06171 -0.55133
   0.68310  0.06412 -0.58428
   0.66757  0.06645 -0.61788
   0.65207  0.06868 -0.65211
   0.63658  0.07083 -0.68608
   0.62111  0.07287 -0.72032
   0.60564  0.07482 -0.75414
   0.59017  0.07666 -0.78789
   0.57470  0.07839 -0.82054
   0.55922  0.08001 -0.85335
   0.54374  0.08153 -0.88574
   0.52824  0.08293 -0.91901
   0.51275  0.08422 -0.95156
   0.49726  0.08540 -0.98555
   0.48178  0.08646 -1.02014
   0.46632  0.08740 -1.05512
   0.45088  0.08822 -1.09101
   0.43546  0.08891 -1.12648
   0.42007  0.08947 -1.16275
   0.40468  0.08990 -1.19984
   0.38930  0.09019 -1.23615
   0.37391  0.09033 -1.27410
   0.35851  0.09034 -1.31095
   0.34311  0.09019 -1.35044
   0.32772  0.08990 -1.39086
   0.31236  0.08946 -1.43275
   0.29705  0.08888 -1.47950
   0.28184  0.08813 -1.52992
   0.26674  0.08723 -1.58380
   0.25177  0.08615 -1.63928
   0.23692  0.08488 -1.69760
   0.22217  0.08342 -1.75649
   0.20750  0.08175 -1.81808
   0.19287  0.07984 -1.88124
   0.17823  0.07769 -1.94744
   0.16366  0.07529 -2.02107
   0.14929  0.07266 -2.10772
   0.13535  0.06984 -2.22394
   0.12198  0.06679 -2.34539
   0.10911  0.06345 -2.45702
   0.09660  0.05974 -2.53671
   0.08426  0.05560 -2.56913
   0.07219  0.05113 -2.64060
   0.06084  0.04652 -2.79225
   0.05059  0.04188 -2.92478
   0.04156  0.03730 -2.99806
   0.03377  0.03295 -3.08093
   0.02710  0.02893 -3.20790
   0.02141  0.02525 -3.47577
   0.01662  0.02185 -3.76103
   0.01274  0.01880 -4.00283
   0.00966  0.01613 -4.35312
   0.00722  0.01379 -4.73509
   0.00528  0.01170 -5.13768
   0.00373  0.00978 -5.53707
   0.00249  0.00798 -5.91803
   0.00153  0.00628 -6.24960
   0.00081  0.00465 -6.48529
   0.00032  0.00306 -6.52454
   0.00005  0.00151 -6.31949
   0.00000 -0.00003 -5.72204
   0.00019 -0.00157 -4.68581
   0.00061 -0.00312 -3.58399
   0.00126 -0.00470 -2.56353
   0.00214 -0.00631 -1.69001
   0.00327 -0.00797 -0.97574
   0.00467 -0.00970 -0.40654
   0.00641 -0.01150  0.03885
   0.00852 -0.01339  0.38132
   0.01112 -0.01537  0.63576
   0.01425 -0.01737  0.81651
   0.01800 -0.01932  0.93201
   0.02242 -0.02112  0.98827
   0.02758 -0.02279  0.99958
   0.03368 -0.02436  0.98266
   0.04099 -0.02583  0.94770
   0.04987 -0.02718  0.90261
   0.06053 -0.02840  0.85271
   0.07282 -0.02944  0.80405
   0.08623 -0.03033  0.75618
   0.10028 -0.03101  0.71151
   0.11482 -0.03145  0.67526
   0.12992 -0.03168  0.64542
   0.14555 -0.03178  0.61959
   0.16145 -0.03184  0.59215
   0.17727 -0.03187  0.56390
   0.19279 -0.03179  0.53803
   0.20803 -0.03156  0.51781
   0.22314 -0.03118  0.50312
   0.23825 -0.03068  0.49170
   0.25348 -0.03008  0.48299
   0.26887 -0.02941  0.47534
   0.28449 -0.02870  0.46908
   0.30032 -0.02799  0.46246
   0.31632 -0.02729  0.45400
   0.33242 -0.02663  0.44433
   0.34856 -0.02599  0.43498
   0.36470 -0.02536  0.42523
   0.38084 -0.02474  0.41616
   0.39695 -0.02412  0.40703
   0.41304 -0.02349  0.39891
   0.42911 -0.02286  0.39154
   0.44519 -0.02221  0.38501
   0.46128 -0.02156  0.37820
   0.47738 -0.02091  0.37218
   0.49350 -0.02026  0.36622
   0.50963 -0.01961  0.35997
   0.52578 -0.01896  0.35428
   0.54193 -0.01832  0.34849
   0.55807 -0.01767  0.34294
   0.57421 -0.01703  0.33744
   0.59036 -0.01639  0.33210
   0.60651 -0.01574  0.32710
   0.62265 -0.01510  0.32254
   0.63878 -0.01445  0.31731
   0.65491 -0.01381  0.31316
   0.67104 -0.01316  0.30867
   0.68717 -0.01251  0.30429
   0.70331 -0.01187  0.30049
   0.71944 -0.01122  0.29613
   0.73555 -0.01058  0.29289
   0.75164 -0.00993  0.28901
   0.76772 -0.00929  0.28580
   0.78380 -0.00865  0.28245
   0.79992 -0.00800  0.27886
   0.81603 -0.00736  0.27682
   0.83204 -0.00672  0.27402
   0.84796 -0.00608  0.27201
   0.86382 -0.00545  0.26975
   0.87968 -0.00481  0.26938
   0.89563 -0.00417  0.26795
   0.91170 -0.00353  0.26828
   0.92770 -0.00289  0.26993
   0.94363 -0.00225  0.27339
   0.95856 -0.00166  0.27972
   0.97189 -0.00112  0.28945
   0.98357 -0.00066  0.30709
   0.99383 -0.00025  0.33698
   1.00000  0.00000  0.47383
