                                                
 Alfa =  10.00000 Re =  4000000.000 Xflap,Yflap =     0.000000    0.000000
#    x        y        Cp  
   1.00000  0.00000  0.32534
   0.99360  0.00141  0.23157
   0.98301  0.00382  0.18811
   0.97110  0.00666  0.14658
   0.95786  0.00994  0.10707
   0.94339  0.01363  0.07103
   0.92788  0.01771  0.03254
   0.91157  0.02214 -0.00709
   0.89460  0.02689 -0.05265
   0.87711  0.03192 -0.10163
   0.85921  0.03717 -0.15483
   0.84101  0.04262 -0.21373
   0.82257  0.04820 -0.28111
   0.80411  0.05382 -0.35319
   0.78585  0.05934 -0.43194
   0.76793  0.06467 -0.51094
   0.75040  0.06974 -0.59009
   0.73321  0.07453 -0.66626
   0.71627  0.07902 -0.73703
   0.69946  0.08326 -0.80110
   0.68272  0.08724 -0.86391
   0.66603  0.09097 -0.92250
   0.64938  0.09446 -0.98043
   0.63274  0.09771 -1.03343
   0.61606  0.10073 -1.08286
   0.59934  0.10351 -1.13034
   0.58256  0.10607 -1.17643
   0.56572  0.10840 -1.21800
   0.54880  0.11052 -1.26042
   0.53181  0.11242 -1.30001
   0.51476  0.11411 -1.34059
   0.49766  0.11558 -1.38039
   0.48053  0.11685 -1.42095
   0.46338  0.11790 -1.46137
   0.44625  0.11874 -1.50517
   0.42917  0.11937 -1.54830
   0.41214  0.11977 -1.59293
   0.39517  0.11994 -1.63554
   0.37825  0.11989 -1.67852
   0.36141  0.11961 -1.72364
   0.34467  0.11910 -1.76857
   0.32804  0.11836 -1.81521
   0.31154  0.11739 -1.86370
   0.29519  0.11618 -1.91016
   0.27900  0.11473 -1.95858
   0.26298  0.11303 -2.00703
   0.24716  0.11111 -2.05739
   0.23159  0.10895 -2.11099
   0.21630  0.10656 -2.16757
   0.20135  0.10394 -2.22382
   0.18676  0.10111 -2.28070
   0.17257  0.09806 -2.33989
   0.15887  0.09483 -2.40217
   0.14571  0.09144 -2.46726
   0.13315  0.08791 -2.53587
   0.12126  0.08428 -2.60470
   0.11007  0.08057 -2.67467
   0.09963  0.07682 -2.74342
   0.08993  0.07306 -2.81200
   0.08098  0.06933 -2.87938
   0.07276  0.06565 -2.95276
   0.06526  0.06204 -3.02141
   0.05841  0.05852 -3.08881
   0.05218  0.05509 -3.14845
   0.04651  0.05175 -3.20800
   0.04135  0.04851 -3.25962
   0.03666  0.04537 -3.31270
   0.03238  0.04233 -3.36160
   0.02849  0.03938 -3.40942
   0.02494  0.03652 -3.45218
   0.02170  0.03373 -3.50034
   0.01874  0.03103 -3.54525
   0.01604  0.02840 -3.58711
   0.01358  0.02583 -3.65368
   0.01134  0.02333 -3.72805
   0.00932  0.02088 -3.78542
   0.00751  0.01847 -3.83641
   0.00588  0.01609 -3.84670
   0.00444  0.01375 -3.85466
   0.00317  0.01143 -3.86122
   0.00205  0.00915 -4.01092
   0.00113  0.00688 -4.24730
   0.00047  0.00463 -4.30070
   0.00011  0.00240 -3.78793
   0.00000  0.00018 -3.15335
   0.00006 -0.00201 -2.84665
   0.00032 -0.00418 -2.58659
   0.00086 -0.00629 -2.24107
   0.00174 -0.00829 -1.67332
   0.00300 -0.01010 -0.96827
   0.00464 -0.01163 -0.24598
   0.00661 -0.01283  0.31017
   0.00883 -0.01371  0.66509
   0.01126 -0.01437  0.84636
   0.01385 -0.01486  0.93716
   0.01662 -0.01522  0.98043
   0.01958 -0.01551  0.99729
   0.02275 -0.01574  0.99954
   0.02616 -0.01589  0.99281
   0.02984 -0.01599  0.98032
   0.03383 -0.01601  0.96412
   0.03819 -0.01597  0.94559
   0.04298 -0.01586  0.92547
   0.04829 -0.01566  0.90440
   0.05421 -0.01539  0.88239
   0.06086 -0.01504  0.85937
   0.06838 -0.01458  0.83576
   0.07692 -0.01400  0.81200
   0.08665 -0.01327  0.78777
   0.09778 -0.01237  0.76394
   0.11046 -0.01129  0.74046
   0.12479 -0.01000  0.71785
   0.14071 -0.00853  0.69633
   0.15801 -0.00691  0.67631
   0.17637 -0.00517  0.65823
   0.19543 -0.00337  0.64207
   0.21490 -0.00155  0.62767
   0.23457  0.00026  0.61477
   0.25435  0.00204  0.60343
   0.27416  0.00378  0.59300
   0.29396  0.00548  0.58426
   0.31372  0.00711  0.57589
   0.33342  0.00867  0.56862
   0.35308  0.01017  0.56180
   0.37269  0.01160  0.55584
   0.39221  0.01295  0.55039
   0.41167  0.01421  0.54537
   0.43106  0.01538  0.54044
   0.45039  0.01646  0.53558
   0.46965  0.01744  0.53135
   0.48883  0.01832  0.52740
   0.50794  0.01909  0.52310
   0.52699  0.01974  0.51820
   0.54604  0.02027  0.51347
   0.56509  0.02070  0.50793
   0.58413  0.02101  0.50322
   0.60315  0.02121  0.49775
   0.62215  0.02129  0.49245
   0.64115  0.02125  0.48645
   0.66016  0.02110  0.48033
   0.67918  0.02083  0.47374
   0.69822  0.02045  0.46694
   0.71728  0.01996  0.45956
   0.73634  0.01937  0.45304
   0.75536  0.01866  0.44601
   0.77434  0.01785  0.43807
   0.79330  0.01691  0.43003
   0.81224  0.01587  0.42072
   0.83114  0.01471  0.41152
   0.84999  0.01345  0.40130
   0.86873  0.01208  0.38946
   0.88729  0.01063  0.37804
   0.90550  0.00912  0.36602
   0.92316  0.00757  0.35256
   0.93998  0.00603  0.33980
   0.95561  0.00454  0.32865
   0.96977  0.00314  0.31710
   0.98239  0.00184  0.30609
   0.99344  0.00069  0.29980
   1.00000  0.00000  0.32534
