                                                
 Alfa =  10.00000 Re =  4000000.000 Xflap,Yflap =     0.000000    0.000000
#    x        y        Cp  
   1.00000  0.00000  0.79281
   0.99499  0.00267  0.51301
   0.98682  0.00682  0.33195
   0.97771  0.01116  0.18590
   0.96751  0.01567  0.05927
   0.95610  0.02030 -0.05330
   0.94348  0.02493 -0.14497
   0.92983  0.02942 -0.20806
   0.91553  0.03370 -0.25297
   0.90091  0.03776 -0.28997
   0.88615  0.04164 -0.32956
   0.87127  0.04538 -0.37284
   0.85628  0.04899 -0.41305
   0.84120  0.05245 -0.45386
   0.82605  0.05579 -0.49256
   0.81086  0.05899 -0.53367
   0.79567  0.06206 -0.57556
   0.78051  0.06500 -0.62401
   0.76543  0.06778 -0.66997
   0.75043  0.07037 -0.71986
   0.73551  0.07276 -0.76406
   0.72064  0.07494 -0.80678
   0.70580  0.07690 -0.84369
   0.69093  0.07862 -0.86939
   0.67599  0.08011 -0.88546
   0.66093  0.08141 -0.89534
   0.64573  0.08252 -0.90175
   0.63039  0.08348 -0.90643
   0.61492  0.08431 -0.91242
   0.59934  0.08503 -0.91935
   0.58373  0.08565 -0.93571
   0.56814  0.08617 -0.95498
   0.55259  0.08658 -0.97527
   0.53712  0.08687 -0.99608
   0.52171  0.08702 -1.01517
   0.50634  0.08704 -1.03271
   0.49099  0.08690 -1.04276
   0.47559  0.08662 -1.04809
   0.46011  0.08622 -1.05100
   0.44453  0.08570 -1.05448
   0.42885  0.08509 -1.05784
   0.41308  0.08441 -1.06520
   0.39727  0.08367 -1.07822
   0.38147  0.08290 -1.10318
   0.36573  0.08207 -1.13256
   0.35009  0.08117 -1.16625
   0.33456  0.08019 -1.20122
   0.31912  0.07911 -1.23767
   0.30376  0.07791 -1.27375
   0.28842  0.07658 -1.30609
   0.27307  0.07509 -1.33615
   0.25767  0.07346 -1.36773
   0.24222  0.07169 -1.39810
   0.22675  0.06976 -1.43361
   0.21131  0.06770 -1.47038
   0.19598  0.06551 -1.51318
   0.18085  0.06322 -1.56370
   0.16590  0.06082 -1.62200
   0.15097  0.05827 -1.69472
   0.13575  0.05551 -1.79332
   0.12023  0.05246 -1.91030
   0.10486  0.04913 -2.03805
   0.09088  0.04578 -2.15984
   0.07874  0.04261 -2.28519
   0.06781  0.03953 -2.43474
   0.05723  0.03633 -2.62130
   0.04555  0.03249 -3.03937
   0.03221  0.02724 -3.62936
   0.02296  0.02267 -3.95759
   0.01748  0.01955 -4.34250
   0.01361  0.01710 -4.74535
   0.01064  0.01502 -5.17688
   0.00824  0.01316 -5.66254
   0.00628  0.01146 -6.17897
   0.00466  0.00989 -6.77843
   0.00332  0.00840 -7.40000
   0.00223  0.00699 -8.07488
   0.00136  0.00563 -8.76991
   0.00071  0.00432 -9.36334
   0.00025  0.00304 -9.74944
  -0.00000  0.00179 -9.76824
  -0.00005  0.00056 -9.17070
   0.00012 -0.00065 -7.84354
   0.00050 -0.00186 -6.08751
   0.00109 -0.00307 -4.42820
   0.00191 -0.00430 -3.00475
   0.00295 -0.00554 -1.88494
   0.00425 -0.00681 -1.03766
   0.00582 -0.00813 -0.39790
   0.00773 -0.00950  0.07186
   0.01003 -0.01096  0.41695
   0.01287 -0.01253  0.66229
   0.01648 -0.01428  0.83367
   0.02137 -0.01633  0.94547
   0.02892 -0.01891  0.99828
   0.04190 -0.02197  0.97393
   0.05538 -0.02412  0.92592
   0.06737 -0.02589  0.87996
   0.07952 -0.02757  0.83321
   0.09270 -0.02920  0.78428
   0.10728 -0.03072  0.73562
   0.12277 -0.03200  0.69260
   0.13837 -0.03300  0.65672
   0.15373 -0.03377  0.62662
   0.16897 -0.03440  0.59919
   0.18430 -0.03490  0.57468
   0.19980 -0.03530  0.55170
   0.21545 -0.03559  0.53157
   0.23120 -0.03580  0.51278
   0.24699 -0.03592  0.49583
   0.26281 -0.03596  0.48074
   0.27861 -0.03593  0.46714
   0.29440 -0.03584  0.45472
   0.31017 -0.03571  0.44349
   0.32596 -0.03553  0.43379
   0.34175 -0.03531  0.42429
   0.35758 -0.03508  0.41548
   0.37343 -0.03483  0.40769
   0.38932 -0.03457  0.39962
   0.40524 -0.03432  0.39119
   0.42118 -0.03408  0.38289
   0.43714 -0.03385  0.37393
   0.45310 -0.03362  0.36468
   0.46907 -0.03341  0.35640
   0.48503 -0.03320  0.34729
   0.50100 -0.03299  0.33856
   0.51696 -0.03278  0.32917
   0.53290 -0.03257  0.32088
   0.54883 -0.03235  0.31132
   0.56476 -0.03213  0.30291
   0.58067 -0.03190  0.29392
   0.59657 -0.03165  0.28536
   0.61248 -0.03139  0.27691
   0.62839 -0.03111  0.26832
   0.64430 -0.03082  0.26007
   0.66022 -0.03050  0.25164
   0.67613 -0.03016  0.24328
   0.69203 -0.02979  0.23471
   0.70789 -0.02940  0.22564
   0.72370 -0.02898  0.21624
   0.73945 -0.02852  0.20708
   0.75514 -0.02802  0.19764
   0.77078 -0.02745  0.18871
   0.78638 -0.02682  0.18076
   0.80198 -0.02610  0.17286
   0.81761 -0.02530  0.16758
   0.83329 -0.02441  0.16228
   0.84903 -0.02341  0.15667
   0.86479 -0.02232  0.15350
   0.88051 -0.02112  0.14899
   0.89612 -0.01984  0.14333
   0.91149 -0.01845  0.12650
   0.92641 -0.01686  0.11248
   0.94058 -0.01496  0.11358
   0.95370 -0.01271  0.14007
   0.96559 -0.01017  0.19979
   0.97630 -0.00746  0.28013
   0.98593 -0.00467  0.38633
   0.99464 -0.00187  0.53524
   1.00000  0.00000  0.79281
