                                                
 Alfa =  10.00000 Re =  4000000.000 Xflap,Yflap =     0.000000    0.000000
#    x        y        Cp  
   1.00000  0.00000  0.36011
   0.99415  0.00038  0.31100
   0.98467  0.00109  0.28476
   0.97419  0.00203  0.26971
   0.96258  0.00326  0.25548
   0.94975  0.00485  0.23592
   0.93576  0.00685  0.20952
   0.92085  0.00924  0.17666
   0.90534  0.01195  0.13943
   0.88948  0.01487  0.10415
   0.87336  0.01797  0.06807
   0.85702  0.02122  0.03269
   0.84046  0.02461 -0.00610
   0.82367  0.02811 -0.04569
   0.80667  0.03169 -0.08695
   0.78955  0.03531 -0.12695
   0.77241  0.03893 -0.16565
   0.75532  0.04252 -0.20350
   0.73827  0.04608 -0.23934
   0.72121  0.04963 -0.27549
   0.70416  0.05317 -0.31422
   0.68722  0.05672 -0.36097
   0.67044  0.06021 -0.41251
   0.65381  0.06362 -0.46416
   0.63724  0.06693 -0.51134
   0.62065  0.07016 -0.55911
   0.60404  0.07330 -0.60830
   0.58750  0.07634 -0.66234
   0.57109  0.07926 -0.72016
   0.55485  0.08202 -0.77706
   0.53872  0.08462 -0.83193
   0.52265  0.08706 -0.88706
   0.50659  0.08935 -0.94299
   0.49052  0.09148 -1.00253
   0.47445  0.09345 -1.06410
   0.45851  0.09522 -1.13094
   0.44287  0.09679 -1.20692
   0.42768  0.09809 -1.28666
   0.41290  0.09909 -1.35998
   0.39836  0.09976 -1.41307
   0.38377  0.10009 -1.43628
   0.36892  0.10013 -1.44772
   0.35369  0.09991 -1.45476
   0.33816  0.09945 -1.47056
   0.32252  0.09877 -1.49307
   0.30690  0.09787 -1.51702
   0.29136  0.09676 -1.54273
   0.27590  0.09543 -1.56937
   0.26048  0.09389 -1.59703
   0.24511  0.09212 -1.62497
   0.22975  0.09012 -1.65189
   0.21443  0.08790 -1.68079
   0.19917  0.08545 -1.71306
   0.18403  0.08279 -1.75381
   0.16907  0.07993 -1.79979
   0.15435  0.07684 -1.84993
   0.13992  0.07355 -1.90342
   0.12582  0.07004 -1.96458
   0.11210  0.06633 -2.02718
   0.09885  0.06242 -2.09585
   0.08614  0.05834 -2.17027
   0.07420  0.05420 -2.25854
   0.06343  0.05017 -2.38532
   0.05401  0.04635 -2.52705
   0.04578  0.04271 -2.65769
   0.03850  0.03918 -2.76824
   0.03208  0.03580 -2.87935
   0.02654  0.03266 -3.00476
   0.02184  0.02982 -3.16609
   0.01785  0.02726 -3.43240
   0.01447  0.02492 -3.72712
   0.01159  0.02274 -4.00691
   0.00912  0.02066 -4.26967
   0.00698  0.01866 -4.53207
   0.00514  0.01672 -4.80942
   0.00355  0.01485 -5.30953
   0.00224  0.01297 -5.74503
   0.00122  0.01105 -5.59708
   0.00046  0.00910 -5.26626
  -0.00007  0.00715 -4.86762
  -0.00037  0.00521 -4.41348
  -0.00044  0.00330 -3.91481
  -0.00028  0.00142 -3.35759
   0.00011 -0.00041 -2.68671
   0.00076 -0.00219 -1.92420
   0.00167 -0.00394 -1.21698
   0.00284 -0.00566 -0.61417
   0.00428 -0.00734 -0.12705
   0.00600 -0.00898  0.25107
   0.00802 -0.01052  0.53788
   0.01032 -0.01196  0.74366
   0.01294 -0.01336  0.86820
   0.01592 -0.01474  0.94298
   0.01932 -0.01613  0.98346
   0.02325 -0.01753  0.99913
   0.02784 -0.01896  0.99649
   0.03325 -0.02047  0.98021
   0.03968 -0.02207  0.95323
   0.04733 -0.02377  0.91854
   0.05632 -0.02555  0.87852
   0.06677 -0.02744  0.83416
   0.07873 -0.02940  0.78765
   0.09208 -0.03138  0.74060
   0.10649 -0.03330  0.69554
   0.12167 -0.03512  0.65385
   0.13744 -0.03681  0.61578
   0.15356 -0.03839  0.58099
   0.16987 -0.03985  0.54821
   0.18627 -0.04120  0.51751
   0.20273 -0.04243  0.48955
   0.21931 -0.04354  0.46482
   0.23606 -0.04455  0.44187
   0.25295 -0.04549  0.42017
   0.26988 -0.04635  0.39851
   0.28675 -0.04713  0.37705
   0.30358 -0.04782  0.35767
   0.32045 -0.04841  0.34079
   0.33745 -0.04892  0.32499
   0.35453 -0.04938  0.30848
   0.37154 -0.04976  0.29113
   0.38841 -0.05007  0.27400
   0.40520 -0.05027  0.26013
   0.42208 -0.05038  0.24948
   0.43915 -0.05040  0.23933
   0.45636 -0.05038  0.22763
   0.47356 -0.05031  0.21432
   0.49066 -0.05019  0.20056
   0.50768 -0.04999  0.18772
   0.52467 -0.04973  0.17555
   0.54165 -0.04939  0.16299
   0.55856 -0.04897  0.14990
   0.57535 -0.04847  0.13686
   0.59201 -0.04787  0.12454
   0.60861 -0.04715  0.11386
   0.62522 -0.04632  0.10497
   0.64180 -0.04537  0.09517
   0.65823 -0.04431  0.08428
   0.67436 -0.04313  0.07262
   0.69020 -0.04180  0.06449
   0.70586 -0.04026  0.06399
   0.72153 -0.03851  0.06979
   0.73735 -0.03654  0.07982
   0.75341 -0.03437  0.09326
   0.76968 -0.03201  0.10864
   0.78614 -0.02950  0.12568
   0.80281 -0.02686  0.14400
   0.81969 -0.02412  0.16282
   0.83676 -0.02129  0.18228
   0.85389 -0.01844  0.20277
   0.87085 -0.01563  0.22342
   0.88748 -0.01292  0.24317
   0.90372 -0.01037  0.26328
   0.91955 -0.00800  0.28437
   0.93480 -0.00590  0.30091
   0.94912 -0.00415  0.31435
   0.96222 -0.00276  0.31960
   0.97402 -0.00170  0.32310
   0.98461 -0.00091  0.32336
   0.99414 -0.00031  0.33624
   1.00000  0.00000  0.36011
