                                                
 Alfa =  10.00000 Re =  4000000.000 Xflap,Yflap =     0.000000    0.000000
#    x        y        Cp  
   1.00000  0.00215  0.33767
   0.99372  0.00317  0.22795
   0.98342  0.00489  0.18678
   0.97189  0.00689  0.14929
   0.95895  0.00924  0.11468
   0.94461  0.01197  0.07633
   0.92916  0.01503  0.02915
   0.91311  0.01827 -0.01884
   0.89684  0.02153 -0.06434
   0.88045  0.02473 -0.09777
   0.86391  0.02789 -0.12640
   0.84721  0.03102 -0.15271
   0.83033  0.03413 -0.17623
   0.81330  0.03725 -0.19811
   0.79616  0.04037 -0.21998
   0.77898  0.04350 -0.24209
   0.76183  0.04665 -0.26431
   0.74477  0.04981 -0.28840
   0.72786  0.05300 -0.31501
   0.71111  0.05623 -0.34499
   0.69456  0.05950 -0.38275
   0.67822  0.06281 -0.43131
   0.66206  0.06611 -0.48380
   0.64606  0.06937 -0.54116
   0.63016  0.07255 -0.59869
   0.61430  0.07563 -0.65714
   0.59839  0.07858 -0.71055
   0.58235  0.08140 -0.75352
   0.56608  0.08410 -0.79168
   0.54956  0.08670 -0.82795
   0.53278  0.08923 -0.86584
   0.51584  0.09169 -0.90648
   0.49886  0.09409 -0.95669
   0.48205  0.09641 -1.02308
   0.46556  0.09860 -1.10030
   0.44947  0.10060 -1.17956
   0.43375  0.10238 -1.25897
   0.41834  0.10392 -1.33568
   0.40312  0.10519 -1.40663
   0.38796  0.10618 -1.45800
   0.37270  0.10690 -1.49679
   0.35722  0.10737 -1.52993
   0.34148  0.10761 -1.55867
   0.32546  0.10763 -1.58992
   0.30927  0.10745 -1.62359
   0.29307  0.10709 -1.67116
   0.27710  0.10658 -1.73723
   0.26150  0.10588 -1.80973
   0.24630  0.10499 -1.88605
   0.23145  0.10388 -1.96220
   0.21682  0.10253 -2.03896
   0.20225  0.10091 -2.11148
   0.18749  0.09894 -2.16872
   0.17237  0.09662 -2.22487
   0.15710  0.09400 -2.30209
   0.14241  0.09126 -2.45947
   0.12899  0.08848 -2.69224
   0.11689  0.08557 -2.91132
   0.10578  0.08237 -3.08738
   0.09526  0.07874 -3.15409
   0.08497  0.07456 -3.08410
   0.07479  0.06989 -3.00691
   0.06497  0.06496 -3.01043
   0.05587  0.05996 -3.03356
   0.04770  0.05503 -3.04513
   0.04050  0.05026 -3.04648
   0.03423  0.04574 -3.04515
   0.02880  0.04149 -3.04814
   0.02409  0.03750 -3.04464
   0.02000  0.03375 -3.02445
   0.01639  0.03019 -2.98876
   0.01323  0.02685 -2.97619
   0.01045  0.02377 -3.06568
   0.00806  0.02096 -3.22798
   0.00605  0.01837 -3.39709
   0.00438  0.01599 -3.56776
   0.00301  0.01376 -3.72220
   0.00189  0.01166 -3.84708
   0.00101  0.00966 -3.93566
   0.00036  0.00774 -3.95062
  -0.00008  0.00589 -3.85887
  -0.00031  0.00409 -3.66765
  -0.00033  0.00233 -3.29729
  -0.00013  0.00060 -2.79963
   0.00031 -0.00111 -2.14138
   0.00097 -0.00281 -1.47179
   0.00186 -0.00449 -0.88125
   0.00297 -0.00614 -0.38640
   0.00430 -0.00776  0.01399
   0.00586 -0.00934  0.33420
   0.00766 -0.01084  0.58035
   0.00972 -0.01223  0.76396
   0.01206 -0.01345  0.89167
   0.01468 -0.01441  0.96878
   0.01764 -0.01509  0.99819
   0.02101 -0.01548  0.99582
   0.02487 -0.01564  0.97892
   0.02934 -0.01568  0.95556
   0.03455 -0.01560  0.92753
   0.04069 -0.01536  0.89800
   0.04788 -0.01496  0.86892
   0.05632 -0.01436  0.84078
   0.06628 -0.01357  0.81478
   0.07804 -0.01264  0.79001
   0.09153 -0.01167  0.76410
   0.10632 -0.01074  0.73826
   0.12206 -0.00989  0.71251
   0.13845 -0.00912  0.68785
   0.15522 -0.00841  0.66511
   0.17217 -0.00773  0.64543
   0.18918 -0.00710  0.62768
   0.20622 -0.00653  0.61150
   0.22327 -0.00602  0.59580
   0.24035 -0.00556  0.58130
   0.25748 -0.00515  0.56752
   0.27465 -0.00479  0.55433
   0.29184 -0.00447  0.54184
   0.30903 -0.00420  0.53025
   0.32620 -0.00398  0.51965
   0.34331 -0.00380  0.50915
   0.36038 -0.00368  0.49904
   0.37739 -0.00362  0.48876
   0.39435 -0.00364  0.47832
   0.41130 -0.00373  0.46599
   0.42825 -0.00388  0.45312
   0.44523 -0.00408  0.43930
   0.46225 -0.00430  0.42530
   0.47933 -0.00452  0.41187
   0.49646 -0.00473  0.39859
   0.51365 -0.00490  0.38745
   0.53089 -0.00503  0.37746
   0.54816 -0.00512  0.36865
   0.56546 -0.00517  0.35992
   0.58277 -0.00519  0.35223
   0.60010 -0.00519  0.34469
   0.61744 -0.00516  0.33755
   0.63478 -0.00511  0.33050
   0.65211 -0.00504  0.32402
   0.66944 -0.00494  0.31785
   0.68676 -0.00481  0.31233
   0.70408 -0.00466  0.30768
   0.72139 -0.00449  0.30435
   0.73871 -0.00431  0.30080
   0.75601 -0.00414  0.29802
   0.77327 -0.00399  0.29447
   0.79048 -0.00387  0.29003
   0.80759 -0.00379  0.28388
   0.82458 -0.00376  0.27496
   0.84142 -0.00375  0.26582
   0.85815 -0.00373  0.25639
   0.87480 -0.00369  0.24855
   0.89145 -0.00360  0.24090
   0.90820 -0.00344  0.23841
   0.92506 -0.00322  0.24007
   0.94160 -0.00297  0.24386
   0.95707 -0.00273  0.24744
   0.97089 -0.00253  0.25170
   0.98300 -0.00237  0.25994
   0.99362 -0.00223  0.27758
   1.00000 -0.00215  0.33767
