                                                
 Alfa =  10.00000 Re =  4000000.000 Xflap,Yflap =     0.000000    0.000000
#    x        y        Cp  
   1.00000  0.00000  0.42207
   0.99470  0.00064  0.35800
   0.98530  0.00211  0.26713
   0.97388  0.00409  0.17425
   0.96094  0.00628  0.10694
   0.94693  0.00846  0.06626
   0.93203  0.01060  0.04327
   0.91632  0.01276  0.02945
   0.90024  0.01496  0.01163
   0.88417  0.01719 -0.00639
   0.86815  0.01944 -0.02633
   0.85211  0.02173 -0.04567
   0.83603  0.02407 -0.06664
   0.81995  0.02644 -0.08724
   0.80388  0.02884 -0.10863
   0.78781  0.03128 -0.13066
   0.77173  0.03375 -0.15310
   0.75563  0.03626 -0.17764
   0.73949  0.03880 -0.20184
   0.72334  0.04136 -0.22715
   0.70716  0.04394 -0.25503
   0.69095  0.04654 -0.28175
   0.67472  0.04916 -0.31040
   0.65847  0.05179 -0.34117
   0.64223  0.05442 -0.37220
   0.62601  0.05704 -0.40622
   0.60982  0.05964 -0.43895
   0.59367  0.06223 -0.47563
   0.57755  0.06478 -0.51154
   0.56148  0.06730 -0.55020
   0.54544  0.06978 -0.59044
   0.52943  0.07221 -0.63211
   0.51348  0.07459 -0.67610
   0.49757  0.07691 -0.72218
   0.48173  0.07916 -0.77091
   0.46596  0.08133 -0.82136
   0.45025  0.08340 -0.87411
   0.43459  0.08538 -0.92824
   0.41899  0.08725 -0.98578
   0.40346  0.08901 -1.04650
   0.38801  0.09064 -1.10994
   0.37266  0.09213 -1.17758
   0.35741  0.09347 -1.24815
   0.34227  0.09465 -1.32304
   0.32726  0.09563 -1.40022
   0.31241  0.09642 -1.48186
   0.29776  0.09700 -1.56773
   0.28332  0.09733 -1.65238
   0.26908  0.09741 -1.73553
   0.25499  0.09721 -1.81375
   0.24104  0.09673 -1.88826
   0.22721  0.09595 -1.95832
   0.21348  0.09488 -2.02273
   0.19985  0.09351 -2.08423
   0.18634  0.09182 -2.14512
   0.17297  0.08983 -2.20235
   0.15976  0.08753 -2.25981
   0.14674  0.08491 -2.31614
   0.13398  0.08200 -2.37062
   0.12153  0.07878 -2.41694
   0.11203  0.07608 -2.45395
   0.10258  0.07317 -2.51123
   0.09440  0.07045 -2.57059
   0.08630  0.06752 -2.60416
   0.07526  0.06316 -2.65541
   0.06481  0.05860 -2.72635
   0.05511  0.05390 -2.79929
   0.04625  0.04915 -2.87207
   0.03832  0.04442 -2.93718
   0.03140  0.03985 -3.00985
   0.02547  0.03551 -3.07756
   0.02048  0.03144 -3.13284
   0.01630  0.02766 -3.19162
   0.01283  0.02417 -3.23409
   0.00997  0.02096 -3.26672
   0.00761  0.01802 -3.32077
   0.00567  0.01530 -3.36161
   0.00410  0.01276 -3.36915
   0.00281  0.01039 -3.38019
   0.00179  0.00814 -3.42534
   0.00100  0.00602 -3.44140
   0.00046  0.00402 -3.39623
   0.00013  0.00214 -3.32431
   0.00001  0.00037 -3.22872
   0.00011 -0.00137 -3.09541
   0.00049 -0.00309 -3.26110
   0.00142 -0.00464 -2.01461
   0.00290 -0.00588 -0.35915
   0.00468 -0.00698  0.25733
   0.00675 -0.00802  0.59891
   0.00913 -0.00904  0.79184
   0.01189 -0.01006  0.90499
   0.01513 -0.01110  0.96712
   0.01899 -0.01216  0.99545
   0.02363 -0.01326  0.99884
   0.02927 -0.01441  0.98418
   0.03622 -0.01565  0.95576
   0.04477 -0.01695  0.91754
   0.05510 -0.01829  0.87306
   0.06723 -0.01963  0.82678
   0.08083 -0.02094  0.78198
   0.09550 -0.02218  0.74016
   0.11087 -0.02336  0.70240
   0.12664 -0.02450  0.66762
   0.14265 -0.02559  0.63574
   0.15876 -0.02665  0.60615
   0.17491 -0.02767  0.57844
   0.19107 -0.02864  0.55300
   0.20725 -0.02959  0.52886
   0.22344 -0.03049  0.50620
   0.23964 -0.03135  0.48462
   0.25582 -0.03218  0.46411
   0.27198 -0.03296  0.44446
   0.28813 -0.03369  0.42604
   0.30427 -0.03438  0.40840
   0.32041 -0.03503  0.39123
   0.33655 -0.03562  0.37532
   0.35269 -0.03617  0.36028
   0.36884 -0.03667  0.34491
   0.38498 -0.03713  0.33074
   0.40113 -0.03754  0.31710
   0.41728 -0.03790  0.30362
   0.43343 -0.03822  0.29139
   0.44958 -0.03849  0.27832
   0.46573 -0.03871  0.26664
   0.48187 -0.03888  0.25415
   0.49801 -0.03901  0.24299
   0.51414 -0.03908  0.23150
   0.53026 -0.03911  0.22018
   0.54637 -0.03909  0.20928
   0.56248 -0.03901  0.19945
   0.57858 -0.03888  0.18836
   0.59466 -0.03869  0.17770
   0.61071 -0.03845  0.16754
   0.62673 -0.03815  0.15620
   0.64273 -0.03778  0.14814
   0.65871 -0.03735  0.13705
   0.67466 -0.03685  0.12791
   0.69056 -0.03627  0.11778
   0.70641 -0.03562  0.10772
   0.72219 -0.03488  0.09852
   0.73790 -0.03406  0.08845
   0.75353 -0.03313  0.07831
   0.76904 -0.03210  0.06822
   0.78430 -0.03094  0.05760
   0.79922 -0.02965  0.04678
   0.81383 -0.02818  0.04388
   0.82823 -0.02649  0.04896
   0.84258 -0.02456  0.06099
   0.85708 -0.02236  0.08344
   0.87193 -0.01990  0.11546
   0.88723 -0.01721  0.15040
   0.90281 -0.01440  0.18513
   0.91839 -0.01158  0.21945
   0.93370 -0.00887  0.25037
   0.94843 -0.00636  0.28216
   0.96221 -0.00416  0.31556
   0.97468 -0.00237  0.34773
   0.98555 -0.00106  0.38042
   0.99471 -0.00026  0.41987
   1.00000  0.00000  0.42207
