                                                
 Alfa =  10.00000 Re =  4000000.000 Xflap,Yflap =     0.000000    0.000000
#    x        y        Cp  
   1.00000  0.00000  0.85618
   0.99160  0.00708  0.59443
   0.97880  0.01723  0.40997
   0.96555  0.02698  0.26539
   0.95158  0.03648  0.15002
   0.93653  0.04591  0.07014
   0.92004  0.05561  0.01540
   0.90191  0.06592 -0.03047
   0.88240  0.07702 -0.10524
   0.86216  0.08856 -0.20005
   0.84185  0.10006 -0.30399
   0.82180  0.11121 -0.41141
   0.80202  0.12193 -0.51863
   0.78224  0.13227 -0.61372
   0.76217  0.14241 -0.70460
   0.74162  0.15246 -0.79687
   0.72059  0.16246 -0.89432
   0.69928  0.17233 -1.00309
   0.67808  0.18192 -1.13468
   0.65735  0.19101 -1.27718
   0.63721  0.19949 -1.42522
   0.61760  0.20734 -1.57271
   0.59839  0.21459 -1.71718
   0.57937  0.22130 -1.84796
   0.56038  0.22754 -1.97504
   0.54135  0.23335 -2.10251
   0.52226  0.23875 -2.23200
   0.50319  0.24371 -2.36819
   0.48426  0.24822 -2.51951
   0.46561  0.25225 -2.68147
   0.44732  0.25574 -2.84554
   0.42943  0.25870 -3.01277
   0.41194  0.26113 -3.17801
   0.39482  0.26302 -3.34255
   0.37805  0.26439 -3.50629
   0.36160  0.26524 -3.66536
   0.34548  0.26557 -3.81868
   0.32971  0.26537 -3.96221
   0.31431  0.26465 -4.09558
   0.29931  0.26343 -4.21657
   0.28474  0.26172 -4.32344
   0.27063  0.25955 -4.41579
   0.25698  0.25693 -4.49452
   0.24375  0.25386 -4.55291
   0.23089  0.25035 -4.59200
   0.21835  0.24638 -4.60251
   0.20606  0.24192 -4.58045
   0.19393  0.23692 -4.48962
   0.18188  0.23133 -4.33813
   0.16984  0.22520 -4.17154
   0.15789  0.21860 -4.01121
   0.14616  0.21170 -3.91570
   0.13492  0.20466 -3.90137
   0.12434  0.19756 -3.89440
   0.11448  0.19038 -3.86827
   0.10531  0.18307 -3.80530
   0.09676  0.17557 -3.65881
   0.08873  0.16782 -3.43077
   0.08113  0.15986 -3.18686
   0.07391  0.15175 -2.95281
   0.06709  0.14359 -2.74125
   0.06067  0.13547 -2.54911
   0.05468  0.12749 -2.37612
   0.04912  0.11976 -2.23273
   0.04403  0.11235 -2.12654
   0.03940  0.10530 -2.03474
   0.03523  0.09860 -1.94153
   0.03150  0.09223 -1.84961
   0.02815  0.08615 -1.74779
   0.02516  0.08033 -1.62748
   0.02249  0.07473 -1.47078
   0.02004  0.06933 -1.31170
   0.01776  0.06411 -1.17288
   0.01560  0.05910 -1.05942
   0.01351  0.05430 -0.98229
   0.01149  0.04973 -0.95736
   0.00955  0.04539 -0.97637
   0.00774  0.04129 -1.00460
   0.00609  0.03740 -1.03663
   0.00460  0.03370 -1.06923
   0.00329  0.03018 -1.09567
   0.00214  0.02680 -1.11478
   0.00117  0.02355 -1.12770
   0.00037  0.02042 -1.12401
  -0.00026  0.01738 -1.10923
  -0.00072  0.01442 -1.07358
  -0.00099  0.01153 -1.01459
  -0.00108  0.00870 -0.92942
  -0.00097  0.00591 -0.81783
  -0.00065  0.00316 -0.66914
  -0.00011  0.00042 -0.49095
   0.00068 -0.00231 -0.26943
   0.00172 -0.00505 -0.04625
   0.00299 -0.00782  0.15856
   0.00450 -0.01064  0.33687
   0.00622 -0.01351  0.48764
   0.00815 -0.01645  0.61109
   0.01027 -0.01946  0.71053
   0.01253 -0.02255  0.78709
   0.01491 -0.02567  0.84332
   0.01740 -0.02877  0.89026
   0.02005 -0.03180  0.93057
   0.02292 -0.03467  0.96366
   0.02607 -0.03735  0.98753
   0.02959 -0.03982  0.99895
   0.03349 -0.04210  0.99834
   0.03780 -0.04423  0.98880
   0.04256 -0.04625  0.97360
   0.04777 -0.04821  0.95514
   0.05341 -0.05017  0.93379
   0.05945 -0.05213  0.90936
   0.06592 -0.05407  0.88213
   0.07287 -0.05596  0.85375
   0.08038 -0.05778  0.82640
   0.08860 -0.05956  0.80040
   0.09766 -0.06135  0.77475
   0.10758 -0.06323  0.74334
   0.11827 -0.06515  0.70590
   0.12957 -0.06698  0.66594
   0.14137 -0.06858  0.62598
   0.15371 -0.06982  0.59452
   0.16688 -0.07064  0.57973
   0.18132 -0.07113  0.57364
   0.19746 -0.07145  0.57091
   0.21552 -0.07187  0.55457
   0.23510 -0.07241  0.52801
   0.25545 -0.07296  0.49746
   0.27591 -0.07338  0.46593
   0.29619 -0.07351  0.43758
   0.31647 -0.07327  0.41883
   0.33716 -0.07265  0.40756
   0.35861 -0.07165  0.40068
   0.38113 -0.07031  0.39704
   0.40485 -0.06864  0.39503
   0.42962 -0.06671  0.39298
   0.45512 -0.06457  0.39156
   0.48106 -0.06225  0.39128
   0.50726 -0.05982  0.39135
   0.53364 -0.05732  0.39153
   0.56017 -0.05478  0.39160
   0.58675 -0.05225  0.39100
   0.61321 -0.04977  0.38788
   0.63939 -0.04735  0.38253
   0.66519 -0.04492  0.37769
   0.69063 -0.04245  0.37485
   0.71580 -0.03986  0.37765
   0.74080 -0.03718  0.38467
   0.76557 -0.03453  0.39149
   0.78985 -0.03201  0.39607
   0.81327 -0.02973  0.39104
   0.83553 -0.02762  0.37999
   0.85663 -0.02549  0.37165
   0.87675 -0.02319  0.36965
   0.89621 -0.02057  0.37879
   0.91533 -0.01750  0.40816
   0.93437 -0.01400  0.45214
   0.95326 -0.01023  0.50581
   0.97161 -0.00636  0.57167
   0.98902 -0.00252  0.66873
   1.00000  0.00000  0.85618
