                                                
 Alfa =  10.00000 Re =  4000000.000 Xflap,Yflap =     0.000000    0.000000
#    x        y        Cp  
   1.00000  0.00000  0.45038
   0.99256  0.00117  0.24379
   0.98025  0.00302  0.14655
   0.96629  0.00498  0.07935
   0.95053  0.00703  0.02782
   0.93313  0.00911 -0.00908
   0.91462  0.01115 -0.03486
   0.89562  0.01316 -0.05798
   0.87642  0.01514 -0.08413
   0.85713  0.01710 -0.10934
   0.83783  0.01901 -0.13362
   0.81854  0.02087 -0.15622
   0.79929  0.02266 -0.17666
   0.78006  0.02441 -0.19275
   0.76083  0.02612 -0.20804
   0.74160  0.02782 -0.22280
   0.72238  0.02954 -0.23949
   0.70320  0.03130 -0.26011
   0.68410  0.03312 -0.28931
   0.66512  0.03497 -0.32461
   0.64625  0.03680 -0.36135
   0.62748  0.03858 -0.39919
   0.60876  0.04026 -0.43468
   0.59001  0.04181 -0.46242
   0.57114  0.04324 -0.48225
   0.55210  0.04458 -0.49962
   0.53288  0.04586 -0.51785
   0.51351  0.04712 -0.53810
   0.49411  0.04839 -0.56786
   0.47481  0.04966 -0.60922
   0.45570  0.05088 -0.65642
   0.43683  0.05200 -0.70472
   0.41818  0.05300 -0.75363
   0.39967  0.05381 -0.79714
   0.38119  0.05443 -0.82959
   0.36264  0.05488 -0.85719
   0.34394  0.05517 -0.88299
   0.32504  0.05534 -0.91011
   0.30595  0.05540 -0.94110
   0.28670  0.05538 -0.98137
   0.26738  0.05528 -1.03184
   0.24807  0.05510 -1.09018
   0.22886  0.05482 -1.15811
   0.20980  0.05444 -1.23711
   0.19097  0.05395 -1.33566
   0.17243  0.05332 -1.45598
   0.15434  0.05252 -1.59870
   0.13690  0.05152 -1.78159
   0.12033  0.05024 -1.99156
   0.10479  0.04861 -2.21333
   0.09038  0.04661 -2.45173
   0.07724  0.04426 -2.69706
   0.06558  0.04163 -2.94573
   0.05536  0.03877 -3.15856
   0.04632  0.03567 -3.24951
   0.03825  0.03244 -3.25776
   0.03117  0.02934 -3.33582
   0.02512  0.02655 -3.60324
   0.02002  0.02408 -4.29181
   0.01577  0.02171 -4.96340
   0.01225  0.01931 -5.35642
   0.00933  0.01690 -5.52006
   0.00694  0.01455 -5.64381
   0.00499  0.01229 -5.74371
   0.00341  0.01010 -5.79977
   0.00217  0.00798 -5.81872
   0.00121  0.00592 -5.73864
   0.00054  0.00389 -5.54701
   0.00013  0.00190 -5.16279
   0.00000 -0.00008 -4.54455
   0.00015 -0.00207 -3.63555
   0.00057 -0.00406 -2.70516
   0.00126 -0.00609 -1.84971
   0.00223 -0.00816 -1.12720
   0.00349 -0.01028 -0.53058
   0.00508 -0.01246 -0.05892
   0.00704 -0.01472  0.30841
   0.00944 -0.01704  0.58248
   0.01237 -0.01940  0.78090
   0.01590 -0.02173  0.91140
   0.02016 -0.02402  0.97908
   0.02528 -0.02643  0.99961
   0.03133 -0.02921  0.99224
   0.03834 -0.03235  0.96263
   0.04623 -0.03560  0.91152
   0.05501 -0.03868  0.84660
   0.06494 -0.04149  0.78022
   0.07643 -0.04409  0.71523
   0.08947 -0.04646  0.65117
   0.10373 -0.04848  0.59448
   0.11910 -0.05011  0.54790
   0.13562 -0.05142  0.51088
   0.15311 -0.05247  0.47820
   0.17103 -0.05334  0.44195
   0.18883 -0.05396  0.41022
   0.20630 -0.05428  0.38945
   0.22357 -0.05434  0.38252
   0.24075 -0.05429  0.37996
   0.25786 -0.05428  0.37688
   0.27479 -0.05447  0.36860
   0.29138 -0.05497  0.34952
   0.30738 -0.05587  0.29966
   0.32260 -0.05699  0.21686
   0.33690 -0.05797  0.12397
   0.35028 -0.05857  0.03058
   0.36278 -0.05863 -0.05271
   0.37448 -0.05807 -0.11559
   0.38546 -0.05681 -0.14514
   0.39581 -0.05485 -0.13091
   0.40557 -0.05217 -0.04728
   0.41484 -0.04891  0.07521
   0.42370 -0.04530  0.19637
   0.43220 -0.04151  0.30650
   0.44042 -0.03770  0.40404
   0.44840 -0.03399  0.48718
   0.45618 -0.03046  0.55689
   0.46381 -0.02722  0.61569
   0.47132 -0.02434  0.66295
   0.47875 -0.02190  0.70094
   0.48613 -0.01997  0.72900
   0.49350 -0.01863  0.74732
   0.50089 -0.01796  0.75334
   0.50834 -0.01800  0.74093
   0.51586 -0.01869  0.71757
   0.52349 -0.01994  0.68337
   0.53124 -0.02168  0.63855
   0.53915 -0.02381  0.58225
   0.54724 -0.02626  0.51324
   0.55555 -0.02894  0.42921
   0.56409 -0.03173  0.32958
   0.57291 -0.03452  0.21272
   0.58205 -0.03715  0.08033
   0.59153 -0.03946 -0.06181
   0.60141 -0.04120 -0.18267
   0.61174 -0.04219 -0.23155
   0.62255 -0.04239 -0.22629
   0.63392 -0.04186 -0.18345
   0.64589 -0.04063 -0.11241
   0.65855 -0.03880 -0.02623
   0.67195 -0.03650  0.06454
   0.68613 -0.03394  0.14893
   0.70111 -0.03143  0.21192
   0.71683 -0.02929  0.22923
   0.73320 -0.02753  0.22454
   0.75008 -0.02609  0.20656
   0.76737 -0.02485  0.18032
   0.78497 -0.02367  0.15153
   0.80283 -0.02238  0.12913
   0.82097 -0.02086  0.12436
   0.83940 -0.01912  0.12813
   0.85810 -0.01721  0.13559
   0.87700 -0.01519  0.14490
   0.89600 -0.01313  0.15309
   0.91489 -0.01110  0.15229
   0.93332 -0.00907  0.15066
   0.95065 -0.00702  0.15756
   0.96635 -0.00498  0.17914
   0.98027 -0.00302  0.21624
   0.99257 -0.00117  0.28210
   1.00000  0.00000  0.45038
