                                                
 Alfa =  10.00000 Re =  4000000.000 Xflap,Yflap =     0.000000    0.000000
#    x        y        Cp  
   1.00000  0.00000  0.47456
   0.99388  0.00061  0.46677
   0.98169  0.00287  0.33235
   0.96896  0.00576  0.21617
   0.95616  0.00877  0.13206
   0.94336  0.01174  0.05999
   0.93054  0.01468  0.00944
   0.91773  0.01764 -0.06317
   0.90490  0.02057 -0.13734
   0.89209  0.02345 -0.22849
   0.87933  0.02607 -0.33202
   0.86653  0.02825 -0.36534
   0.85359  0.03006 -0.36624
   0.84058  0.03166 -0.37346
   0.82754  0.03310 -0.38547
   0.81449  0.03439 -0.39058
   0.80141  0.03557 -0.40095
   0.78832  0.03664 -0.41365
   0.77522  0.03762 -0.41223
   0.76211  0.03852 -0.42927
   0.74899  0.03935 -0.42747
   0.73587  0.04010 -0.45075
   0.72274  0.04078 -0.44684
   0.70960  0.04140 -0.46868
   0.69647  0.04197 -0.46320
   0.68332  0.04247 -0.48025
   0.67018  0.04293 -0.48538
   0.65703  0.04334 -0.49310
   0.64389  0.04370 -0.50457
   0.63073  0.04402 -0.51365
   0.61758  0.04429 -0.52129
   0.60443  0.04452 -0.53480
   0.59128  0.04470 -0.53785
   0.57812  0.04484 -0.55197
   0.56496  0.04495 -0.55771
   0.55181  0.04501 -0.57517
   0.53865  0.04504 -0.57897
   0.52549  0.04503 -0.58996
   0.51234  0.04498 -0.60976
   0.49918  0.04490 -0.61094
   0.48602  0.04478 -0.62587
   0.47287  0.04462 -0.63793
   0.45971  0.04442 -0.65094
   0.44655  0.04419 -0.66199
   0.43340  0.04392 -0.67445
   0.42024  0.04362 -0.68977
   0.40709  0.04328 -0.70527
   0.39394  0.04291 -0.71455
   0.38079  0.04249 -0.73431
   0.36764  0.04204 -0.75386
   0.35449  0.04156 -0.76464
   0.34135  0.04103 -0.78789
   0.32820  0.04046 -0.79826
   0.31506  0.03985 -0.82580
   0.30192  0.03921 -0.84139
   0.28879  0.03852 -0.86914
   0.27565  0.03779 -0.89019
   0.26252  0.03701 -0.91368
   0.24939  0.03619 -0.94437
   0.23627  0.03532 -0.97166
   0.22315  0.03440 -1.00579
   0.21003  0.03342 -1.03691
   0.19692  0.03238 -1.07567
   0.18382  0.03130 -1.11867
   0.17073  0.03014 -1.16478
   0.15764  0.02892 -1.21635
   0.14456  0.02763 -1.27874
   0.13150  0.02626 -1.34809
   0.11844  0.02479 -1.42252
   0.10540  0.02323 -1.52094
   0.09239  0.02156 -1.63562
   0.07939  0.01976 -1.77828
   0.06644  0.01780 -1.96467
   0.05352  0.01564 -2.21130
   0.04069  0.01326 -2.58841
   0.02798  0.01052 -3.18865
   0.01572  0.00734 -4.36419
   0.00627  0.00410 -7.65782
   0.00218  0.00211-11.98614
   0.00027  0.00061-51.17069
   0.00027 -0.00061-36.59364
   0.00218 -0.00211 -3.20707
   0.00627 -0.00410 -0.38809
   0.01572 -0.00734  0.83377
   0.02798 -0.01052  0.99437
   0.04069 -0.01326  0.98641
   0.05352 -0.01564  0.94227
   0.06644 -0.01780  0.89153
   0.07939 -0.01976  0.84256
   0.09239 -0.02156  0.79647
   0.10540 -0.02323  0.75441
   0.11844 -0.02479  0.71680
   0.13150 -0.02626  0.68049
   0.14456 -0.02763  0.64843
   0.15764 -0.02892  0.61936
   0.17073 -0.03014  0.59042
   0.18382 -0.03130  0.56574
   0.19692 -0.03238  0.54103
   0.21003 -0.03342  0.51839
   0.22315 -0.03440  0.49790
   0.23627 -0.03532  0.47544
   0.24939 -0.03619  0.45882
   0.26252 -0.03701  0.43899
   0.27565 -0.03779  0.42359
   0.28879 -0.03852  0.40684
   0.30192 -0.03921  0.38914
   0.31506 -0.03985  0.37625
   0.32820 -0.04046  0.35958
   0.34135 -0.04103  0.34890
   0.35449 -0.04156  0.33077
   0.36764 -0.04204  0.32122
   0.38079 -0.04249  0.30833
   0.39394 -0.04291  0.29569
   0.40709 -0.04328  0.28172
   0.42024 -0.04362  0.27374
   0.43340 -0.04392  0.25991
   0.44655 -0.04419  0.24999
   0.45971 -0.04442  0.24095
   0.47287 -0.04462  0.22714
   0.48602 -0.04478  0.21860
   0.49918 -0.04490  0.20628
   0.51234 -0.04498  0.20221
   0.52549 -0.04503  0.18928
   0.53865 -0.04504  0.17775
   0.55181 -0.04501  0.16746
   0.56496 -0.04495  0.16247
   0.57812 -0.04484  0.15578
   0.59128 -0.04470  0.13957
   0.60443 -0.04452  0.13602
   0.61758 -0.04429  0.12412
   0.63073 -0.04402  0.11630
   0.64389 -0.04370  0.10696
   0.65703 -0.04334  0.09749
   0.67018 -0.04293  0.09136
   0.68333 -0.04247  0.08601
   0.69647 -0.04197  0.06752
   0.70960 -0.04140  0.07299
   0.72274 -0.04078  0.04964
   0.73587 -0.04010  0.05129
   0.74899 -0.03935  0.03721
   0.76211 -0.03852  0.03013
   0.77522 -0.03762  0.02222
   0.78832 -0.03664  0.01509
   0.80141 -0.03557  0.00343
   0.81449 -0.03439 -0.00553
   0.82754 -0.03310 -0.01072
   0.84058 -0.03166 -0.02806
   0.85359 -0.03006 -0.03262
   0.86653 -0.02825 -0.05119
   0.87933 -0.02607 -0.04264
   0.89209 -0.02345  0.02026
   0.90490 -0.02057  0.08445
   0.91773 -0.01764  0.12040
   0.93054 -0.01468  0.16436
   0.94336 -0.01174  0.19954
   0.95616 -0.00877  0.23519
   0.96896 -0.00576  0.30028
   0.98169 -0.00287  0.38264
   0.99388 -0.00061  0.49047
   1.00000  0.00000  0.47456
