                                                
 Alfa =  10.00000 Re =  4000000.000 Xflap,Yflap =     0.000000    0.000000
#    x        y        Cp  
   1.00000  0.00000  0.29245
   0.99382  0.00033  0.25271
   0.98214  0.00121  0.18895
   0.96877  0.00238  0.13705
   0.95483  0.00366  0.10479
   0.94077  0.00498  0.08106
   0.92668  0.00633  0.05661
   0.91261  0.00771  0.04074
   0.89855  0.00913  0.02022
   0.88449  0.01059  0.00272
   0.87042  0.01208 -0.01718
   0.85633  0.01360 -0.03509
   0.84224  0.01515 -0.05240
   0.82815  0.01672 -0.07049
   0.81407  0.01830 -0.08750
   0.79999  0.01992 -0.10611
   0.78590  0.02155 -0.12352
   0.77180  0.02320 -0.14249
   0.75770  0.02486 -0.16158
   0.74360  0.02654 -0.18007
   0.72950  0.02823 -0.19949
   0.71539  0.02994 -0.21917
   0.70128  0.03165 -0.23978
   0.68717  0.03337 -0.26122
   0.67305  0.03509 -0.28268
   0.65892  0.03681 -0.30499
   0.64480  0.03854 -0.32786
   0.63068  0.04026 -0.35180
   0.61657  0.04197 -0.37602
   0.60247  0.04368 -0.40069
   0.58837  0.04537 -0.42767
   0.57428  0.04704 -0.45459
   0.56020  0.04870 -0.48306
   0.54612  0.05033 -0.51164
   0.53206  0.05193 -0.54152
   0.51799  0.05351 -0.57317
   0.50394  0.05504 -0.60499
   0.48990  0.05654 -0.63938
   0.47587  0.05799 -0.67394
   0.46185  0.05939 -0.70972
   0.44783  0.06074 -0.74665
   0.43383  0.06202 -0.78544
   0.41983  0.06323 -0.82567
   0.40585  0.06438 -0.86610
   0.39187  0.06544 -0.91000
   0.37792  0.06641 -0.95392
   0.36397  0.06730 -1.00068
   0.35005  0.06808 -1.04733
   0.33613  0.06875 -1.09729
   0.32224  0.06930 -1.14702
   0.30837  0.06973 -1.20089
   0.29452  0.07002 -1.25374
   0.28069  0.07016 -1.31106
   0.26690  0.07016 -1.36810
   0.25314  0.06998 -1.42813
   0.23941  0.06963 -1.48908
   0.22573  0.06910 -1.55223
   0.21209  0.06836 -1.61657
   0.19851  0.06741 -1.68269
   0.18498  0.06623 -1.75105
   0.17153  0.06482 -1.82121
   0.15815  0.06315 -1.89392
   0.14486  0.06122 -1.96935
   0.13169  0.05901 -2.04854
   0.11863  0.05649 -2.13037
   0.10573  0.05366 -2.21765
   0.09300  0.05048 -2.31126
   0.08049  0.04695 -2.41390
   0.06825  0.04304 -2.52795
   0.05634  0.03873 -2.65699
   0.04490  0.03402 -2.81681
   0.03417  0.02896 -3.02812
   0.02461  0.02372 -3.27815
   0.01673  0.01867 -3.53592
   0.01089  0.01435 -4.05722
   0.00698  0.01093 -4.58032
   0.00435  0.00818 -5.07680
   0.00246  0.00583 -5.87034
   0.00117  0.00376 -6.64732
   0.00036  0.00200 -8.08364
   0.00001  0.00045 -9.21643
   0.00014 -0.00105 -7.26486
   0.00075 -0.00263 -4.41647
   0.00191 -0.00431 -2.22618
   0.00368 -0.00602 -0.66554
   0.00611 -0.00779  0.16015
   0.00946 -0.00969  0.64513
   0.01430 -0.01176  0.90509
   0.02122 -0.01409  0.99468
   0.03036 -0.01647  0.98666
   0.04146 -0.01863  0.93461
   0.05382 -0.02045  0.87308
   0.06684 -0.02196  0.81534
   0.08023 -0.02320  0.76476
   0.09385 -0.02422  0.72127
   0.10764 -0.02509  0.68342
   0.12154 -0.02583  0.65053
   0.13552 -0.02648  0.62115
   0.14955 -0.02705  0.59501
   0.16364 -0.02756  0.57108
   0.17775 -0.02803  0.54919
   0.19188 -0.02846  0.52869
   0.20603 -0.02885  0.50971
   0.22019 -0.02922  0.49199
   0.23436 -0.02957  0.47456
   0.24853 -0.02989  0.45884
   0.26270 -0.03019  0.44306
   0.27689 -0.03047  0.42822
   0.29107 -0.03074  0.41416
   0.30525 -0.03098  0.39979
   0.31943 -0.03121  0.38637
   0.33360 -0.03141  0.37341
   0.34778 -0.03160  0.36035
   0.36195 -0.03176  0.34772
   0.37611 -0.03190  0.33589
   0.39027 -0.03200  0.32380
   0.40443 -0.03209  0.31271
   0.41858 -0.03214  0.30123
   0.43273 -0.03216  0.29063
   0.44687 -0.03215  0.27959
   0.46100 -0.03210  0.26922
   0.47513 -0.03201  0.25944
   0.48926 -0.03189  0.25043
   0.50338 -0.03172  0.24050
   0.51750 -0.03151  0.23234
   0.53162 -0.03127  0.22374
   0.54573 -0.03097  0.21578
   0.55984 -0.03063  0.20798
   0.57394 -0.03025  0.20141
   0.58804 -0.02981  0.19404
   0.60213 -0.02933  0.18793
   0.61622 -0.02880  0.18222
   0.63031 -0.02822  0.17679
   0.64440 -0.02760  0.17201
   0.65848 -0.02692  0.16713
   0.67256 -0.02619  0.16409
   0.68665 -0.02542  0.16036
   0.70073 -0.02459  0.15743
   0.71481 -0.02372  0.15591
   0.72889 -0.02280  0.15276
   0.74297 -0.02183  0.15271
   0.75705 -0.02083  0.15152
   0.77113 -0.01977  0.15054
   0.78521 -0.01868  0.15268
   0.79930 -0.01755  0.15224
   0.81340 -0.01638  0.15556
   0.82751 -0.01518  0.15554
   0.84162 -0.01395  0.15931
   0.85572 -0.01269  0.16086
   0.86984 -0.01142  0.16603
   0.88399 -0.01012  0.16972
   0.89815 -0.00881  0.17548
   0.91231 -0.00751  0.17954
   0.92647 -0.00621  0.18405
   0.94063 -0.00492  0.19118
   0.95475 -0.00363  0.20064
   0.96874 -0.00237  0.21341
   0.98213 -0.00121  0.24480
   0.99382 -0.00033  0.28370
   1.00000  0.00000  0.29245
