                                                
 Alfa =  10.00000 Re =  4000000.000 Xflap,Yflap =     0.000000    0.000000
#    x        y        Cp  
   1.00000  0.01300  0.39604
   0.99243  0.01402  0.38191
   0.98091  0.01591  0.37022
   0.96911  0.01826  0.35848
   0.95691  0.02115  0.33853
   0.94415  0.02469  0.30146
   0.93062  0.02895  0.24434
   0.91602  0.03393  0.16816
   0.90008  0.03957  0.08137
   0.88274  0.04564  0.00809
   0.86431  0.05197 -0.05731
   0.84525  0.05838 -0.11881
   0.82604  0.06474 -0.17693
   0.80696  0.07095 -0.23307
   0.78811  0.07701 -0.29025
   0.76941  0.08293 -0.34963
   0.75080  0.08873 -0.40867
   0.73222  0.09440 -0.46961
   0.71365  0.09993 -0.53020
   0.69509  0.10531 -0.59105
   0.67655  0.11052 -0.65083
   0.65806  0.11555 -0.71094
   0.63961  0.12040 -0.77052
   0.62118  0.12506 -0.83058
   0.60275  0.12955 -0.89102
   0.58428  0.13386 -0.95052
   0.56573  0.13800 -1.01132
   0.54709  0.14197 -1.07360
   0.52841  0.14577 -1.13894
   0.50977  0.14938 -1.20776
   0.49127  0.15279 -1.28483
   0.47303  0.15595 -1.37051
   0.45512  0.15884 -1.45851
   0.43753  0.16144 -1.54743
   0.42020  0.16372 -1.63471
   0.40304  0.16568 -1.71647
   0.38593  0.16733 -1.78678
   0.36873  0.16866 -1.84863
   0.35139  0.16970 -1.90902
   0.33389  0.17047 -1.97185
   0.31629  0.17097 -2.04016
   0.29873  0.17121 -2.12412
   0.28141  0.17120 -2.23685
   0.26449  0.17091 -2.36221
   0.24811  0.17029 -2.49061
   0.23230  0.16933 -2.62070
   0.21707  0.16800 -2.74199
   0.20239  0.16632 -2.85661
   0.18823  0.16426 -2.95268
   0.17454  0.16185 -3.03472
   0.16127  0.15909 -3.10784
   0.14835  0.15598 -3.16737
   0.13576  0.15252 -3.21378
   0.12351  0.14876 -3.25749
   0.11180  0.14478 -3.30963
   0.10083  0.14072 -3.38890
   0.09078  0.13669 -3.54590
   0.08169  0.13267 -3.70683
   0.07344  0.12859 -3.79697
   0.06585  0.12439 -3.77912
   0.05883  0.12010 -3.73024
   0.05235  0.11583 -3.68803
   0.04644  0.11165 -3.70652
   0.04111  0.10764 -3.76810
   0.03635  0.10376 -3.81570
   0.03211  0.10001 -3.84195
   0.02832  0.09634 -3.82280
   0.02493  0.09272 -3.73773
   0.02188  0.08913 -3.53290
   0.01909  0.08558 -3.30153
   0.01650  0.08208 -3.09229
   0.01409  0.07869 -2.93857
   0.01184  0.07544 -2.88896
   0.00975  0.07237 -2.96043
   0.00786  0.06946 -3.06050
   0.00619  0.06671 -3.17618
   0.00473  0.06410 -3.27400
   0.00347  0.06160 -3.36855
   0.00242  0.05919 -3.42527
   0.00155  0.05685 -3.45506
   0.00087  0.05458 -3.42647
   0.00038  0.05235 -3.34756
   0.00007  0.05015 -3.17779
  -0.00006  0.04797 -2.94392
   0.00002  0.04579 -2.60835
   0.00029  0.04360 -2.19088
   0.00076  0.04141 -1.75961
   0.00143  0.03922 -1.34379
   0.00229  0.03702 -0.96360
   0.00335  0.03483 -0.61269
   0.00461  0.03265 -0.30049
   0.00608  0.03049 -0.02350
   0.00779  0.02838  0.21731
   0.00974  0.02634  0.42837
   0.01196  0.02441  0.60597
   0.01446  0.02265  0.75658
   0.01726  0.02104  0.86609
   0.02037  0.01955  0.93577
   0.02377  0.01810  0.97456
   0.02744  0.01661  0.99325
   0.03135  0.01506  0.99980
   0.03553  0.01347  0.99734
   0.03996  0.01190  0.98689
   0.04467  0.01041  0.96907
   0.04970  0.00907  0.94558
   0.05514  0.00794  0.92063
   0.06110  0.00701  0.89779
   0.06773  0.00619  0.87720
   0.07515  0.00538  0.85776
   0.08346  0.00443  0.83012
   0.09262  0.00337  0.79547
   0.10265  0.00236  0.75924
   0.11368  0.00156  0.72955
   0.12593  0.00097  0.70418
   0.13967  0.00058  0.68278
   0.15506  0.00033  0.66238
   0.17195  0.00013  0.63905
   0.18990  0.00002  0.61642
   0.20853  0.00001  0.59574
   0.22768  0.00009  0.57734
   0.24731  0.00027  0.56083
   0.26733  0.00051  0.54614
   0.28768  0.00081  0.53288
   0.30827  0.00113  0.52058
   0.32902  0.00147  0.50852
   0.34984  0.00181  0.49760
   0.37067  0.00215  0.48698
   0.39148  0.00247  0.47728
   0.41225  0.00278  0.46781
   0.43297  0.00307  0.45875
   0.45366  0.00332  0.44989
   0.47431  0.00356  0.44149
   0.49497  0.00376  0.43298
   0.51565  0.00392  0.42416
   0.53638  0.00406  0.41509
   0.55716  0.00418  0.40623
   0.57799  0.00428  0.39802
   0.59880  0.00439  0.39064
   0.61952  0.00451  0.38529
   0.64010  0.00461  0.38082
   0.66049  0.00467  0.37670
   0.68071  0.00467  0.37210
   0.70080  0.00459  0.36620
   0.72083  0.00442  0.35791
   0.74087  0.00415  0.34821
   0.76097  0.00381  0.33711
   0.78118  0.00341  0.32566
   0.80151  0.00297  0.31309
   0.82196  0.00249  0.29938
   0.84245  0.00201  0.28562
   0.86279  0.00154  0.27097
   0.88267  0.00112  0.25700
   0.90179  0.00077  0.24127
   0.91986  0.00052  0.22290
   0.93672  0.00046  0.20922
   0.95232  0.00064  0.20587
   0.96672  0.00106  0.21663
   0.98001  0.00168  0.24163
   0.99230  0.00243  0.28407
   1.00000  0.00300  0.39604
