                                                
 Alfa =  10.00000 Re =  4000000.000 Xflap,Yflap =     0.000000    0.000000
#    x        y        Cp  
   1.00000  0.00000  0.31428
   0.99389  0.00062  0.24852
   0.98283  0.00183  0.18807
   0.96996  0.00333  0.15581
   0.95592  0.00510  0.12098
   0.94131  0.00703  0.09308
   0.92650  0.00907  0.06548
   0.91154  0.01122  0.03663
   0.89648  0.01345  0.00954
   0.88139  0.01573 -0.01737
   0.86628  0.01806 -0.04332
   0.85113  0.02044 -0.07105
   0.83596  0.02286 -0.09771
   0.82076  0.02531 -0.12627
   0.80553  0.02779 -0.15470
   0.79028  0.03028 -0.18400
   0.77502  0.03278 -0.21385
   0.75975  0.03528 -0.24504
   0.74446  0.03778 -0.27478
   0.72920  0.04027 -0.30738
   0.71398  0.04274 -0.34232
   0.69882  0.04517 -0.37815
   0.68369  0.04756 -0.41312
   0.66856  0.04991 -0.44938
   0.65347  0.05221 -0.49025
   0.63850  0.05444 -0.53467
   0.62366  0.05654 -0.57695
   0.60891  0.05852 -0.61587
   0.59420  0.06036 -0.65001
   0.57945  0.06207 -0.67793
   0.56462  0.06365 -0.70289
   0.54970  0.06514 -0.72686
   0.53474  0.06653 -0.75478
   0.51980  0.06782 -0.78413
   0.50487  0.06900 -0.81075
   0.48994  0.07007 -0.83833
   0.47499  0.07104 -0.86418
   0.46001  0.07191 -0.89081
   0.44501  0.07267 -0.91704
   0.43001  0.07334 -0.94570
   0.41503  0.07391 -0.97686
   0.40007  0.07437 -1.00661
   0.38510  0.07472 -1.03594
   0.37012  0.07496 -1.06603
   0.35515  0.07510 -1.09954
   0.34020  0.07513 -1.13414
   0.32527  0.07505 -1.16996
   0.31036  0.07485 -1.20512
   0.29545  0.07452 -1.24403
   0.28057  0.07408 -1.28599
   0.26574  0.07352 -1.33037
   0.25093  0.07282 -1.37632
   0.23615  0.07198 -1.42648
   0.22143  0.07101 -1.48269
   0.20679  0.06988 -1.54454
   0.19224  0.06860 -1.61119
   0.17776  0.06714 -1.68274
   0.16342  0.06551 -1.76764
   0.14925  0.06368 -1.86017
   0.13526  0.06164 -1.95991
   0.12146  0.05936 -2.07259
   0.10797  0.05684 -2.21414
   0.09493  0.05407 -2.36906
   0.08240  0.05101 -2.53343
   0.07038  0.04762 -2.68984
   0.05898  0.04394 -2.86720
   0.04853  0.04010 -3.10089
   0.03925  0.03617 -3.33627
   0.03125  0.03226 -3.57416
   0.02458  0.02853 -3.83746
   0.01913  0.02503 -4.12082
   0.01472  0.02178 -4.42589
   0.01122  0.01876 -4.66062
   0.00845  0.01597 -4.82228
   0.00625  0.01337 -4.90314
   0.00448  0.01089 -4.85588
   0.00305  0.00852 -4.75502
   0.00192  0.00631 -4.70477
   0.00104  0.00430 -5.04726
   0.00042  0.00248 -5.50056
   0.00008  0.00079 -5.70064
   0.00002 -0.00085 -5.32895
   0.00026 -0.00251 -4.41879
   0.00083 -0.00420 -3.41045
   0.00178 -0.00586 -2.23131
   0.00320 -0.00743 -0.95763
   0.00510 -0.00893 -0.06510
   0.00744 -0.01043  0.42182
   0.01018 -0.01201  0.67782
   0.01345 -0.01367  0.84156
   0.01741 -0.01546  0.94024
   0.02233 -0.01738  0.98934
   0.02849 -0.01947  0.99935
   0.03615 -0.02174  0.97977
   0.04545 -0.02412  0.93967
   0.05631 -0.02652  0.88790
   0.06845 -0.02881  0.83259
   0.08147 -0.03093  0.77874
   0.09508 -0.03285  0.72860
   0.10907 -0.03455  0.68317
   0.12332 -0.03606  0.64237
   0.13777 -0.03739  0.60581
   0.15238 -0.03856  0.57269
   0.16710 -0.03958  0.54274
   0.18189 -0.04047  0.51523
   0.19676 -0.04124  0.49049
   0.21170 -0.04189  0.46790
   0.22668 -0.04244  0.44665
   0.24171 -0.04289  0.42744
   0.25677 -0.04324  0.40945
   0.27186 -0.04351  0.39308
   0.28699 -0.04371  0.37745
   0.30213 -0.04382  0.36295
   0.31730 -0.04387  0.34913
   0.33248 -0.04384  0.33663
   0.34767 -0.04375  0.32426
   0.36288 -0.04360  0.31293
   0.37811 -0.04339  0.30160
   0.39333 -0.04312  0.29131
   0.40856 -0.04279  0.28130
   0.42377 -0.04241  0.27131
   0.43900 -0.04196  0.26220
   0.45422 -0.04146  0.25325
   0.46944 -0.04090  0.24461
   0.48462 -0.04029  0.23537
   0.49976 -0.03960  0.22709
   0.51486 -0.03884  0.22012
   0.52992 -0.03801  0.21383
   0.54498 -0.03708  0.20967
   0.56005 -0.03607  0.20728
   0.57515 -0.03497  0.20592
   0.59028 -0.03380  0.20490
   0.60543 -0.03257  0.20543
   0.62061 -0.03127  0.20624
   0.63580 -0.02991  0.20772
   0.65102 -0.02850  0.21064
   0.66628 -0.02705  0.21298
   0.68158 -0.02556  0.21699
   0.69693 -0.02404  0.22020
   0.71232 -0.02250  0.22458
   0.72773 -0.02095  0.22836
   0.74312 -0.01941  0.23264
   0.75847 -0.01788  0.23656
   0.77379 -0.01638  0.24026
   0.78909 -0.01491  0.24291
   0.80437 -0.01347  0.24548
   0.81963 -0.01207  0.24914
   0.83486 -0.01071  0.25060
   0.85007 -0.00941  0.25321
   0.86525 -0.00816  0.25473
   0.88041 -0.00697  0.25577
   0.89557 -0.00584  0.25641
   0.91071 -0.00478  0.25634
   0.92581 -0.00379  0.25785
   0.94082 -0.00288  0.25562
   0.95571 -0.00204  0.25376
   0.97004 -0.00125  0.25943
   0.98303 -0.00053  0.28138
   0.99393 -0.00005  0.33915
   1.00000  0.00000  0.31428
