                                                
 Alfa =  10.00000 Re =  4000000.000 Xflap,Yflap =     0.000000    0.000000
#    x        y        Cp  
   1.00000  0.00135  0.31189
   0.99487  0.00204  0.19066
   0.98633  0.00320  0.14006
   0.97652  0.00452  0.10154
   0.96513  0.00606  0.06845
   0.95195  0.00784  0.03566
   0.93770  0.00977  0.00497
   0.92380  0.01165 -0.01933
   0.90976  0.01356 -0.04695
   0.89532  0.01553 -0.07065
   0.88104  0.01750 -0.09620
   0.86698  0.01943 -0.12289
   0.85297  0.02135 -0.14632
   0.83893  0.02327 -0.17382
   0.82478  0.02519 -0.19821
   0.81048  0.02709 -0.22231
   0.79602  0.02898 -0.24796
   0.78146  0.03084 -0.27176
   0.76684  0.03267 -0.29268
   0.75220  0.03445 -0.31573
   0.73758  0.03619 -0.33743
   0.72299  0.03787 -0.35729
   0.70844  0.03951 -0.37744
   0.69391  0.04109 -0.39777
   0.67938  0.04263 -0.41367
   0.66483  0.04413 -0.43237
   0.65024  0.04560 -0.44822
   0.63562  0.04705 -0.46803
   0.62096  0.04848 -0.48597
   0.60629  0.04991 -0.50749
   0.59162  0.05133 -0.53159
   0.57697  0.05274 -0.56238
   0.56237  0.05412 -0.59454
   0.54783  0.05546 -0.62823
   0.53335  0.05674 -0.66296
   0.51892  0.05795 -0.69661
   0.50453  0.05907 -0.73018
   0.49013  0.06010 -0.75825
   0.47569  0.06102 -0.78129
   0.46119  0.06186 -0.80283
   0.44662  0.06262 -0.82300
   0.43197  0.06332 -0.84438
   0.41726  0.06397 -0.86961
   0.40254  0.06458 -0.89724
   0.38785  0.06516 -0.93536
   0.37326  0.06572 -0.98418
   0.35880  0.06620 -1.03699
   0.34448  0.06659 -1.09343
   0.33028  0.06686 -1.14844
   0.31617  0.06699 -1.20560
   0.30209  0.06695 -1.25562
   0.28795  0.06672 -1.29602
   0.27368  0.06628 -1.32335
   0.25919  0.06566 -1.34835
   0.24453  0.06488 -1.37222
   0.22999  0.06397 -1.40090
   0.21551  0.06297 -1.43817
   0.20095  0.06190 -1.49131
   0.18643  0.06078 -1.58938
   0.17237  0.05958 -1.71906
   0.15877  0.05821 -1.85395
   0.14540  0.05655 -1.97033
   0.13191  0.05447 -2.02947
   0.11803  0.05195 -2.07496
   0.10385  0.04906 -2.13240
   0.09003  0.04601 -2.27407
   0.07710  0.04288 -2.50032
   0.06449  0.03933 -2.69354
   0.05138  0.03502 -2.86902
   0.03972  0.03065 -3.15754
   0.03047  0.02671 -3.53417
   0.02200  0.02251 -4.11529
   0.01316  0.01694 -4.69771
   0.00818  0.01301 -5.15706
   0.00530  0.01036 -5.88123
   0.00335  0.00829 -6.71528
   0.00195  0.00653 -7.72595
   0.00096  0.00498 -8.90672
   0.00029  0.00357-10.24688
  -0.00009  0.00228-11.41510
  -0.00018  0.00108-11.89768
   0.00003 -0.00005-10.48058
   0.00056 -0.00113 -7.14612
   0.00144 -0.00219 -4.15084
   0.00270 -0.00325 -2.07365
   0.00445 -0.00436 -0.74856
   0.00690 -0.00559  0.08526
   0.01068 -0.00717  0.61275
   0.01830 -0.01009  0.90806
   0.02944 -0.01426  0.99602
   0.03880 -0.01740  0.99443
   0.04975 -0.02073  0.96231
   0.06342 -0.02448  0.90710
   0.07723 -0.02785  0.84856
   0.09054 -0.03078  0.79433
   0.10420 -0.03351  0.74180
   0.11824 -0.03609  0.68881
   0.13231 -0.03842  0.63819
   0.14620 -0.04044  0.59213
   0.15995 -0.04215  0.55307
   0.17376 -0.04358  0.52111
   0.18775 -0.04482  0.49404
   0.20200 -0.04589  0.46926
   0.21646 -0.04686  0.44279
   0.23107 -0.04772  0.41669
   0.24572 -0.04846  0.39124
   0.26036 -0.04907  0.36716
   0.27493 -0.04954  0.34407
   0.28941 -0.04987  0.32269
   0.30380 -0.05006  0.30237
   0.31809 -0.05010  0.28336
   0.33230 -0.04999  0.26555
   0.34646 -0.04971  0.25061
   0.36056 -0.04927  0.23656
   0.37464 -0.04865  0.22541
   0.38872 -0.04784  0.21772
   0.40280 -0.04683  0.21339
   0.41691 -0.04562  0.21554
   0.43107 -0.04422  0.22245
   0.44530 -0.04266  0.23114
   0.45962 -0.04097  0.24216
   0.47402 -0.03919  0.25319
   0.48850 -0.03734  0.26492
   0.50305 -0.03548  0.27565
   0.51763 -0.03362  0.28409
   0.53224 -0.03179  0.29029
   0.54684 -0.02999  0.29609
   0.56142 -0.02824  0.30101
   0.57596 -0.02654  0.30499
   0.59047 -0.02491  0.30883
   0.60495 -0.02333  0.31090
   0.61941 -0.02183  0.31206
   0.63385 -0.02039  0.31225
   0.64829 -0.01902  0.31148
   0.66273 -0.01771  0.31131
   0.67719 -0.01646  0.31001
   0.69168 -0.01526  0.30859
   0.70622 -0.01411  0.30544
   0.72082 -0.01302  0.30529
   0.73548 -0.01197  0.30107
   0.75018 -0.01098  0.30041
   0.76485 -0.01003  0.29534
   0.77953 -0.00914  0.29320
   0.79422 -0.00829  0.28992
   0.80881 -0.00749  0.28819
   0.82323 -0.00674  0.28355
   0.83746 -0.00605  0.28266
   0.85154 -0.00542  0.27813
   0.86553 -0.00484  0.27583
   0.87955 -0.00431  0.27176
   0.89374 -0.00384  0.26676
   0.90828 -0.00342  0.25994
   0.92262 -0.00305  0.25278
   0.93669 -0.00273  0.24394
   0.95106 -0.00242  0.23767
   0.96454 -0.00213  0.23483
   0.97618 -0.00187  0.23521
   0.98617 -0.00166  0.23870
   0.99482 -0.00146  0.25241
   1.00000 -0.00135  0.31189
