                                                
 Alfa =  10.00000 Re =  4000000.000 Xflap,Yflap =     0.000000    0.000000
#    x        y        Cp  
   1.00000  0.00000  0.45803
   0.99381  0.00116  0.33456
   0.98311  0.00353  0.15587
   0.97109  0.00598  0.06251
   0.95789  0.00830  0.02318
   0.94359  0.01058 -0.00049
   0.92859  0.01285 -0.02571
   0.91319  0.01512 -0.04957
   0.89758  0.01738 -0.07303
   0.88186  0.01962 -0.09640
   0.86607  0.02185 -0.11832
   0.85024  0.02407 -0.14148
   0.83440  0.02627 -0.16387
   0.81856  0.02846 -0.18707
   0.80271  0.03064 -0.20941
   0.78685  0.03280 -0.23221
   0.77099  0.03495 -0.25590
   0.75515  0.03708 -0.27995
   0.73932  0.03919 -0.30515
   0.72350  0.04127 -0.32970
   0.70770  0.04333 -0.35543
   0.69189  0.04536 -0.38071
   0.67609  0.04737 -0.40771
   0.66031  0.04934 -0.43529
   0.64455  0.05128 -0.46546
   0.62885  0.05316 -0.49568
   0.61317  0.05500 -0.52578
   0.59752  0.05677 -0.55556
   0.58187  0.05847 -0.58599
   0.56623  0.06012 -0.61578
   0.55059  0.06170 -0.64877
   0.53499  0.06321 -0.68148
   0.51942  0.06464 -0.71597
   0.50390  0.06598 -0.74988
   0.48839  0.06722 -0.78296
   0.47290  0.06837 -0.81583
   0.45740  0.06942 -0.84902
   0.44189  0.07037 -0.88226
   0.42641  0.07122 -0.91815
   0.41097  0.07197 -0.95613
   0.39557  0.07260 -0.99279
   0.38018  0.07310 -1.02645
   0.36477  0.07349 -1.06280
   0.34937  0.07376 -1.10019
   0.33400  0.07391 -1.14119
   0.31868  0.07393 -1.18261
   0.30339  0.07381 -1.22443
   0.28814  0.07355 -1.26704
   0.27289  0.07315 -1.31093
   0.25766  0.07260 -1.35666
   0.24247  0.07191 -1.40861
   0.22735  0.07107 -1.46553
   0.21232  0.07006 -1.52538
   0.19737  0.06888 -1.59019
   0.18251  0.06751 -1.65753
   0.16773  0.06596 -1.73269
   0.15309  0.06421 -1.81996
   0.13864  0.06225 -1.91982
   0.12444  0.06008 -2.03510
   0.11057  0.05769 -2.16768
   0.09715  0.05506 -2.32178
   0.08431  0.05219 -2.49920
   0.07221  0.04909 -2.69436
   0.06100  0.04580 -2.90695
   0.05090  0.04241 -3.17160
   0.04208  0.03900 -3.46266
   0.03453  0.03560 -3.73220
   0.02815  0.03225 -3.95790
   0.02277  0.02900 -4.13135
   0.01827  0.02590 -4.30328
   0.01451  0.02298 -4.54325
   0.01140  0.02022 -4.75218
   0.00885  0.01759 -4.86944
   0.00675  0.01508 -4.89753
   0.00504  0.01269 -4.88519
   0.00365  0.01042 -4.79986
   0.00253  0.00824 -4.68222
   0.00163  0.00617 -4.55555
   0.00093  0.00419 -4.58329
   0.00041  0.00232 -4.84587
   0.00012  0.00055 -5.02398
   0.00009 -0.00115 -4.86897
   0.00037 -0.00283 -3.97669
   0.00097 -0.00451 -2.83922
   0.00190 -0.00620 -1.82804
   0.00317 -0.00789 -0.95766
   0.00482 -0.00954 -0.24702
   0.00684 -0.01117  0.25427
   0.00922 -0.01283  0.56329
   0.01196 -0.01459  0.74463
   0.01515 -0.01646  0.86660
   0.01894 -0.01845  0.94533
   0.02349 -0.02057  0.98795
   0.02902 -0.02286  0.99998
   0.03572 -0.02537  0.98772
   0.04374 -0.02805  0.95628
   0.05319 -0.03083  0.91144
   0.06406 -0.03364  0.85883
   0.07612 -0.03640  0.80312
   0.08903 -0.03899  0.74825
   0.10255 -0.04138  0.69707
   0.11656 -0.04355  0.65031
   0.13092 -0.04551  0.60747
   0.14550 -0.04728  0.56709
   0.16021 -0.04884  0.53149
   0.17508 -0.05021  0.49954
   0.19010 -0.05141  0.47068
   0.20524 -0.05246  0.44388
   0.22045 -0.05336  0.41885
   0.23570 -0.05412  0.39577
   0.25099 -0.05475  0.37499
   0.26636 -0.05525  0.35603
   0.28179 -0.05563  0.33883
   0.29725 -0.05591  0.32122
   0.31272 -0.05608  0.30566
   0.32820 -0.05613  0.29121
   0.34371 -0.05609  0.27824
   0.35925 -0.05595  0.26579
   0.37481 -0.05571  0.25412
   0.39038 -0.05538  0.24280
   0.40593 -0.05496  0.23199
   0.42146 -0.05445  0.22214
   0.43698 -0.05384  0.21349
   0.45250 -0.05313  0.20599
   0.46803 -0.05232  0.19948
   0.48357 -0.05142  0.19447
   0.49912 -0.05043  0.18891
   0.51465 -0.04935  0.18483
   0.53015 -0.04818  0.18088
   0.54564 -0.04691  0.17992
   0.56116 -0.04554  0.18074
   0.57675 -0.04409  0.18285
   0.59241 -0.04255  0.18588
   0.60813 -0.04095  0.18880
   0.62391 -0.03930  0.19236
   0.63972 -0.03762  0.19492
   0.65555 -0.03590  0.19807
   0.67141 -0.03415  0.20152
   0.68732 -0.03237  0.20468
   0.70326 -0.03059  0.20838
   0.71921 -0.02880  0.21079
   0.73515 -0.02701  0.21424
   0.75108 -0.02521  0.21776
   0.76699 -0.02344  0.22087
   0.78288 -0.02167  0.22379
   0.79875 -0.01993  0.22703
   0.81462 -0.01821  0.22992
   0.83045 -0.01652  0.23249
   0.84626 -0.01486  0.23572
   0.86205 -0.01325  0.23803
   0.87782 -0.01167  0.23990
   0.89358 -0.01014  0.24182
   0.90932 -0.00865  0.24342
   0.92499 -0.00721  0.24450
   0.94053 -0.00582  0.24559
   0.95566 -0.00447  0.24355
   0.96976 -0.00315  0.24725
   0.98256 -0.00176  0.28584
   0.99369 -0.00050  0.39494
   1.00000  0.00000  0.45803
