                                                
 Alfa =  10.00000 Re =  4000000.000 Xflap,Yflap =     0.000000    0.000000
#    x        y        Cp  
   1.00000  0.00031  0.90803
   0.99378  0.00269  0.92135
   0.98555  0.00535 -0.46327
   0.97843  0.00722 -0.84989
   0.97220  0.00869 -0.02165
   0.96673  0.01014 -0.18345
   0.96187  0.01183  0.12247
   0.95749  0.01389  0.15179
   0.95339  0.01609 -0.74357
   0.94932  0.01799 -0.66491
   0.94508  0.01936 -1.18452
   0.94061  0.02028 -1.21625
   0.93584  0.02088 -0.93107
   0.93073  0.02129  0.01379
   0.92519  0.02168 -0.76106
   0.91916  0.02230 -0.04190
   0.91260  0.02341 -0.36354
   0.90534  0.02498 -0.27190
   0.89706  0.02675 -0.18704
   0.88729  0.02849 -0.88647
   0.87553  0.03038 -0.37983
   0.86185  0.03250 -0.48139
   0.84644  0.03467 -0.60572
   0.82923  0.03683 -0.58786
   0.81066  0.03894 -0.55007
   0.79110  0.04092 -0.98075
   0.77084  0.04274 -1.16413
   0.75003  0.04439 -0.83166
   0.72878  0.04591 -0.80955
   0.70725  0.04729 -0.65270
   0.68553  0.04854 -0.65479
   0.66362  0.04965 -0.69702
   0.64155  0.05066 -0.65311
   0.61938  0.05156 -0.74450
   0.59715  0.05237 -0.65928
   0.57487  0.05307 -0.85416
   0.55256  0.05368 -0.67732
   0.53024  0.05419 -0.76658
   0.50793  0.05460 -0.82562
   0.48560  0.05491 -0.81491
   0.46323  0.05512 -0.84888
   0.44083  0.05524 -0.84958
   0.41836  0.05527 -0.95736
   0.39584  0.05523 -0.93656
   0.37332  0.05511 -0.95694
   0.35083  0.05491 -1.06760
   0.32840  0.05464 -1.02030
   0.30610  0.05428 -1.09264
   0.28392  0.05382 -1.24050
   0.26194  0.05325 -1.23309
   0.24018  0.05257 -1.29907
   0.21870  0.05175 -1.36940
   0.19761  0.05078 -1.55689
   0.17705  0.04965 -1.55586
   0.15713  0.04834 -1.81041
   0.13810  0.04686 -1.85055
   0.12026  0.04522 -2.10330
   0.10391  0.04346 -2.29138
   0.08917  0.04161 -2.41708
   0.07619  0.03984 -2.71480
   0.06519  0.03823 -3.08684
   0.05591  0.03671 -3.44201
   0.04800  0.03522 -3.94757
   0.04119  0.03374 -4.41507
   0.03527  0.03226 -4.97461
   0.03007  0.03075 -5.68815
   0.02547  0.02919 -6.40699
   0.02139  0.02755 -7.20355
   0.01775  0.02581 -8.00947
   0.01449  0.02396 -8.96557
   0.01160  0.02199 -9.80025
   0.00904  0.01990-11.02207
   0.00685  0.01768-12.37853
   0.00505  0.01526-12.01427
   0.00347  0.01283-14.78826
   0.00218  0.01037-17.81458
   0.00123  0.00785-43.01517
   0.00055  0.00532  0.01150
   0.00015  0.00280*********
   0.00000  0.00032*********
   0.00009 -0.00215*********
   0.00041 -0.00465  0.79787
   0.00101 -0.00717-32.55647
   0.00187 -0.00968 -8.86106
   0.00305 -0.01213 -5.59321
   0.00455 -0.01453 -2.90619
   0.00624 -0.01692 -1.80458
   0.00824 -0.01916 -0.90558
   0.01066 -0.02119 -0.14179
   0.01336 -0.02312  0.28913
   0.01637 -0.02492  0.57989
   0.01970 -0.02660  0.77537
   0.02335 -0.02820  0.88463
   0.02733 -0.02973  0.95551
   0.03166 -0.03122  0.98986
   0.03630 -0.03265  0.99975
   0.04126 -0.03389  0.99525
   0.04657 -0.03490  0.98389
   0.05228 -0.03579  0.96501
   0.05839 -0.03679  0.95225
   0.06492 -0.03815  0.93064
   0.07191 -0.03986  0.89414
   0.07956 -0.04165  0.85533
   0.08828 -0.04318  0.81722
   0.09869 -0.04450  0.78213
   0.11125 -0.04589  0.75772
   0.12572 -0.04735  0.69743
   0.14199 -0.04878  0.68035
   0.15992 -0.05011  0.62093
   0.17910 -0.05130  0.59209
   0.19922 -0.05233  0.56320
   0.21995 -0.05320  0.50442
   0.24109 -0.05392  0.51255
   0.26242 -0.05448  0.46336
   0.28391 -0.05487  0.45853
   0.30547 -0.05510  0.39724
   0.32709 -0.05517  0.42744
   0.34874 -0.05508  0.32257
   0.37041 -0.05485  0.37862
   0.39199 -0.05447  0.33619
   0.41349 -0.05392  0.31628
   0.43490 -0.05320  0.28884
   0.45617 -0.05232  0.30966
   0.47719 -0.05129  0.26262
   0.49776 -0.05006  0.24895
   0.51795 -0.04864  0.17825
   0.53737 -0.04703  0.23438
   0.55614 -0.04507  0.20910
   0.57460 -0.04276  0.21401
   0.59262 -0.04010  0.20835
   0.61034 -0.03704  0.16967
   0.62794 -0.03356  0.25526
   0.64532 -0.02972  0.27696
   0.66235 -0.02546  0.27627
   0.67955 -0.02076  0.39611
   0.69757 -0.01605  0.45942
   0.71621 -0.01147  0.50870
   0.73494 -0.00714  0.39641
   0.75362 -0.00316 -0.63125
   0.77220  0.00047-29.67315
   0.79054  0.00370 -0.79894
   0.80859  0.00652  0.47876
   0.82619  0.00890  0.52916
   0.84318  0.01084  0.63776
   0.85928  0.01232  0.54659
   0.87438  0.01335  0.60941
   0.88814  0.01399  0.60079
   0.90030  0.01417  0.59853
   0.91136  0.01394  0.59650
   0.92150  0.01380  0.42085
   0.93048  0.01387  0.72129
   0.93842  0.01373  0.44581
   0.94567  0.01309  0.56443
   0.95258  0.01173  0.79049
   0.95959  0.00983  0.52052
   0.96712  0.00816  0.37429
   0.97526  0.00667  0.17637
   0.98402  0.00492  0.12349
   0.99340  0.00252  0.99958
   1.00000  0.00050  0.90803
