                                                
 Alfa =  10.00000 Re =  4000000.000 Xflap,Yflap =     0.000000    0.000000
#    x        y        Cp  
   1.00000  0.02950  0.43637
   0.99371  0.03035  0.30163
   0.98332  0.03178  0.24566
   0.97159  0.03344  0.20332
   0.95836  0.03536  0.16914
   0.94367  0.03756  0.13722
   0.92797  0.03998  0.10736
   0.91190  0.04255  0.07916
   0.89588  0.04519  0.05049
   0.87994  0.04789  0.02239
   0.86401  0.05066 -0.00641
   0.84800  0.05350 -0.03604
   0.83188  0.05642 -0.06675
   0.81564  0.05940 -0.09836
   0.79930  0.06243 -0.13053
   0.78289  0.06550 -0.16462
   0.76647  0.06858 -0.19919
   0.75007  0.07165 -0.23440
   0.73372  0.07470 -0.27054
   0.71742  0.07772 -0.30664
   0.70115  0.08069 -0.34218
   0.68488  0.08362 -0.37665
   0.66857  0.08651 -0.41148
   0.65223  0.08935 -0.44532
   0.63583  0.09217 -0.48169
   0.61941  0.09495 -0.52015
   0.60300  0.09770 -0.56001
   0.58664  0.10041 -0.60777
   0.57039  0.10304 -0.65829
   0.55428  0.10558 -0.71185
   0.53831  0.10800 -0.76670
   0.52248  0.11029 -0.82232
   0.50675  0.11243 -0.87750
   0.49110  0.11440 -0.92991
   0.47547  0.11621 -0.97941
   0.45984  0.11785 -1.02824
   0.44420  0.11934 -1.07694
   0.42853  0.12065 -1.12575
   0.41286  0.12179 -1.17555
   0.39721  0.12276 -1.22749
   0.38164  0.12355 -1.28282
   0.36617  0.12414 -1.33987
   0.35082  0.12453 -1.39696
   0.33559  0.12471 -1.45435
   0.32046  0.12465 -1.51051
   0.30540  0.12436 -1.56601
   0.29035  0.12382 -1.61868
   0.27528  0.12302 -1.66841
   0.26017  0.12195 -1.71830
   0.24504  0.12059 -1.76607
   0.22995  0.11895 -1.81467
   0.21500  0.11703 -1.86249
   0.20032  0.11485 -1.91426
   0.18604  0.11244 -1.97590
   0.17220  0.10977 -2.03622
   0.15871  0.10682 -2.08826
   0.14534  0.10349 -2.11434
   0.13181  0.09970 -2.11004
   0.11800  0.09545 -2.10287
   0.10422  0.09086 -2.11583
   0.09116  0.08625 -2.21613
   0.07929  0.08168 -2.34854
   0.06837  0.07697 -2.40490
   0.05810  0.07203 -2.40404
   0.04865  0.06707 -2.41661
   0.04039  0.06239 -2.48451
   0.03340  0.05813 -2.56694
   0.02748  0.05423 -2.65493
   0.02244  0.05064 -2.76549
   0.01807  0.04727 -2.86202
   0.01434  0.04414 -2.94508
   0.01119  0.04129 -3.09762
   0.00857  0.03873 -3.32843
   0.00643  0.03641 -3.57478
   0.00469  0.03428 -3.79606
   0.00327  0.03229 -4.01088
   0.00214  0.03041 -4.16168
   0.00126  0.02860 -4.25271
   0.00062  0.02685 -4.23560
   0.00020  0.02514 -4.06029
  -0.00001  0.02345 -3.71452
   0.00002  0.02178 -3.15867
   0.00027  0.02010 -2.42640
   0.00074  0.01841 -1.71401
   0.00142  0.01672 -1.08585
   0.00232  0.01502 -0.55372
   0.00344  0.01331 -0.11847
   0.00480  0.01161  0.23357
   0.00641  0.00992  0.50532
   0.00831  0.00827  0.71320
   0.01052  0.00671  0.86039
   0.01310  0.00531  0.95472
   0.01610  0.00417  0.99607
   0.01962  0.00330  0.99615
   0.02380  0.00265  0.97617
   0.02880  0.00205  0.94728
   0.03476  0.00141  0.90985
   0.04182  0.00080  0.86640
   0.04994  0.00030  0.82038
   0.05926  0.00002  0.77967
   0.07031 -0.00003  0.74472
   0.08346  0.00007  0.70948
   0.09806  0.00027  0.67334
   0.11330  0.00060  0.64419
   0.12903  0.00104  0.62073
   0.14519  0.00155  0.60122
   0.16165  0.00206  0.58300
   0.17822  0.00253  0.56590
   0.19478  0.00297  0.55028
   0.21129  0.00336  0.53538
   0.22776  0.00370  0.52157
   0.24422  0.00399  0.50843
   0.26068  0.00423  0.49578
   0.27716  0.00442  0.48382
   0.29364  0.00456  0.47193
   0.31013  0.00465  0.46043
   0.32661  0.00467  0.44914
   0.34308  0.00465  0.43804
   0.35954  0.00456  0.42650
   0.37598  0.00442  0.41487
   0.39242  0.00422  0.40275
   0.40885  0.00395  0.38961
   0.42531  0.00363  0.37523
   0.44180  0.00327  0.36027
   0.45832  0.00288  0.34474
   0.47488  0.00248  0.32937
   0.49148  0.00209  0.31398
   0.50811  0.00172  0.29924
   0.52475  0.00138  0.28552
   0.54141  0.00108  0.27207
   0.55805  0.00081  0.25947
   0.57468  0.00058  0.24610
   0.59128  0.00038  0.23392
   0.60784  0.00023  0.22070
   0.62434  0.00013  0.20796
   0.64079  0.00008  0.19493
   0.65717  0.00010  0.18254
   0.67350  0.00018  0.17030
   0.68978  0.00035  0.15903
   0.70602  0.00061  0.14900
   0.72223  0.00095  0.13952
   0.73843  0.00140  0.13067
   0.75463  0.00194  0.12376
   0.77081  0.00258  0.11743
   0.78696  0.00332  0.11155
   0.80308  0.00417  0.10733
   0.81914  0.00512  0.10350
   0.83513  0.00618  0.10162
   0.85104  0.00735  0.10024
   0.86688  0.00863  0.10100
   0.88267  0.01003  0.10323
   0.89843  0.01154  0.10729
   0.91421  0.01319  0.11382
   0.92987  0.01497  0.12353
   0.94504  0.01685  0.13856
   0.95920  0.01876  0.16125
   0.97203  0.02061  0.19033
   0.98350  0.02238  0.23283
   0.99375  0.02405  0.29227
   1.00000  0.02510  0.43637
