                                                
 Alfa =  10.00000 Re =  4000000.000 Xflap,Yflap =     0.000000    0.000000
#    x        y        Cp  
   1.00000  0.00000  0.70752
   0.99626  0.00213  0.00362
   0.98979  0.00397  0.22490
   0.98214  0.00599  0.20411
   0.97252  0.00862  0.16404
   0.96072  0.01180  0.14233
   0.94712  0.01551  0.11895
   0.93264  0.01957  0.09195
   0.91778  0.02389  0.05789
   0.90273  0.02842  0.02227
   0.88757  0.03312 -0.01945
   0.87228  0.03797 -0.06268
   0.85692  0.04293 -0.10555
   0.84152  0.04798 -0.15345
   0.82603  0.05312 -0.20324
   0.81048  0.05832 -0.25534
   0.79492  0.06356 -0.30622
   0.77938  0.06881 -0.36494
   0.76388  0.07408 -0.43097
   0.74842  0.07933 -0.50371
   0.73303  0.08452 -0.57771
   0.71774  0.08959 -0.65778
   0.70262  0.09451 -0.74252
   0.68764  0.09923 -0.82718
   0.67276  0.10375 -0.90970
   0.65790  0.10806 -0.98875
   0.64303  0.11218 -1.06817
   0.62814  0.11610 -1.14824
   0.61330  0.11979 -1.23349
   0.59854  0.12323 -1.31900
   0.58384  0.12640 -1.40195
   0.56916  0.12930 -1.47949
   0.55450  0.13191 -1.55651
   0.53988  0.13424 -1.62911
   0.52528  0.13626 -1.69548
   0.51069  0.13797 -1.75422
   0.49608  0.13938 -1.80605
   0.48144  0.14047 -1.84866
   0.46676  0.14126 -1.88444
   0.45203  0.14175 -1.91263
   0.43724  0.14195 -1.93250
   0.42237  0.14185 -1.94892
   0.40742  0.14148 -1.95845
   0.39240  0.14085 -1.96950
   0.37733  0.13996 -1.98069
   0.36224  0.13883 -1.99198
   0.34714  0.13747 -2.00236
   0.33204  0.13586 -2.01662
   0.31696  0.13403 -2.03220
   0.30192  0.13197 -2.04772
   0.28692  0.12967 -2.06507
   0.27198  0.12715 -2.07907
   0.25709  0.12439 -2.09903
   0.24227  0.12140 -2.11693
   0.22754  0.11818 -2.13610
   0.21289  0.11472 -2.15956
   0.19836  0.11103 -2.18232
   0.18397  0.10710 -2.21146
   0.16974  0.10292 -2.23758
   0.15566  0.09849 -2.26586
   0.14175  0.09380 -2.29773
   0.12808  0.08887 -2.33874
   0.11469  0.08369 -2.37980
   0.10161  0.07825 -2.42586
   0.08890  0.07256 -2.47870
   0.07665  0.06665 -2.54106
   0.06500  0.06056 -2.61179
   0.05412  0.05439 -2.69882
   0.04420  0.04823 -2.78152
   0.03542  0.04226 -2.88037
   0.02796  0.03670 -3.00598
   0.02181  0.03166 -3.13207
   0.01685  0.02720 -3.28671
   0.01287  0.02327 -3.52318
   0.00972  0.01979 -3.72461
   0.00724  0.01666 -3.87732
   0.00527  0.01382 -3.97255
   0.00369  0.01120 -4.07861
   0.00242  0.00874 -4.18274
   0.00144  0.00646 -4.29244
   0.00071  0.00437 -4.58992
   0.00023  0.00246 -4.97028
   0.00001  0.00065 -5.12836
   0.00008 -0.00112 -4.93730
   0.00048 -0.00289 -4.49843
   0.00134 -0.00456 -3.32524
   0.00272 -0.00605 -1.56003
   0.00454 -0.00739 -0.43146
   0.00671 -0.00861  0.16680
   0.00925 -0.00975  0.53659
   0.01224 -0.01089  0.75215
   0.01579 -0.01203  0.88177
   0.02005 -0.01318  0.95729
   0.02527 -0.01436  0.99308
   0.03181 -0.01564  0.99932
   0.03998 -0.01700  0.98409
   0.05006 -0.01841  0.95319
   0.06213 -0.01984  0.91323
   0.07575 -0.02121  0.86960
   0.09038 -0.02246  0.82690
   0.10561 -0.02358  0.78683
   0.12117 -0.02456  0.75073
   0.13695 -0.02542  0.71738
   0.15290 -0.02617  0.68831
   0.16894 -0.02684  0.66043
   0.18503 -0.02741  0.63526
   0.20119 -0.02791  0.61271
   0.21739 -0.02834  0.59106
   0.23362 -0.02871  0.57143
   0.24988 -0.02902  0.55303
   0.26618 -0.02927  0.53574
   0.28250 -0.02947  0.52008
   0.29883 -0.02963  0.50389
   0.31515 -0.02974  0.48977
   0.33148 -0.02980  0.47546
   0.34782 -0.02981  0.46279
   0.36418 -0.02978  0.45008
   0.38054 -0.02971  0.43833
   0.39689 -0.02960  0.42685
   0.41324 -0.02944  0.41563
   0.42958 -0.02924  0.40454
   0.44590 -0.02900  0.39445
   0.46221 -0.02870  0.38468
   0.47849 -0.02836  0.37473
   0.49475 -0.02795  0.36623
   0.51099 -0.02749  0.35806
   0.52723 -0.02696  0.35079
   0.54349 -0.02637  0.34466
   0.55977 -0.02573  0.33866
   0.57604 -0.02503  0.33284
   0.59229 -0.02428  0.32617
   0.60851 -0.02348  0.32035
   0.62469 -0.02261  0.31578
   0.64083 -0.02167  0.31014
   0.65689 -0.02066  0.30586
   0.67286 -0.01955  0.30230
   0.68871 -0.01834  0.30049
   0.70452 -0.01701  0.30299
   0.72035 -0.01554  0.30820
   0.73625 -0.01394  0.31749
   0.75224 -0.01224  0.32941
   0.76840 -0.01044  0.34392
   0.78466 -0.00861  0.36010
   0.80079 -0.00682  0.37558
   0.81671 -0.00513  0.38966
   0.83247 -0.00359  0.40178
   0.84807 -0.00220  0.41242
   0.86352 -0.00100  0.42069
   0.87889 -0.00000  0.42564
   0.89421  0.00078  0.42943
   0.90941  0.00136  0.43226
   0.92435  0.00172  0.43499
   0.93887  0.00183  0.43363
   0.95256  0.00171  0.43456
   0.96481  0.00136  0.42566
   0.97530  0.00090  0.42418
   0.98366  0.00033  0.39970
   0.99033 -0.00022  0.38308
   0.99627 -0.00073  0.06823
   1.00000  0.00000  0.70752
