                                                
 Alfa =  10.00000 Re =  4000000.000 Xflap,Yflap =     0.000000    0.000000
#    x        y        Cp  
   1.00000  0.00000  0.31475
   0.99438  0.00117  0.16163
   0.98502  0.00310  0.08822
   0.97431  0.00526  0.03356
   0.96197  0.00769 -0.01519
   0.94795  0.01037 -0.05925
   0.93282  0.01317 -0.09723
   0.91770  0.01589 -0.13121
   0.90242  0.01855 -0.16089
   0.88738  0.02110 -0.18784
   0.87252  0.02356 -0.21035
   0.85770  0.02596 -0.23208
   0.84282  0.02832 -0.25334
   0.82781  0.03066 -0.27329
   0.81263  0.03301 -0.29364
   0.79728  0.03536 -0.31465
   0.78187  0.03771 -0.33810
   0.76651  0.04004 -0.36170
   0.75118  0.04235 -0.38673
   0.73583  0.04464 -0.41295
   0.72042  0.04693 -0.43935
   0.70498  0.04920 -0.46924
   0.68961  0.05144 -0.49994
   0.67431  0.05364 -0.53382
   0.65908  0.05578 -0.56723
   0.64390  0.05785 -0.60248
   0.62877  0.05985 -0.63721
   0.61366  0.06177 -0.67046
   0.59854  0.06359 -0.70066
   0.58338  0.06531 -0.72637
   0.56815  0.06694 -0.74884
   0.55284  0.06849 -0.77078
   0.53745  0.06999 -0.79338
   0.52199  0.07143 -0.81812
   0.50649  0.07284 -0.84479
   0.49100  0.07423 -0.88060
   0.47556  0.07557 -0.92388
   0.46021  0.07685 -0.97179
   0.44497  0.07805 -1.02094
   0.42981  0.07915 -1.07140
   0.41474  0.08013 -1.12347
   0.39970  0.08096 -1.17110
   0.38465  0.08165 -1.21412
   0.36954  0.08219 -1.25285
   0.35434  0.08259 -1.29321
   0.33905  0.08286 -1.33179
   0.32370  0.08301 -1.37725
   0.30835  0.08303 -1.42514
   0.29309  0.08294 -1.48840
   0.27800  0.08274 -1.56586
   0.26315  0.08237 -1.64859
   0.24856  0.08182 -1.73508
   0.23419  0.08105 -1.81955
   0.21999  0.08003 -1.90018
   0.20585  0.07872 -1.97266
   0.19166  0.07707 -2.01694
   0.17727  0.07507 -2.03814
   0.16263  0.07276 -2.06319
   0.14782  0.07023 -2.12443
   0.13306  0.06753 -2.26529
   0.11868  0.06462 -2.43773
   0.10492  0.06142 -2.61331
   0.09193  0.05790 -2.76583
   0.07962  0.05403 -2.89520
   0.06731  0.04955 -2.98829
   0.05441  0.04418 -3.07272
   0.04315  0.03895 -3.38330
   0.03477  0.03451 -3.77130
   0.02812  0.03029 -4.04748
   0.02228  0.02570 -3.75185
   0.01653  0.02041 -3.01536
   0.01161  0.01600 -3.09536
   0.00800  0.01291 -3.89209
   0.00540  0.01054 -4.76651
   0.00347  0.00854 -5.73008
   0.00203  0.00678 -6.78490
   0.00100  0.00516 -7.82870
   0.00031  0.00363 -8.67215
  -0.00005  0.00218 -8.91671
  -0.00010  0.00075 -8.19253
   0.00017 -0.00066 -6.33195
   0.00075 -0.00206 -4.27485
   0.00163 -0.00345 -2.66230
   0.00279 -0.00482 -1.46914
   0.00423 -0.00614 -0.61512
   0.00595 -0.00738 -0.01083
   0.00797 -0.00850  0.41824
   0.01029 -0.00939  0.71291
   0.01290 -0.00990  0.90250
   0.01580 -0.00979  0.98955
   0.01908 -0.00899  0.99831
   0.02295 -0.00755  0.98732
   0.02776 -0.00590  0.97723
   0.03401 -0.00458  0.96058
   0.04200 -0.00368  0.92972
   0.05150 -0.00285  0.88271
   0.06222 -0.00135  0.85211
   0.07434  0.00065  0.83658
   0.08788  0.00257  0.81292
   0.10240  0.00427  0.78491
   0.11748  0.00586  0.75959
   0.13285  0.00737  0.73650
   0.14830  0.00885  0.71636
   0.16364  0.01032  0.70260
   0.17880  0.01173  0.69267
   0.19376  0.01302  0.68385
   0.20859  0.01412  0.67354
   0.22341  0.01504  0.66078
   0.23830  0.01580  0.64732
   0.25332  0.01644  0.63318
   0.26852  0.01700  0.61932
   0.28389  0.01750  0.60515
   0.29941  0.01799  0.59242
   0.31501  0.01847  0.58278
   0.33061  0.01896  0.57491
   0.34616  0.01941  0.56796
   0.36162  0.01981  0.56185
   0.37699  0.02015  0.55557
   0.39228  0.02041  0.54958
   0.40752  0.02057  0.54158
   0.42276  0.02063  0.53265
   0.43805  0.02060  0.52274
   0.45340  0.02051  0.51197
   0.46883  0.02037  0.50170
   0.48435  0.02019  0.49123
   0.49994  0.02000  0.48153
   0.51556  0.01980  0.47343
   0.53115  0.01960  0.46626
   0.54675  0.01939  0.45966
   0.56237  0.01916  0.45324
   0.57797  0.01890  0.44759
   0.59351  0.01862  0.44195
   0.60900  0.01831  0.43554
   0.62445  0.01796  0.43105
   0.63984  0.01756  0.42476
   0.65521  0.01712  0.41874
   0.67055  0.01662  0.41229
   0.68589  0.01606  0.40533
   0.70124  0.01544  0.39751
   0.71663  0.01475  0.38734
   0.73208  0.01400  0.37732
   0.74758  0.01321  0.36442
   0.76314  0.01240  0.35372
   0.77872  0.01158  0.34250
   0.79426  0.01078  0.33107
   0.80972  0.01001  0.32348
   0.82504  0.00928  0.31706
   0.84020  0.00856  0.31200
   0.85522  0.00784  0.30612
   0.87018  0.00710  0.30166
   0.88518  0.00632  0.29452
   0.90037  0.00548  0.28542
   0.91584  0.00456  0.27177
   0.93115  0.00362  0.25632
   0.94652  0.00270  0.24077
   0.96096  0.00189  0.23150
   0.97367  0.00122  0.22922
   0.98468  0.00069  0.22771
   0.99426  0.00025  0.24639
   1.00000  0.00000  0.31475
