                                                
 Alfa =  10.00000 Re =  4000000.000 Xflap,Yflap =     0.000000    0.000000
#    x        y        Cp  
   1.00000  0.00330  0.22846
   0.99274  0.00491  0.08241
   0.98079  0.00743  0.03761
   0.96768  0.01017 -0.02837
   0.95350  0.01301 -0.07425
   0.93833  0.01592 -0.11289
   0.92220  0.01891 -0.14963
   0.90508  0.02198 -0.17644
   0.88745  0.02514 -0.23244
   0.86937  0.02821 -0.25686
   0.85110  0.03122 -0.29341
   0.83253  0.03419 -0.32056
   0.81400  0.03711 -0.36565
   0.79531  0.03990 -0.38320
   0.77674  0.04267 -0.43709
   0.75817  0.04526 -0.46096
   0.73976  0.04773 -0.49007
   0.72137  0.05012 -0.52110
   0.70340  0.05240 -0.56845
   0.68563  0.05449 -0.59931
   0.66779  0.05645 -0.62292
   0.65017  0.05828 -0.65995
   0.63266  0.05997 -0.68261
   0.61511  0.06155 -0.71736
   0.59791  0.06297 -0.74701
   0.58094  0.06423 -0.77282
   0.56403  0.06536 -0.79996
   0.54701  0.06636 -0.82394
   0.52970  0.06721 -0.84747
   0.51187  0.06792 -0.84417
   0.49372  0.06859 -0.87945
   0.47527  0.06915 -0.90607
   0.45674  0.06956 -0.91302
   0.43811  0.06993 -0.96363
   0.41941  0.07011 -0.97227
   0.40077  0.07020 -1.00096
   0.38208  0.07021 -1.04869
   0.36347  0.07003 -1.05299
   0.34497  0.06981 -1.10833
   0.32653  0.06943 -1.11432
   0.30845  0.06906 -1.19246
   0.29075  0.06853 -1.23717
   0.27312  0.06782 -1.25277
   0.25578  0.06709 -1.33202
   0.23881  0.06623 -1.38730
   0.22209  0.06523 -1.44579
   0.20551  0.06409 -1.50682
   0.18901  0.06282 -1.57120
   0.17259  0.06145 -1.69503
   0.15643  0.05985 -1.74983
   0.14077  0.05819 -1.90419
   0.12588  0.05638 -2.02277
   0.11203  0.05449 -2.15700
   0.09945  0.05261 -2.36893
   0.08818  0.05067 -2.51123
   0.07806  0.04872 -2.64045
   0.06909  0.04690 -2.94608
   0.06115  0.04508 -3.17690
   0.05408  0.04326 -3.40713
   0.04774  0.04143 -3.64629
   0.04204  0.03960 -3.88955
   0.03688  0.03777 -4.18407
   0.03221  0.03594 -4.49233
   0.02796  0.03408 -4.80203
   0.02410  0.03218 -5.08737
   0.02057  0.03023 -5.37359
   0.01735  0.02825 -5.70693
   0.01442  0.02621 -6.04212
   0.01179  0.02411 -6.32349
   0.00943  0.02195 -6.52759
   0.00735  0.01971 -6.64545
   0.00555  0.01740 -6.64548
   0.00402  0.01502 -6.44458
   0.00276  0.01259 -6.09005
   0.00175  0.01013 -5.64643
   0.00099  0.00766 -5.13528
   0.00046  0.00523 -4.61353
   0.00013  0.00281 -4.09211
   0.00000  0.00042 -3.57350
   0.00006 -0.00197 -3.05842
   0.00032 -0.00437 -2.54156
   0.00078 -0.00680 -2.05042
   0.00145 -0.00925 -1.57310
   0.00237 -0.01172 -1.11180
   0.00354 -0.01416 -0.68033
   0.00498 -0.01656 -0.29101
   0.00668 -0.01890  0.05639
   0.00867 -0.02116  0.34070
   0.01092 -0.02336  0.56139
   0.01346 -0.02548  0.72611
   0.01628 -0.02754  0.84296
   0.01940 -0.02954  0.92075
   0.02282 -0.03150  0.96789
   0.02657 -0.03342  0.99250
   0.03068 -0.03530  1.00000
   0.03521 -0.03714  0.99447
   0.04020 -0.03897  0.97938
   0.04573 -0.04080  0.95696
   0.05186 -0.04263  0.92923
   0.05872 -0.04447  0.89853
   0.06640 -0.04637  0.86286
   0.07501 -0.04828  0.82556
   0.08472 -0.05022  0.78689
   0.09560 -0.05217  0.74773
   0.10779 -0.05415  0.70890
   0.12110 -0.05615  0.66050
   0.13550 -0.05796  0.63196
   0.15085 -0.05980  0.58844
   0.16685 -0.06150  0.55004
   0.18326 -0.06300  0.52154
   0.19982 -0.06439  0.48407
   0.21642 -0.06556  0.45908
   0.23291 -0.06658  0.43280
   0.24935 -0.06747  0.40794
   0.26575 -0.06824  0.38298
   0.28215 -0.06887  0.35930
   0.29858 -0.06936  0.33780
   0.31506 -0.06971  0.31861
   0.33165 -0.06992  0.30080
   0.34840 -0.07000  0.28341
   0.36545 -0.06995  0.26650
   0.38284 -0.06978  0.25075
   0.40019 -0.06950  0.23183
   0.41748 -0.06909  0.20414
   0.43474 -0.06842  0.19874
   0.45198 -0.06760  0.18562
   0.46933 -0.06664  0.15967
   0.48681 -0.06537  0.15245
   0.50432 -0.06381  0.15584
   0.52189 -0.06210  0.13858
   0.53951 -0.06006  0.13901
   0.55711 -0.05772  0.14512
   0.57466 -0.05511  0.16165
   0.59220 -0.05234  0.15816
   0.60975 -0.04924  0.18623
   0.62735 -0.04602  0.19000
   0.64506 -0.04250  0.21684
   0.66306 -0.03875  0.24506
   0.68146 -0.03488  0.25708
   0.70022 -0.03075  0.29242
   0.71930 -0.02655  0.31530
   0.73803 -0.02244  0.34188
   0.75589 -0.01856  0.36926
   0.77315 -0.01496  0.38906
   0.79013 -0.01158  0.40808
   0.80700 -0.00836  0.42678
   0.82380 -0.00534  0.45016
   0.84043 -0.00263  0.46903
   0.85662 -0.00033  0.48501
   0.87244  0.00156  0.49655
   0.88782  0.00302  0.50493
   0.90260  0.00405  0.51894
   0.91682  0.00456  0.51838
   0.93067  0.00459  0.51680
   0.94414  0.00411  0.49587
   0.95719  0.00332  0.48920
   0.96964  0.00214  0.46987
   0.98153  0.00057  0.43285
   0.99283 -0.00131  0.38574
   1.00000 -0.00270  0.22846
