                                                
 Alfa =  10.00000 Re =  4000000.000 Xflap,Yflap =     0.000000    0.000000
#    x        y        Cp  
   1.00000  0.00260  0.54534
   0.99224  0.00447  0.35072
   0.97951  0.00753  0.27172
   0.96529  0.01095  0.20962
   0.94942  0.01478  0.15674
   0.93190  0.01901  0.10725
   0.91303  0.02355  0.06041
   0.89318  0.02831  0.01698
   0.87264  0.03321 -0.02243
   0.85164  0.03820 -0.06009
   0.83039  0.04326 -0.09657
   0.80904  0.04838 -0.13399
   0.78764  0.05356 -0.17430
   0.76621  0.05880 -0.21959
   0.74471  0.06408 -0.26661
   0.72314  0.06938 -0.31566
   0.70147  0.07468 -0.36640
   0.67969  0.07997 -0.41526
   0.65782  0.08524 -0.46548
   0.63590  0.09050 -0.51927
   0.61404  0.09575 -0.57790
   0.59237  0.10096 -0.64755
   0.57103  0.10608 -0.73017
   0.55014  0.11103 -0.82010
   0.52977  0.11574 -0.91569
   0.50997  0.12015 -1.01508
   0.49075  0.12424 -1.11744
   0.47210  0.12798 -1.22182
   0.45397  0.13135 -1.32620
   0.43630  0.13435 -1.43032
   0.41898  0.13698 -1.53193
   0.40190  0.13925 -1.62935
   0.38496  0.14115 -1.71708
   0.36804  0.14269 -1.79914
   0.35113  0.14388 -1.87896
   0.33424  0.14471 -1.95742
   0.31747  0.14521 -2.03850
   0.30095  0.14536 -2.12474
   0.28484  0.14519 -2.22623
   0.26929  0.14468 -2.33366
   0.25432  0.14383 -2.43693
   0.23992  0.14262 -2.53505
   0.22603  0.14106 -2.62109
   0.21255  0.13914 -2.69304
   0.19940  0.13683 -2.74255
   0.18648  0.13411 -2.74901
   0.17373  0.13102 -2.74207
   0.16119  0.12761 -2.72833
   0.14898  0.12396 -2.72846
   0.13724  0.12016 -2.75824
   0.12611  0.11625 -2.79694
   0.11566  0.11226 -2.83219
   0.10588  0.10821 -2.86312
   0.09673  0.10412 -2.88322
   0.08818  0.09999 -2.89522
   0.08020  0.09584 -2.90018
   0.07277  0.09169 -2.89410
   0.06588  0.08758 -2.88242
   0.05949  0.08351 -2.86220
   0.05360  0.07952 -2.83787
   0.04816  0.07561 -2.80572
   0.04314  0.07181 -2.76778
   0.03852  0.06812 -2.73539
   0.03426  0.06456 -2.71067
   0.03035  0.06114 -2.69594
   0.02675  0.05787 -2.70088
   0.02344  0.05474 -2.74817
   0.02039  0.05172 -2.83191
   0.01758  0.04876 -2.89672
   0.01501  0.04583 -2.92849
   0.01265  0.04291 -2.92081
   0.01048  0.03999 -2.87443
   0.00852  0.03708 -2.80809
   0.00675  0.03420 -2.73750
   0.00517  0.03136 -2.65635
   0.00378  0.02858 -2.57514
   0.00256  0.02585 -2.48326
   0.00152  0.02317 -2.38182
   0.00065  0.02054 -2.27486
  -0.00006  0.01796 -2.14862
  -0.00061  0.01543 -2.01349
  -0.00099  0.01295 -1.85937
  -0.00121  0.01050 -1.68381
  -0.00126  0.00809 -1.48445
  -0.00113  0.00572 -1.26638
  -0.00082  0.00339 -1.02152
  -0.00031  0.00108 -0.76040
   0.00041 -0.00121 -0.47239
   0.00134 -0.00347 -0.18826
   0.00249 -0.00572  0.07006
   0.00385 -0.00795  0.29405
   0.00543 -0.01016  0.48092
   0.00723 -0.01235  0.63386
   0.00924 -0.01450  0.75457
   0.01148 -0.01660  0.84691
   0.01393 -0.01863  0.91404
   0.01659 -0.02059  0.95922
   0.01948 -0.02246  0.98603
   0.02259 -0.02428  0.99821
   0.02594 -0.02605  0.99929
   0.02954 -0.02781  0.99215
   0.03342 -0.02955  0.97852
   0.03760 -0.03127  0.96002
   0.04214 -0.03298  0.93769
   0.04705 -0.03468  0.91268
   0.05240 -0.03639  0.88552
   0.05824 -0.03810  0.85656
   0.06463 -0.03981  0.82662
   0.07168 -0.04154  0.79637
   0.07946 -0.04329  0.76600
   0.08807 -0.04507  0.73612
   0.09759 -0.04693  0.70617
   0.10807 -0.04888  0.67243
   0.11952 -0.05093  0.63466
   0.13188 -0.05303  0.59436
   0.14504 -0.05509  0.55299
   0.15891 -0.05705  0.51221
   0.17341 -0.05883  0.47388
   0.18853 -0.06038  0.43825
   0.20428 -0.06168  0.40785
   0.22081 -0.06269  0.38489
   0.23826 -0.06343  0.36711
   0.25676 -0.06394  0.35315
   0.27633 -0.06427  0.34112
   0.29675 -0.06451  0.32809
   0.31749 -0.06472  0.30487
   0.33792 -0.06487  0.27657
   0.35771 -0.06488  0.24887
   0.37682 -0.06467  0.22330
   0.39544 -0.06419  0.20293
   0.41387 -0.06338  0.19342
   0.43246 -0.06225  0.19207
   0.45149 -0.06082  0.19529
   0.47120 -0.05910  0.20153
   0.49173 -0.05713  0.20971
   0.51306 -0.05496  0.21623
   0.53499 -0.05265  0.22089
   0.55728 -0.05023  0.22533
   0.57975 -0.04775  0.22931
   0.60229 -0.04522  0.23273
   0.62488 -0.04268  0.23532
   0.64755 -0.04012  0.23705
   0.67028 -0.03754  0.23899
   0.69306 -0.03495  0.24056
   0.71586 -0.03235  0.24230
   0.73863 -0.02976  0.24413
   0.76132 -0.02717  0.24624
   0.78389 -0.02459  0.24885
   0.80632 -0.02201  0.25244
   0.82857 -0.01946  0.25749
   0.85054 -0.01695  0.26298
   0.87206 -0.01452  0.26877
   0.89290 -0.01220  0.27457
   0.91285 -0.01003  0.27872
   0.93167 -0.00799  0.28355
   0.94908 -0.00606  0.29359
   0.96493 -0.00425  0.31198
   0.97921 -0.00256  0.34247
   0.99209 -0.00099  0.39016
   1.00000  0.00000  0.54534
