                                                
 Alfa =  10.00000 Re =  4000000.000 Xflap,Yflap =     0.000000    0.000000
#    x        y        Cp  
   1.00000  0.00350  0.25240
   0.99482  0.00538  0.07425
   0.98666  0.00827 -0.01175
   0.97797  0.01125 -0.08685
   0.96868  0.01435 -0.15071
   0.95872  0.01754 -0.21497
   0.94802  0.02085 -0.26992
   0.93651  0.02425 -0.32482
   0.92412  0.02774 -0.37816
   0.91084  0.03128 -0.42815
   0.89671  0.03482 -0.46883
   0.88185  0.03830 -0.50639
   0.86657  0.04167 -0.53435
   0.85135  0.04484 -0.55917
   0.83612  0.04785 -0.57970
   0.82078  0.05076 -0.60049
   0.80532  0.05359 -0.62280
   0.79000  0.05634 -0.65255
   0.77481  0.05901 -0.68842
   0.75973  0.06158 -0.72692
   0.74471  0.06404 -0.76748
   0.72973  0.06638 -0.80552
   0.71475  0.06858 -0.84437
   0.69976  0.07064 -0.87754
   0.68471  0.07254 -0.90453
   0.66961  0.07429 -0.92415
   0.65444  0.07590 -0.94375
   0.63919  0.07738 -0.96041
   0.62388  0.07875 -0.97710
   0.60851  0.08001 -0.99311
   0.59311  0.08119 -1.01150
   0.57770  0.08227 -1.03400
   0.56230  0.08326 -1.05808
   0.54692  0.08415 -1.08120
   0.53156  0.08494 -1.10475
   0.51621  0.08563 -1.12942
   0.50087  0.08621 -1.15229
   0.48549  0.08668 -1.17175
   0.47006  0.08706 -1.19128
   0.45457  0.08735 -1.21097
   0.43902  0.08756 -1.23264
   0.42341  0.08770 -1.25797
   0.40778  0.08778 -1.28727
   0.39217  0.08781 -1.32770
   0.37663  0.08779 -1.38017
   0.36119  0.08768 -1.43761
   0.34588  0.08746 -1.49810
   0.33070  0.08711 -1.56010
   0.31563  0.08660 -1.62136
   0.30064  0.08591 -1.67974
   0.28570  0.08500 -1.72679
   0.27076  0.08389 -1.76992
   0.25581  0.08258 -1.81097
   0.24083  0.08106 -1.85178
   0.22583  0.07935 -1.89465
   0.21083  0.07744 -1.94027
   0.19587  0.07535 -1.99484
   0.18099  0.07309 -2.05993
   0.16622  0.07065 -2.13564
   0.15153  0.06801 -2.22620
   0.13687  0.06515 -2.34395
   0.12225  0.06202 -2.48228
   0.10790  0.05858 -2.63171
   0.09419  0.05491 -2.79425
   0.08129  0.05101 -2.97020
   0.06853  0.04661 -3.09461
   0.05488  0.04131 -3.19553
   0.04259  0.03613 -3.58369
   0.03331  0.03178 -4.11751
   0.02563  0.02757 -4.62336
   0.01820  0.02257 -4.73219
   0.01191  0.01764 -4.90890
   0.00785  0.01419 -5.75370
   0.00513  0.01158 -6.71405
   0.00317  0.00942 -7.78316
   0.00175  0.00753 -9.01411
   0.00075  0.00582-10.28874
   0.00009  0.00425-11.53516
  -0.00026  0.00278-12.24584
  -0.00029  0.00138-11.95250
  -0.00001  0.00003-10.07522
   0.00061 -0.00128 -7.12519
   0.00155 -0.00255 -4.58715
   0.00283 -0.00380 -2.73652
   0.00444 -0.00499 -1.42581
   0.00642 -0.00611 -0.52096
   0.00881 -0.00709  0.10396
   0.01167 -0.00782  0.53067
   0.01500 -0.00802  0.82308
   0.01887 -0.00749  0.96313
   0.02354 -0.00628  0.99786
   0.02938 -0.00501  0.99870
   0.03681 -0.00416  0.98754
   0.04581 -0.00358  0.96039
   0.05595 -0.00261  0.92384
   0.06717 -0.00090  0.89908
   0.07964  0.00099  0.87692
   0.09318  0.00264  0.84154
   0.10735  0.00440  0.80985
   0.12182  0.00647  0.79031
   0.13644  0.00868  0.77694
   0.15118  0.01084  0.76582
   0.16609  0.01285  0.75149
   0.18124  0.01472  0.73636
   0.19665  0.01652  0.72153
   0.21224  0.01830  0.70914
   0.22788  0.02005  0.69927
   0.24352  0.02176  0.69032
   0.25916  0.02341  0.68284
   0.27471  0.02498  0.67575
   0.29017  0.02646  0.66974
   0.30554  0.02785  0.66337
   0.32086  0.02913  0.65750
   0.33615  0.03032  0.65152
   0.35144  0.03142  0.64568
   0.36676  0.03243  0.63990
   0.38211  0.03335  0.63415
   0.39750  0.03418  0.62829
   0.41294  0.03493  0.62265
   0.42842  0.03559  0.61618
   0.44395  0.03617  0.61047
   0.45950  0.03669  0.60429
   0.47508  0.03714  0.59877
   0.49068  0.03754  0.59356
   0.50627  0.03789  0.58887
   0.52185  0.03819  0.58498
   0.53741  0.03843  0.58161
   0.55293  0.03861  0.57808
   0.56843  0.03872  0.57553
   0.58390  0.03875  0.57211
   0.59935  0.03870  0.56971
   0.61479  0.03857  0.56576
   0.63024  0.03834  0.56332
   0.64571  0.03802  0.55928
   0.66118  0.03761  0.55563
   0.67664  0.03710  0.55152
   0.69208  0.03649  0.54904
   0.70746  0.03579  0.54430
   0.72276  0.03498  0.54127
   0.73796  0.03407  0.53761
   0.75308  0.03306  0.53346
   0.76813  0.03192  0.52964
   0.78317  0.03066  0.52326
   0.79826  0.02926  0.51949
   0.81350  0.02770  0.51181
   0.82895  0.02596  0.50460
   0.84453  0.02407  0.49531
   0.85995  0.02203  0.48548
   0.87534  0.01985  0.47406
   0.89081  0.01750  0.46337
   0.90580  0.01508  0.44893
   0.91998  0.01266  0.43463
   0.93321  0.01028  0.42083
   0.94547  0.00797  0.40454
   0.95682  0.00575  0.38855
   0.96732  0.00361  0.37154
   0.97707  0.00157  0.35319
   0.98615 -0.00040  0.32956
   0.99463 -0.00228  0.31246
   1.00000 -0.00350  0.25240
