                                                
 Alfa =  10.00000 Re =  4000000.000 Xflap,Yflap =     0.000000    0.000000
#    x        y        Cp  
   1.00000  0.00000  0.45847
   0.99380  0.00171  0.31219
   0.98231  0.00491  0.24265
   0.96882  0.00877  0.19599
   0.95529  0.01284  0.13853
   0.94197  0.01700  0.05810
   0.92861  0.02100  0.03118
   0.91541  0.02488  0.04422
   0.90217  0.02911 -0.00566
   0.88841  0.03379 -0.09566
   0.87457  0.03847 -0.18321
   0.86115  0.04274 -0.22039
   0.84795  0.04674 -0.19768
   0.83481  0.05096 -0.24310
   0.82158  0.05541 -0.35387
   0.80808  0.05978 -0.40007
   0.79444  0.06413 -0.43654
   0.78114  0.06847 -0.56444
   0.76815  0.07244 -0.64769
   0.75495  0.07610 -0.61658
   0.74158  0.07987 -0.67567
   0.72853  0.08356 -0.82566
   0.71554  0.08683 -0.83655
   0.70217  0.08995 -0.79481
   0.68878  0.09323 -0.92040
   0.67565  0.09626 -1.02929
   0.66229  0.09893 -0.97686
   0.64855  0.10165 -1.00736
   0.63493  0.10440 -1.15913
   0.62134  0.10681 -1.22121
   0.60733  0.10892 -1.21425
   0.59279  0.11089 -1.21181
   0.57802  0.11279 -1.24147
   0.56339  0.11459 -1.31117
   0.54898  0.11619 -1.37243
   0.53465  0.11755 -1.42015
   0.52030  0.11867 -1.45039
   0.50586  0.11957 -1.47216
   0.49131  0.12026 -1.49003
   0.47680  0.12077 -1.52298
   0.46235  0.12107 -1.53372
   0.44767  0.12118 -1.51512
   0.43290  0.12125 -1.57617
   0.41851  0.12118 -1.66224
   0.40434  0.12082 -1.68198
   0.38997  0.12017 -1.66536
   0.37520  0.11932 -1.64075
   0.36046  0.11840 -1.69356
   0.34613  0.11731 -1.73000
   0.33173  0.11598 -1.68437
   0.31705  0.11457 -1.71741
   0.30262  0.11313 -1.81412
   0.28848  0.11147 -1.86004
   0.27432  0.10953 -1.86356
   0.25995  0.10734 -1.86184
   0.24543  0.10494 -1.86558
   0.23090  0.10242 -1.90113
   0.21651  0.09977 -1.95872
   0.20232  0.09697 -2.02518
   0.18832  0.09397 -2.08807
   0.17450  0.09072 -2.13539
   0.16082  0.08719 -2.16735
   0.14707  0.08333 -2.17942
   0.13310  0.07915 -2.19602
   0.11934  0.07484 -2.30463
   0.10628  0.07046 -2.45494
   0.09361  0.06571 -2.50024
   0.08078  0.06043 -2.50946
   0.06849  0.05501 -2.69105
   0.05712  0.04943 -2.54379
   0.04658  0.04422 -3.11071
   0.03675  0.03852 -3.11452
   0.02758  0.03258 -3.60709
   0.02010  0.02668 -3.46872
   0.01380  0.02114 -3.67394
   0.00958  0.01706 -4.50334
   0.00667  0.01359 -4.81321
   0.00451  0.01029 -4.34897
   0.00281  0.00737 -4.21552
   0.00148  0.00504 -5.26006
   0.00058  0.00316 -6.95733
   0.00008  0.00152 -8.53556
   0.00000 -0.00001 -8.73267
   0.00037 -0.00155 -6.27011
   0.00120 -0.00317 -3.84057
   0.00253 -0.00490 -2.12570
   0.00438 -0.00666 -0.97759
   0.00682 -0.00833 -0.12138
   0.00998 -0.00982  0.46356
   0.01429 -0.01123  0.80178
   0.02055 -0.01285  0.95087
   0.02907 -0.01477  0.99820
   0.03995 -0.01677  0.98871
   0.05287 -0.01874  0.95132
   0.06633 -0.02056  0.90183
   0.08015 -0.02193  0.85912
   0.09466 -0.02314  0.81606
   0.10905 -0.02414  0.77754
   0.12357 -0.02493  0.74605
   0.13842 -0.02563  0.71723
   0.15341 -0.02625  0.69037
   0.16837 -0.02682  0.66511
   0.18330 -0.02733  0.64156
   0.19823 -0.02778  0.62209
   0.21323 -0.02819  0.60430
   0.22830 -0.02862  0.58468
   0.24336 -0.02905  0.56461
   0.25834 -0.02944  0.54494
   0.27325 -0.02977  0.52840
   0.28817 -0.03003  0.51659
   0.30313 -0.03029  0.50252
   0.31805 -0.03057  0.48241
   0.33289 -0.03079  0.46606
   0.34770 -0.03089  0.45390
   0.36252 -0.03090  0.44932
   0.37738 -0.03091  0.44259
   0.39228 -0.03096  0.42650
   0.40724 -0.03098  0.41530
   0.42226 -0.03097  0.40623
   0.43734 -0.03097  0.39231
   0.45237 -0.03096  0.37662
   0.46728 -0.03090  0.36111
   0.48210 -0.03074  0.34883
   0.49691 -0.03047  0.34088
   0.51177 -0.03009  0.33605
   0.52675 -0.02964  0.33305
   0.54180 -0.02916  0.32618
   0.55671 -0.02865  0.31422
   0.57154 -0.02806  0.31107
   0.58648 -0.02740  0.30705
   0.60127 -0.02673  0.29193
   0.61585 -0.02593  0.29173
   0.63050 -0.02504  0.29826
   0.64512 -0.02419  0.28159
   0.65959 -0.02325  0.27047
   0.67427 -0.02211  0.27814
   0.68917 -0.02088  0.27744
   0.70390 -0.01959  0.27301
   0.71859 -0.01816  0.27641
   0.73319 -0.01663  0.27390
   0.74734 -0.01495  0.27436
   0.76116 -0.01302  0.31530
   0.77494 -0.01111  0.34065
   0.78855 -0.00939  0.31719
   0.80190 -0.00745  0.33627
   0.81524 -0.00526  0.39440
   0.82888 -0.00325  0.40778
   0.84278 -0.00134  0.41178
   0.85642  0.00065  0.46123
   0.86965  0.00231  0.49743
   0.88289  0.00341  0.50217
   0.89647  0.00402  0.49527
   0.91037  0.00420  0.48225
   0.92449  0.00405  0.46657
   0.93872  0.00360  0.44840
   0.95302  0.00289  0.42405
   0.96748  0.00201  0.40252
   0.98165  0.00109  0.38167
   0.99358  0.00037  0.38713
   1.00000  0.00000  0.45847
