                                                
 Alfa =  10.00000 Re =  4000000.000 Xflap,Yflap =     0.000000    0.000000
#    x        y        Cp  
   1.00000  0.00000  0.36774
   0.99365  0.00130  0.24492
   0.98322  0.00347  0.19050
   0.97155  0.00597  0.14645
   0.95846  0.00884  0.10636
   0.94397  0.01213  0.06356
   0.92836  0.01577  0.01743
   0.91216  0.01960 -0.03199
   0.89579  0.02350 -0.07909
   0.87942  0.02738 -0.12315
   0.86310  0.03122 -0.16593
   0.84684  0.03499 -0.20695
   0.83064  0.03870 -0.24709
   0.81446  0.04233 -0.28501
   0.79828  0.04587 -0.32154
   0.78203  0.04935 -0.35209
   0.76566  0.05276 -0.38245
   0.74915  0.05615 -0.41141
   0.73250  0.05951 -0.44019
   0.71575  0.06286 -0.47185
   0.69896  0.06621 -0.50696
   0.68221  0.06954 -0.54949
   0.66559  0.07281 -0.59637
   0.64913  0.07600 -0.64542
   0.63284  0.07909 -0.69476
   0.61669  0.08206 -0.74603
   0.60063  0.08489 -0.79329
   0.58457  0.08760 -0.83660
   0.56845  0.09018 -0.87676
   0.55221  0.09267 -0.91791
   0.53586  0.09506 -0.95946
   0.51941  0.09738 -1.00485
   0.50292  0.09961 -1.05540
   0.48648  0.10176 -1.11888
   0.47019  0.10379 -1.18959
   0.45410  0.10565 -1.26552
   0.43825  0.10733 -1.34267
   0.42262  0.10879 -1.41957
   0.40717  0.11001 -1.49464
   0.39185  0.11099 -1.56266
   0.37661  0.11170 -1.62298
   0.36138  0.11217 -1.67975
   0.34615  0.11239 -1.73414
   0.33090  0.11235 -1.78752
   0.31562  0.11206 -1.84080
   0.30035  0.11152 -1.89619
   0.28513  0.11072 -1.95709
   0.26999  0.10965 -2.02017
   0.25498  0.10830 -2.08222
   0.24014  0.10666 -2.14410
   0.22548  0.10471 -2.20080
   0.21104  0.10246 -2.25390
   0.19683  0.09990 -2.30023
   0.18285  0.09701 -2.33607
   0.16907  0.09381 -2.36705
   0.15543  0.09026 -2.39042
   0.14179  0.08634 -2.40277
   0.12807  0.08201 -2.40860
   0.11434  0.07730 -2.42256
   0.10096  0.07237 -2.45902
   0.08840  0.06742 -2.56377
   0.07687  0.06247 -2.67260
   0.06618  0.05740 -2.72405
   0.05623  0.05222 -2.75249
   0.04729  0.04718 -2.81105
   0.03960  0.04252 -2.91653
   0.03311  0.03826 -3.02570
   0.02758  0.03433 -3.12169
   0.02281  0.03064 -3.19957
   0.01863  0.02712 -3.23750
   0.01498  0.02382 -3.28454
   0.01185  0.02080 -3.41030
   0.00919  0.01808 -3.68248
   0.00698  0.01564 -3.97888
   0.00517  0.01340 -4.27363
   0.00368  0.01132 -4.55165
   0.00248  0.00935 -4.79975
   0.00154  0.00748 -4.98138
   0.00082  0.00567 -5.06443
   0.00033  0.00390 -5.01508
   0.00004  0.00217 -4.77654
  -0.00002  0.00046 -4.31812
   0.00014 -0.00126 -3.61821
   0.00052 -0.00298 -2.82815
   0.00111 -0.00471 -2.08482
   0.00191 -0.00645 -1.43232
   0.00292 -0.00820 -0.87153
   0.00416 -0.00996 -0.40320
   0.00564 -0.01170 -0.01763
   0.00738 -0.01343  0.29665
   0.00942 -0.01510  0.54546
   0.01178 -0.01666  0.73707
   0.01450 -0.01802  0.87762
   0.01763 -0.01913  0.96078
   0.02124 -0.02000  0.99520
   0.02543 -0.02069  0.99895
   0.03030 -0.02131  0.98687
   0.03601 -0.02189  0.96555
   0.04276 -0.02244  0.93925
   0.05070 -0.02303  0.90957
   0.05986 -0.02379  0.87209
   0.07016 -0.02458  0.82721
   0.08164 -0.02515  0.78645
   0.09471 -0.02543  0.75742
   0.10970 -0.02564  0.72695
   0.12600 -0.02589  0.69210
   0.14257 -0.02615  0.65868
   0.15895 -0.02635  0.62847
   0.17525 -0.02647  0.60167
   0.19165 -0.02651  0.57669
   0.20819 -0.02647  0.55405
   0.22481 -0.02633  0.53300
   0.24145 -0.02610  0.51400
   0.25804 -0.02577  0.49667
   0.27458 -0.02535  0.48148
   0.29107 -0.02483  0.46794
   0.30754 -0.02420  0.45711
   0.32404 -0.02348  0.44887
   0.34062 -0.02268  0.44181
   0.35730 -0.02181  0.43609
   0.37409 -0.02091  0.43104
   0.39099 -0.01999  0.42619
   0.40796 -0.01907  0.41975
   0.42496 -0.01817  0.41240
   0.44194 -0.01727  0.40465
   0.45888 -0.01636  0.39713
   0.47575 -0.01542  0.39033
   0.49255 -0.01445  0.38461
   0.50930 -0.01343  0.38105
   0.52601 -0.01235  0.38014
   0.54270 -0.01125  0.37960
   0.55938 -0.01014  0.38002
   0.57609 -0.00903  0.38070
   0.59284 -0.00795  0.38103
   0.60963 -0.00691  0.38013
   0.62650 -0.00591  0.37808
   0.64344 -0.00495  0.37566
   0.66044 -0.00403  0.37313
   0.67747 -0.00314  0.37076
   0.69451 -0.00227  0.36899
   0.71150 -0.00143  0.36881
   0.72839 -0.00063  0.36956
   0.74515  0.00013  0.37083
   0.76177  0.00080  0.37182
   0.77826  0.00139  0.37159
   0.79466  0.00187  0.37141
   0.81100  0.00223  0.36774
   0.82735  0.00247  0.36273
   0.84373  0.00262  0.35689
   0.86017  0.00267  0.34964
   0.87669  0.00264  0.34297
   0.89327  0.00255  0.33652
   0.90990  0.00241  0.33157
   0.92643  0.00220  0.32805
   0.94245  0.00192  0.32518
   0.95738  0.00156  0.32085
   0.97086  0.00116  0.31706
   0.98285  0.00073  0.31470
   0.99352  0.00029  0.31912
   1.00000  0.00000  0.36774
