                                                
 Alfa =  10.00000 Re =  4000000.000 Xflap,Yflap =     0.000000    0.000000
#    x        y        Cp  
   1.00000  0.00000  0.49135
   0.99271  0.00290  0.26260
   0.98102  0.00741  0.14242
   0.96834  0.01212  0.04918
   0.95451  0.01704 -0.02498
   0.93943  0.02216 -0.08439
   0.92305  0.02749 -0.12973
   0.90547  0.03307 -0.17067
   0.88704  0.03889 -0.22478
   0.86828  0.04483 -0.29273
   0.84963  0.05066 -0.36523
   0.83128  0.05626 -0.43750
   0.81327  0.06157 -0.50704
   0.79541  0.06657 -0.56828
   0.77743  0.07132 -0.61197
   0.75906  0.07592 -0.64787
   0.74011  0.08045 -0.68073
   0.72050  0.08497 -0.71421
   0.70034  0.08952 -0.75317
   0.68000  0.09406 -0.81302
   0.65992  0.09846 -0.88596
   0.64037  0.10262 -0.96392
   0.62138  0.10647 -1.04113
   0.60285  0.11000 -1.11615
   0.58457  0.11320 -1.17831
   0.56632  0.11612 -1.22858
   0.54791  0.11880 -1.27577
   0.52926  0.12128 -1.32148
   0.51035  0.12357 -1.36941
   0.49126  0.12569 -1.42419
   0.47219  0.12761 -1.49371
   0.45331  0.12930 -1.56919
   0.43473  0.13071 -1.64795
   0.41649  0.13184 -1.72629
   0.39858  0.13267 -1.80456
   0.38093  0.13319 -1.87803
   0.36348  0.13339 -1.94749
   0.34618  0.13327 -2.01536
   0.32902  0.13282 -2.08093
   0.31200  0.13205 -2.14415
   0.29515  0.13095 -2.20733
   0.27851  0.12953 -2.26868
   0.26213  0.12777 -2.32842
   0.24603  0.12569 -2.38579
   0.23022  0.12328 -2.43794
   0.21470  0.12054 -2.48474
   0.19944  0.11746 -2.52400
   0.18442  0.11405 -2.54666
   0.16963  0.11031 -2.55886
   0.15517  0.10634 -2.57862
   0.14121  0.10224 -2.62933
   0.12798  0.09808 -2.72411
   0.11564  0.09392 -2.82816
   0.10430  0.08976 -2.93197
   0.09394  0.08563 -3.02756
   0.08452  0.08154 -3.12139
   0.07595  0.07750 -3.19476
   0.06813  0.07347 -3.22892
   0.06095  0.06948 -3.22467
   0.05435  0.06555 -3.22238
   0.04829  0.06175 -3.23679
   0.04277  0.05812 -3.31277
   0.03776  0.05465 -3.42051
   0.03323  0.05132 -3.51829
   0.02914  0.04811 -3.62124
   0.02544  0.04498 -3.69583
   0.02208  0.04193 -3.76270
   0.01903  0.03893 -3.80372
   0.01626  0.03597 -3.81798
   0.01373  0.03303 -3.80431
   0.01144  0.03013 -3.78172
   0.00936  0.02727 -3.76222
   0.00751  0.02447 -3.75510
   0.00588  0.02174 -3.73415
   0.00447  0.01909 -3.70110
   0.00326  0.01651 -3.65414
   0.00224  0.01399 -3.58280
   0.00142  0.01152 -3.47265
   0.00078  0.00911 -3.34492
   0.00032  0.00673 -3.15530
   0.00003  0.00439 -2.93581
  -0.00007  0.00207 -2.65492
   0.00002 -0.00024 -2.32508
   0.00029 -0.00254 -1.93447
   0.00076 -0.00483 -1.54019
   0.00140 -0.00713 -1.16358
   0.00223 -0.00942 -0.80899
   0.00324 -0.01170 -0.49013
   0.00445 -0.01398 -0.20255
   0.00585 -0.01623  0.05496
   0.00746 -0.01845  0.27727
   0.00928 -0.02062  0.46897
   0.01133 -0.02272  0.63007
   0.01362 -0.02471  0.76178
   0.01616 -0.02655  0.86355
   0.01894 -0.02824  0.93441
   0.02196 -0.02977  0.97645
   0.02523 -0.03115  0.99622
   0.02875 -0.03239  0.99968
   0.03253 -0.03351  0.99228
   0.03662 -0.03452  0.97819
   0.04104 -0.03544  0.96048
   0.04586 -0.03633  0.94121
   0.05109 -0.03724  0.92095
   0.05675 -0.03825  0.89573
   0.06284 -0.03936  0.86474
   0.06937 -0.04048  0.82783
   0.07639 -0.04152  0.78712
   0.08400 -0.04234  0.75175
   0.09238 -0.04294  0.72214
   0.10175 -0.04333  0.69592
   0.11226 -0.04355  0.66753
   0.12392 -0.04357  0.63894
   0.13666 -0.04337  0.61225
   0.15033 -0.04290  0.58806
   0.16487 -0.04216  0.56631
   0.18031 -0.04113  0.54758
   0.19669 -0.03979  0.53197
   0.21404 -0.03811  0.52037
   0.23231 -0.03611  0.51247
   0.25141 -0.03382  0.50781
   0.27121 -0.03129  0.50582
   0.29159 -0.02859  0.50555
   0.31241 -0.02581  0.50475
   0.33356 -0.02300  0.50293
   0.35488 -0.02020  0.50152
   0.37623 -0.01741  0.50075
   0.39744 -0.01468  0.50094
   0.41837 -0.01202  0.50301
   0.43890 -0.00948  0.50580
   0.45904 -0.00710  0.50858
   0.47886 -0.00490  0.51057
   0.49851 -0.00290  0.51109
   0.51818 -0.00109  0.50814
   0.53806  0.00054  0.50367
   0.55827  0.00204  0.49802
   0.57882  0.00345  0.49232
   0.59963  0.00478  0.48802
   0.62047  0.00605  0.48648
   0.64113  0.00723  0.48632
   0.66149  0.00828  0.48642
   0.68153  0.00917  0.48655
   0.70135  0.00988  0.48523
   0.72108  0.01040  0.48157
   0.74088  0.01075  0.47708
   0.76079  0.01093  0.47175
   0.78082  0.01096  0.46623
   0.80088  0.01086  0.46138
   0.82079  0.01063  0.45806
   0.84042  0.01025  0.45498
   0.85965  0.00971  0.45141
   0.87847  0.00899  0.44704
   0.89689  0.00808  0.44030
   0.91494  0.00698  0.42950
   0.93255  0.00573  0.41675
   0.94938  0.00441  0.40503
   0.96502  0.00312  0.39755
   0.97926  0.00189  0.39597
   0.99212  0.00073  0.41010
   1.00000  0.00000  0.49135
