                                                
 Alfa =  10.00000 Re =  4000000.000 Xflap,Yflap =     0.000000    0.000000
#    x        y        Cp  
   1.00000  0.00000  0.23693
   0.99443  0.00039  0.17409
   0.98524  0.00106  0.14696
   0.97484  0.00188  0.12500
   0.96303  0.00288  0.10325
   0.94977  0.00409  0.08354
   0.93543  0.00549  0.05756
   0.92095  0.00700  0.03210
   0.90640  0.00859  0.00752
   0.89195  0.01022 -0.01776
   0.87758  0.01187 -0.04221
   0.86318  0.01357 -0.06494
   0.84867  0.01530 -0.08748
   0.83409  0.01706 -0.11292
   0.81948  0.01884 -0.13502
   0.80487  0.02063 -0.16031
   0.79028  0.02242 -0.18565
   0.77570  0.02420 -0.20973
   0.76115  0.02597 -0.23571
   0.74662  0.02772 -0.25998
   0.73209  0.02944 -0.28487
   0.71757  0.03114 -0.30884
   0.70304  0.03281 -0.33361
   0.68852  0.03444 -0.35757
   0.67401  0.03605 -0.38295
   0.65951  0.03761 -0.40843
   0.64501  0.03914 -0.43379
   0.63053  0.04061 -0.46010
   0.61607  0.04205 -0.48646
   0.60160  0.04342 -0.51318
   0.58715  0.04474 -0.53937
   0.57269  0.04600 -0.56534
   0.55822  0.04721 -0.59246
   0.54377  0.04835 -0.62091
   0.52934  0.04942 -0.64928
   0.51493  0.05043 -0.67917
   0.50054  0.05135 -0.70801
   0.48615  0.05218 -0.73638
   0.47174  0.05294 -0.76458
   0.45733  0.05360 -0.79416
   0.44295  0.05418 -0.82617
   0.42863  0.05466 -0.85973
   0.41440  0.05501 -0.89283
   0.40022  0.05524 -0.92149
   0.38603  0.05531 -0.93995
   0.37178  0.05525 -0.95418
   0.35743  0.05508 -0.96766
   0.34301  0.05482 -0.98543
   0.32858  0.05447 -1.00932
   0.31417  0.05403 -1.03451
   0.29981  0.05350 -1.06136
   0.28547  0.05288 -1.08810
   0.27114  0.05215 -1.11585
   0.25682  0.05133 -1.14471
   0.24250  0.05040 -1.17593
   0.22818  0.04937 -1.20998
   0.21387  0.04824 -1.24629
   0.19958  0.04701 -1.28776
   0.18532  0.04567 -1.33508
   0.17108  0.04422 -1.38760
   0.15688  0.04265 -1.44771
   0.14276  0.04096 -1.51679
   0.12874  0.03914 -1.59610
   0.11482  0.03717 -1.68814
   0.10099  0.03504 -1.79656
   0.08721  0.03272 -1.93156
   0.07362  0.03021 -2.10517
   0.06063  0.02756 -2.33797
   0.04830  0.02472 -2.62673
   0.03637  0.02157 -3.01441
   0.02602  0.01843 -3.56739
   0.01833  0.01575 -4.51565
   0.01292  0.01345 -5.50234
   0.00904  0.01140 -6.36497
   0.00616  0.00959 -7.83735
   0.00397  0.00783 -9.35348
   0.00234  0.00605-10.00726
   0.00120  0.00436-10.71221
   0.00045  0.00275-11.25537
   0.00006  0.00121-11.29987
   0.00002 -0.00029-10.08181
   0.00035 -0.00178 -7.36948
   0.00103 -0.00330 -4.81486
   0.00210 -0.00488 -2.83684
   0.00364 -0.00653 -1.39472
   0.00574 -0.00822 -0.38046
   0.00846 -0.00984  0.32077
   0.01207 -0.01158  0.69762
   0.01706 -0.01352  0.90637
   0.02415 -0.01570  0.99156
   0.03390 -0.01822  0.99307
   0.04573 -0.02087  0.95145
   0.05823 -0.02327  0.89769
   0.07131 -0.02547  0.84334
   0.08503 -0.02753  0.79102
   0.09896 -0.02943  0.74232
   0.11293 -0.03115  0.69832
   0.12696 -0.03272  0.65859
   0.14109 -0.03416  0.62243
   0.15533 -0.03550  0.58914
   0.16964 -0.03673  0.55801
   0.18399 -0.03786  0.52912
   0.19834 -0.03889  0.50224
   0.21271 -0.03984  0.47691
   0.22709 -0.04070  0.45353
   0.24150 -0.04147  0.43077
   0.25591 -0.04216  0.40970
   0.27032 -0.04278  0.38942
   0.28471 -0.04330  0.36956
   0.29911 -0.04375  0.35168
   0.31352 -0.04410  0.33493
   0.32797 -0.04438  0.31900
   0.34244 -0.04457  0.30373
   0.35691 -0.04470  0.28791
   0.37131 -0.04475  0.27061
   0.38562 -0.04470  0.25536
   0.39986 -0.04453  0.24143
   0.41409 -0.04422  0.23299
   0.42836 -0.04379  0.22671
   0.44272 -0.04326  0.22278
   0.45714 -0.04264  0.21743
   0.47159 -0.04193  0.21355
   0.48604 -0.04116  0.20839
   0.50048 -0.04031  0.20567
   0.51492 -0.03939  0.20281
   0.52938 -0.03840  0.20128
   0.54386 -0.03736  0.20022
   0.55836 -0.03625  0.19887
   0.57287 -0.03510  0.19871
   0.58739 -0.03390  0.19806
   0.60191 -0.03266  0.19798
   0.61644 -0.03138  0.19789
   0.63097 -0.03006  0.19920
   0.64551 -0.02871  0.19983
   0.66007 -0.02732  0.20175
   0.67463 -0.02591  0.20304
   0.68920 -0.02447  0.20501
   0.70379 -0.02301  0.20865
   0.71840 -0.02153  0.21021
   0.73302 -0.02005  0.21331
   0.74766 -0.01855  0.21705
   0.76229 -0.01705  0.22026
   0.77691 -0.01556  0.22360
   0.79151 -0.01408  0.22810
   0.80608 -0.01261  0.23243
   0.82065 -0.01117  0.23736
   0.83519 -0.00977  0.24055
   0.84970 -0.00841  0.24540
   0.86414 -0.00711  0.24879
   0.87852 -0.00587  0.25174
   0.89287 -0.00469  0.25653
   0.90731 -0.00356  0.26204
   0.92190 -0.00250  0.26914
   0.93645 -0.00159  0.27527
   0.95047 -0.00088  0.27772
   0.96340 -0.00040  0.27228
   0.97499 -0.00012  0.26487
   0.98527  0.00001  0.25381
   0.99443  0.00003  0.24085
   1.00000  0.00000  0.23693
