                                                
 Alfa =  10.00000 Re =  4000000.000 Xflap,Yflap =     0.000000    0.000000
#    x        y        Cp  
   1.00000  0.00000  0.29429
   0.99528  0.00189  0.11827
   0.98746  0.00493 -0.00849
   0.97860  0.00824 -0.10297
   0.96843  0.01187 -0.17975
   0.95678  0.01581 -0.26831
   0.94368  0.01997 -0.33777
   0.92969  0.02411 -0.40554
   0.91552  0.02801 -0.46110
   0.90153  0.03162 -0.50418
   0.88784  0.03493 -0.54526
   0.87429  0.03802 -0.58088
   0.86078  0.04092 -0.61296
   0.84720  0.04366 -0.64211
   0.83349  0.04626 -0.66782
   0.81961  0.04874 -0.69315
   0.80554  0.05111 -0.71578
   0.79131  0.05336 -0.73853
   0.77695  0.05550 -0.75738
   0.76251  0.05752 -0.77747
   0.74801  0.05943 -0.79839
   0.73351  0.06123 -0.81431
   0.71900  0.06293 -0.83368
   0.70453  0.06452 -0.85334
   0.69008  0.06602 -0.87408
   0.67567  0.06742 -0.89973
   0.66130  0.06873 -0.92054
   0.64695  0.06992 -0.94672
   0.63261  0.07100 -0.96799
   0.61828  0.07196 -0.98846
   0.60393  0.07280 -1.00591
   0.58955  0.07350 -1.01287
   0.57512  0.07408 -1.01785
   0.56062  0.07456 -1.01738
   0.54605  0.07497 -1.02086
   0.53141  0.07532 -1.02236
   0.51673  0.07564 -1.03067
   0.50202  0.07596 -1.04313
   0.48733  0.07628 -1.07192
   0.47267  0.07659 -1.11071
   0.45809  0.07686 -1.15352
   0.44359  0.07706 -1.19937
   0.42917  0.07717 -1.24550
   0.41482  0.07717 -1.28904
   0.40052  0.07701 -1.32802
   0.38624  0.07669 -1.35139
   0.37195  0.07620 -1.36828
   0.35762  0.07558 -1.38249
   0.34324  0.07483 -1.39223
   0.32880  0.07397 -1.40530
   0.31430  0.07301 -1.41933
   0.29975  0.07198 -1.43895
   0.28516  0.07089 -1.46671
   0.27057  0.06973 -1.50476
   0.25600  0.06852 -1.54976
   0.24149  0.06724 -1.60486
   0.22708  0.06589 -1.67307
   0.21278  0.06443 -1.74505
   0.19855  0.06283 -1.82216
   0.18435  0.06107 -1.89695
   0.17016  0.05912 -1.97655
   0.15602  0.05698 -2.06164
   0.14206  0.05465 -2.15898
   0.12838  0.05214 -2.26682
   0.11496  0.04941 -2.37793
   0.10161  0.04639 -2.48600
   0.08803  0.04298 -2.55574
   0.07411  0.03926 -2.71060
   0.06062  0.03546 -3.14599
   0.04841  0.03143 -3.48923
   0.03768  0.02722 -3.54183
   0.02770  0.02310 -3.79241
   0.01715  0.01863 -5.96220
   0.01053  0.01468 -7.11519
   0.00691  0.01190 -7.88007
   0.00452  0.00972 -8.90274
   0.00279  0.00788-10.18206
   0.00153  0.00626-11.72827
   0.00062  0.00480-13.66857
   0.00003  0.00346-15.85928
  -0.00028  0.00222-17.83182
  -0.00029  0.00107-18.48439
   0.00001 -0.00002-15.80410
   0.00066 -0.00104-10.36781
   0.00169 -0.00203 -5.90890
   0.00317 -0.00299 -2.98975
   0.00522 -0.00396 -1.20106
   0.00815 -0.00497 -0.09273
   0.01285 -0.00607  0.58788
   0.02175 -0.00696  0.94519
   0.03229 -0.00690  0.99999
   0.04355 -0.00641  0.98227
   0.05722 -0.00546  0.94363
   0.07175 -0.00427  0.90510
   0.08594 -0.00313  0.86905
   0.10008 -0.00199  0.83423
   0.11440 -0.00069  0.80584
   0.12887  0.00076  0.78275
   0.14346  0.00230  0.76410
   0.15807  0.00386  0.74827
   0.17262  0.00537  0.73436
   0.18707  0.00680  0.72174
   0.20145  0.00813  0.70935
   0.21582  0.00934  0.69459
   0.23026  0.01048  0.68025
   0.24478  0.01159  0.66580
   0.25939  0.01274  0.65451
   0.27403  0.01391  0.64601
   0.28867  0.01510  0.63854
   0.30330  0.01626  0.63187
   0.31791  0.01739  0.62554
   0.33250  0.01848  0.61924
   0.34709  0.01954  0.61282
   0.36167  0.02055  0.60763
   0.37624  0.02152  0.60252
   0.39083  0.02244  0.59679
   0.40542  0.02332  0.59170
   0.42004  0.02415  0.58638
   0.43467  0.02493  0.58154
   0.44934  0.02568  0.57661
   0.46402  0.02639  0.57162
   0.47872  0.02706  0.56761
   0.49342  0.02772  0.56369
   0.50810  0.02834  0.56125
   0.52276  0.02894  0.56011
   0.53736  0.02949  0.55828
   0.55191  0.02998  0.55712
   0.56642  0.03040  0.55689
   0.58089  0.03072  0.55466
   0.59533  0.03095  0.55286
   0.60977  0.03106  0.54757
   0.62423  0.03107  0.54286
   0.63873  0.03098  0.53703
   0.65329  0.03082  0.53034
   0.66791  0.03060  0.52344
   0.68258  0.03034  0.51764
   0.69730  0.03005  0.51307
   0.71205  0.02976  0.50875
   0.72680  0.02944  0.50883
   0.74154  0.02910  0.50848
   0.75624  0.02870  0.50780
   0.77088  0.02822  0.50677
   0.78544  0.02767  0.50846
   0.79991  0.02700  0.50658
   0.81426  0.02623  0.50531
   0.82850  0.02534  0.50162
   0.84264  0.02434  0.49981
   0.85670  0.02322  0.49501
   0.87074  0.02198  0.49130
   0.88483  0.02061  0.48811
   0.89904  0.01911  0.48379
   0.91347  0.01743  0.48620
   0.92805  0.01552  0.48536
   0.94232  0.01334  0.48240
   0.95564  0.01094  0.47104
   0.96752  0.00846  0.45235
   0.97793  0.00602  0.42123
   0.98705  0.00367  0.38852
   0.99511  0.00143  0.35911
   1.00000  0.00000  0.29429
