                                                
 Alfa =  10.00000 Re =  4000000.000 Xflap,Yflap =     0.000000    0.000000
#    x        y        Cp  
   1.00020 -0.00161  0.32699
   0.99410 -0.00022  0.25164
   0.98355  0.00236  0.20222
   0.97113  0.00556  0.13818
   0.95707  0.00923  0.09097
   0.94193  0.01323  0.04632
   0.92611  0.01747  0.00398
   0.90990  0.02185 -0.03833
   0.89346  0.02632 -0.07937
   0.87690  0.03084 -0.11869
   0.86028  0.03540 -0.15833
   0.84363  0.03999 -0.19941
   0.82693  0.04459 -0.24067
   0.81022  0.04920 -0.28085
   0.79352  0.05381 -0.32251
   0.77685  0.05842 -0.36769
   0.76021  0.06303 -0.41556
   0.74358  0.06762 -0.46042
   0.72699  0.07221 -0.51610
   0.71043  0.07678 -0.57409
   0.69392  0.08132 -0.63633
   0.67753  0.08578 -0.70659
   0.66133  0.09015 -0.78288
   0.64534  0.09437 -0.86446
   0.62960  0.09841 -0.95405
   0.61412  0.10222 -1.04316
   0.59883  0.10579 -1.12920
   0.58371  0.10910 -1.21752
   0.56876  0.11213 -1.30102
   0.55389  0.11487 -1.37414
   0.53903  0.11733 -1.43800
   0.52417  0.11953 -1.50292
   0.50931  0.12144 -1.55811
   0.49439  0.12308 -1.60514
   0.47940  0.12446 -1.65184
   0.46443  0.12558 -1.70108
   0.44941  0.12643 -1.73497
   0.43434  0.12703 -1.77635
   0.41930  0.12735 -1.81310
   0.40422  0.12741 -1.83781
   0.38908  0.12721 -1.86421
   0.37391  0.12675 -1.88813
   0.35871  0.12605 -1.90821
   0.34346  0.12509 -1.92703
   0.32821  0.12390 -1.94974
   0.31295  0.12247 -1.96938
   0.29770  0.12080 -1.98861
   0.28247  0.11890 -2.01323
   0.26729  0.11678 -2.03806
   0.25216  0.11442 -2.06241
   0.23713  0.11184 -2.09427
   0.22219  0.10902 -2.11774
   0.20731  0.10597 -2.15152
   0.19262  0.10271 -2.19150
   0.17807  0.09920 -2.22317
   0.16371  0.09546 -2.27288
   0.14959  0.09150 -2.31611
   0.13571  0.08730 -2.36748
   0.12221  0.08291 -2.43623
   0.10912  0.07830 -2.49222
   0.09649  0.07352 -2.56582
   0.08451  0.06862 -2.65339
   0.07331  0.06366 -2.74832
   0.06299  0.05870 -2.84476
   0.05367  0.05386 -2.96342
   0.04543  0.04919 -3.08426
   0.03824  0.04476 -3.19727
   0.03202  0.04059 -3.30915
   0.02668  0.03670 -3.43316
   0.02213  0.03309 -3.57226
   0.01824  0.02973 -3.68752
   0.01491  0.02659 -3.79820
   0.01206  0.02364 -3.94511
   0.00962  0.02087 -4.05658
   0.00754  0.01823 -4.11754
   0.00577  0.01572 -4.21410
   0.00428  0.01332 -4.29373
   0.00304  0.01102 -4.33713
   0.00202  0.00881 -4.35789
   0.00121  0.00668 -4.37456
   0.00061  0.00463 -4.37433
   0.00021  0.00265 -4.30170
   0.00002  0.00075 -4.17326
   0.00003 -0.00109 -3.95364
   0.00028 -0.00295 -3.52243
   0.00083 -0.00481 -2.86066
   0.00169 -0.00662 -2.07387
   0.00287 -0.00835 -1.26442
   0.00438 -0.00995 -0.55635
   0.00619 -0.01141  0.00121
   0.00829 -0.01274  0.39307
   0.01067 -0.01397  0.64411
   0.01335 -0.01512  0.80496
   0.01636 -0.01621  0.90515
   0.01975 -0.01725  0.96258
   0.02357 -0.01826  0.99155
   0.02793 -0.01921  1.00000
   0.03293 -0.02012  0.99322
   0.03873 -0.02098  0.97514
   0.04549 -0.02174  0.94894
   0.05348 -0.02239  0.91759
   0.06293 -0.02293  0.88319
   0.07406 -0.02334  0.84757
   0.08693 -0.02365  0.81198
   0.10124 -0.02387  0.77588
   0.11652 -0.02399  0.74230
   0.13249 -0.02400  0.71212
   0.14890 -0.02393  0.68480
   0.16561 -0.02377  0.66042
   0.18252 -0.02356  0.63778
   0.19949 -0.02331  0.61679
   0.21652 -0.02301  0.59850
   0.23364 -0.02267  0.58136
   0.25079 -0.02230  0.56543
   0.26795 -0.02189  0.55069
   0.28516 -0.02146  0.53760
   0.30240 -0.02101  0.52463
   0.31965 -0.02054  0.51294
   0.33692 -0.02006  0.50166
   0.35416 -0.01956  0.49011
   0.37141 -0.01904  0.48108
   0.38870 -0.01850  0.47135
   0.40598 -0.01795  0.46224
   0.42321 -0.01739  0.45323
   0.44046 -0.01680  0.44579
   0.45773 -0.01620  0.43803
   0.47496 -0.01558  0.43061
   0.49222 -0.01494  0.42501
   0.50948 -0.01429  0.41811
   0.52671 -0.01362  0.41192
   0.54394 -0.01293  0.40718
   0.56119 -0.01221  0.40256
   0.57844 -0.01148  0.39857
   0.59572 -0.01073  0.39577
   0.61305 -0.00997  0.39246
   0.63040 -0.00921  0.39040
   0.64772 -0.00845  0.38777
   0.66501 -0.00770  0.38621
   0.68226 -0.00697  0.38374
   0.69951 -0.00626  0.38127
   0.71676 -0.00557  0.37854
   0.73404 -0.00489  0.37556
   0.75134 -0.00422  0.37356
   0.76860 -0.00356  0.36994
   0.78580 -0.00288  0.37000
   0.80299 -0.00217  0.37191
   0.82015 -0.00145  0.37613
   0.83725 -0.00075  0.38085
   0.85420 -0.00007  0.38821
   0.87087  0.00054  0.39698
   0.88716  0.00106  0.40685
   0.90303  0.00142  0.41625
   0.91839  0.00161  0.42615
   0.93312  0.00157  0.43417
   0.94716  0.00126  0.43910
   0.96039  0.00069  0.44098
   0.97266 -0.00014  0.43829
   0.98382 -0.00120  0.43524
   0.99376 -0.00253  0.41669
   0.99980 -0.00357  0.32699
