                                                
 Alfa =  10.00000 Re =  4000000.000 Xflap,Yflap =     0.000000    0.000000
#    x        y        Cp  
   1.00000  0.00000  0.84388
   0.99431  0.00412  0.51439
   0.98562  0.00991  0.27107
   0.97667  0.01527  0.07281
   0.96736  0.02024 -0.09246
   0.95756  0.02484 -0.22924
   0.94711  0.02910 -0.33202
   0.93576  0.03305 -0.38644
   0.92327  0.03678 -0.40785
   0.90936  0.04042 -0.40625
   0.89390  0.04410 -0.40776
   0.87711  0.04788 -0.43637
   0.85953  0.05162 -0.46939
   0.84177  0.05515 -0.50205
   0.82422  0.05841 -0.53265
   0.80701  0.06137 -0.55811
   0.79003  0.06408 -0.57660
   0.77303  0.06658 -0.58774
   0.75581  0.06894 -0.59574
   0.73819  0.07122 -0.60325
   0.72012  0.07346 -0.61060
   0.70160  0.07569 -0.62121
   0.68277  0.07793 -0.64267
   0.66384  0.08015 -0.67059
   0.64499  0.08232 -0.70148
   0.62631  0.08442 -0.73500
   0.60783  0.08641 -0.76990
   0.58952  0.08830 -0.80462
   0.57131  0.09009 -0.83854
   0.55315  0.09177 -0.87382
   0.53499  0.09335 -0.90946
   0.51683  0.09483 -0.94633
   0.49866  0.09620 -0.98491
   0.48052  0.09746 -1.02422
   0.46243  0.09859 -1.06652
   0.44440  0.09960 -1.10901
   0.42644  0.10047 -1.15344
   0.40852  0.10121 -1.20033
   0.39063  0.10181 -1.24815
   0.37272  0.10226 -1.29954
   0.35478  0.10256 -1.35281
   0.33684  0.10270 -1.41097
   0.31898  0.10267 -1.47307
   0.30129  0.10247 -1.54172
   0.28391  0.10210 -1.62453
   0.26694  0.10154 -1.71326
   0.25041  0.10076 -1.80664
   0.23429  0.09973 -1.89845
   0.21851  0.09842 -1.98972
   0.20294  0.09681 -2.07545
   0.18746  0.09484 -2.14315
   0.17197  0.09253 -2.20525
   0.15656  0.08992 -2.27751
   0.14155  0.08710 -2.39795
   0.12730  0.08412 -2.56733
   0.11402  0.08094 -2.73238
   0.10173  0.07754 -2.87995
   0.09037  0.07390 -2.97265
   0.07982  0.07007 -3.03199
   0.07002  0.06611 -3.08145
   0.06092  0.06207 -3.12773
   0.05264  0.05810 -3.20079
   0.04533  0.05438 -3.38531
   0.03905  0.05093 -3.64965
   0.03367  0.04768 -3.88692
   0.02904  0.04454 -4.07920
   0.02500  0.04146 -4.18317
   0.02146  0.03837 -4.11934
   0.01828  0.03525 -3.94705
   0.01539  0.03214 -3.76372
   0.01276  0.02908 -3.61092
   0.01036  0.02612 -3.58620
   0.00822  0.02331 -3.63911
   0.00635  0.02066 -3.71662
   0.00475  0.01816 -3.79653
   0.00339  0.01578 -3.87515
   0.00227  0.01352 -3.94482
   0.00135  0.01135 -3.97971
   0.00064  0.00926 -3.97944
   0.00013  0.00723 -3.91547
  -0.00019  0.00526 -3.76536
  -0.00031  0.00334 -3.51266
  -0.00022  0.00144 -3.13790
   0.00009 -0.00043 -2.62266
   0.00063 -0.00230 -1.99450
   0.00140 -0.00416 -1.39979
   0.00239 -0.00603 -0.85928
   0.00361 -0.00790 -0.40808
   0.00507 -0.00979 -0.03456
   0.00678 -0.01169  0.26467
   0.00876 -0.01359  0.49917
   0.01101 -0.01547  0.67911
   0.01352 -0.01730  0.80951
   0.01630 -0.01903  0.90193
   0.01933 -0.02063  0.96015
   0.02265 -0.02208  0.99089
   0.02628 -0.02338  0.99999
   0.03027 -0.02452  0.99393
   0.03470 -0.02554  0.97848
   0.03965 -0.02646  0.95826
   0.04525 -0.02736  0.93658
   0.05156 -0.02835  0.91263
   0.05859 -0.02956  0.87963
   0.06628 -0.03090  0.83725
   0.07464 -0.03214  0.78780
   0.08387 -0.03306  0.74874
   0.09446 -0.03364  0.72104
   0.10694 -0.03400  0.69435
   0.12131 -0.03419  0.66371
   0.13690 -0.03419  0.63635
   0.15297 -0.03398  0.61382
   0.16939 -0.03359  0.59826
   0.18637 -0.03309  0.58588
   0.20401 -0.03260  0.57330
   0.22224 -0.03219  0.55720
   0.24084 -0.03186  0.53940
   0.25963 -0.03158  0.52170
   0.27847 -0.03133  0.50413
   0.29729 -0.03108  0.48804
   0.31607 -0.03081  0.47403
   0.33485 -0.03050  0.46240
   0.35366 -0.03018  0.45163
   0.37251 -0.02985  0.44171
   0.39140 -0.02954  0.43236
   0.41033 -0.02924  0.42272
   0.42928 -0.02897  0.41316
   0.44824 -0.02873  0.40337
   0.46719 -0.02852  0.39342
   0.48611 -0.02835  0.38341
   0.50499 -0.02821  0.37238
   0.52381 -0.02810  0.36009
   0.54258 -0.02801  0.34799
   0.56129 -0.02791  0.33552
   0.57996 -0.02778  0.32399
   0.59863 -0.02761  0.31302
   0.61731 -0.02738  0.30500
   0.63606 -0.02710  0.29802
   0.65488 -0.02678  0.29200
   0.67379 -0.02643  0.28616
   0.69277 -0.02608  0.28019
   0.71178 -0.02574  0.27271
   0.73079 -0.02541  0.26446
   0.74976 -0.02509  0.25514
   0.76868 -0.02478  0.24449
   0.78755 -0.02449  0.23272
   0.80638 -0.02420  0.21647
   0.82520 -0.02389  0.19695
   0.84389 -0.02351  0.17508
   0.86222 -0.02298  0.15436
   0.87985 -0.02228  0.13534
   0.89648 -0.02138  0.11843
   0.91189 -0.02030  0.09563
   0.92604 -0.01895  0.07993
   0.93905 -0.01726  0.08129
   0.95112 -0.01515  0.10942
   0.96245 -0.01262  0.17209
   0.97321 -0.00968  0.26306
   0.98353 -0.00636  0.38728
   0.99350 -0.00267  0.56225
   1.00000  0.00000  0.84388
