                                                
 Alfa =  10.00000 Re =  4000000.000 Xflap,Yflap =     0.000000    0.000000
#    x        y        Cp  
   1.00000  0.00028  0.22166
   0.99409  0.00102  0.13417
   0.98203  0.00260  0.07462
   0.96865  0.00439  0.03130
   0.95488  0.00625 -0.00812
   0.94106  0.00811 -0.04032
   0.92724  0.00996 -0.06902
   0.91342  0.01179 -0.09622
   0.89960  0.01359 -0.11887
   0.88578  0.01537 -0.14185
   0.87195  0.01713 -0.16392
   0.85812  0.01887 -0.18501
   0.84428  0.02059 -0.20456
   0.83045  0.02228 -0.22824
   0.81661  0.02396 -0.24363
   0.80278  0.02561 -0.26704
   0.78894  0.02723 -0.28610
   0.77511  0.02883 -0.30556
   0.76127  0.03041 -0.32606
   0.74744  0.03195 -0.34463
   0.73360  0.03347 -0.36438
   0.71975  0.03496 -0.38467
   0.70592  0.03642 -0.40345
   0.69208  0.03784 -0.42503
   0.67823  0.03924 -0.44332
   0.66439  0.04060 -0.46520
   0.65056  0.04192 -0.48471
   0.63672  0.04321 -0.50636
   0.62288  0.04446 -0.52634
   0.60904  0.04567 -0.54645
   0.59520  0.04684 -0.56785
   0.58136  0.04796 -0.58954
   0.56752  0.04905 -0.61039
   0.55367  0.05009 -0.63267
   0.53983  0.05108 -0.65533
   0.52599  0.05204 -0.67781
   0.51214  0.05294 -0.70120
   0.49830  0.05380 -0.72470
   0.48446  0.05460 -0.74859
   0.47062  0.05536 -0.77421
   0.45678  0.05606 -0.79905
   0.44294  0.05671 -0.82638
   0.42910  0.05730 -0.85299
   0.41527  0.05783 -0.88168
   0.40144  0.05831 -0.91041
   0.38762  0.05872 -0.94057
   0.37380  0.05906 -0.97263
   0.35998  0.05934 -1.00537
   0.34618  0.05954 -1.03900
   0.33238  0.05967 -1.07538
   0.31860  0.05972 -1.11387
   0.30483  0.05969 -1.15135
   0.29106  0.05957 -1.19446
   0.27732  0.05935 -1.23699
   0.26359  0.05904 -1.28505
   0.24989  0.05862 -1.33328
   0.23621  0.05809 -1.38454
   0.22255  0.05744 -1.44171
   0.20893  0.05666 -1.50024
   0.19534  0.05574 -1.56506
   0.18180  0.05468 -1.63381
   0.16830  0.05346 -1.71077
   0.15487  0.05207 -1.79248
   0.14150  0.05048 -1.88421
   0.12823  0.04870 -1.98595
   0.11506  0.04668 -2.10052
   0.10202  0.04442 -2.23030
   0.08915  0.04188 -2.37940
   0.07649  0.03904 -2.55283
   0.06410  0.03585 -2.76006
   0.05208  0.03228 -3.01299
   0.04058  0.02830 -3.33125
   0.02988  0.02394 -3.74893
   0.02049  0.01932 -4.29429
   0.01311  0.01489 -4.99693
   0.00802  0.01110 -5.79843
   0.00473  0.00807 -6.73820
   0.00260  0.00564 -7.80779
   0.00122  0.00360 -9.14520
   0.00038  0.00183-11.11801
   0.00001  0.00024-13.04697
   0.00017 -0.00126-11.53296
   0.00097 -0.00277 -6.46182
   0.00243 -0.00418 -2.61395
   0.00459 -0.00558 -0.71397
   0.00770 -0.00707  0.25222
   0.01237 -0.00876  0.74750
   0.01948 -0.01070  0.95906
   0.02936 -0.01270  0.99928
   0.04109 -0.01444  0.96519
   0.05374 -0.01584  0.91126
   0.06679 -0.01691  0.85677
   0.08009 -0.01772  0.80739
   0.09354 -0.01832  0.76340
   0.10710 -0.01874  0.72506
   0.12074 -0.01901  0.69092
   0.13442 -0.01916  0.66096
   0.14816 -0.01921  0.63421
   0.16192 -0.01916  0.61007
   0.17571 -0.01902  0.58891
   0.18952 -0.01881  0.57001
   0.20336 -0.01853  0.55244
   0.21721 -0.01820  0.53703
   0.23107 -0.01781  0.52241
   0.24495 -0.01738  0.51002
   0.25883 -0.01690  0.49817
   0.27273 -0.01639  0.48748
   0.28665 -0.01584  0.47769
   0.30057 -0.01528  0.46830
   0.31450 -0.01469  0.46027
   0.32844 -0.01407  0.45179
   0.34238 -0.01345  0.44516
   0.35633 -0.01281  0.43765
   0.37029 -0.01216  0.43176
   0.38425 -0.01150  0.42573
   0.39822 -0.01084  0.41959
   0.41219 -0.01017  0.41502
   0.42617 -0.00951  0.40954
   0.44014 -0.00884  0.40522
   0.45410 -0.00818  0.40019
   0.46806 -0.00753  0.39652
   0.48202 -0.00688  0.39164
   0.49597 -0.00625  0.38790
   0.50993 -0.00562  0.38351
   0.52387 -0.00501  0.38097
   0.53782 -0.00441  0.37576
   0.55176 -0.00383  0.37274
   0.56570 -0.00326  0.36932
   0.57964 -0.00271  0.36598
   0.59358 -0.00218  0.36184
   0.60751 -0.00166  0.35971
   0.62145 -0.00117  0.35482
   0.63537 -0.00070  0.35268
   0.64930 -0.00025  0.34859
   0.66323  0.00017  0.34540
   0.67716  0.00058  0.34178
   0.69109  0.00095  0.33825
   0.70502  0.00131  0.33572
   0.71894  0.00164  0.33075
   0.73287  0.00194  0.32910
   0.74680  0.00222  0.32439
   0.76071  0.00247  0.32290
   0.77463  0.00269  0.31870
   0.78854  0.00288  0.31612
   0.80244  0.00304  0.31311
   0.81633  0.00315  0.30930
   0.83021  0.00323  0.30661
   0.84409  0.00326  0.30267
   0.85795  0.00324  0.29903
   0.87181  0.00317  0.29367
   0.88565  0.00304  0.29134
   0.89947  0.00285  0.28506
   0.91329  0.00259  0.27591
   0.92710  0.00226  0.27048
   0.94089  0.00186  0.26151
   0.95467  0.00138  0.24946
   0.96844  0.00084  0.23878
   0.98181  0.00024  0.22574
   0.99402 -0.00037  0.21017
   1.00000 -0.00068  0.22166
