                                                
 Alfa =  10.00000 Re =  4000000.000 Xflap,Yflap =     0.000000    0.000000
#    x        y        Cp  
   0.99999  0.00018  0.39275
   0.99478  0.00079  0.21894
   0.98615  0.00179  0.15833
   0.97630  0.00294  0.12148
   0.96501  0.00425  0.08637
   0.95218  0.00575  0.05555
   0.93850  0.00734  0.02423
   0.92511  0.00890  0.00261
   0.91161  0.01047 -0.02388
   0.89777  0.01208 -0.04401
   0.88393  0.01369 -0.06752
   0.87012  0.01530 -0.08886
   0.85625  0.01692 -0.10761
   0.84230  0.01854 -0.12837
   0.82836  0.02016 -0.14793
   0.81441  0.02178 -0.16714
   0.80045  0.02341 -0.18933
   0.78649  0.02503 -0.20895
   0.77253  0.02666 -0.23171
   0.75856  0.02829 -0.25538
   0.74460  0.02991 -0.27822
   0.73065  0.03152 -0.30463
   0.71671  0.03311 -0.33245
   0.70281  0.03466 -0.36036
   0.68894  0.03617 -0.38517
   0.67509  0.03762 -0.41150
   0.66124  0.03901 -0.43631
   0.64740  0.04034 -0.45994
   0.63354  0.04161 -0.47811
   0.61964  0.04282 -0.49987
   0.60571  0.04398 -0.51771
   0.59177  0.04510 -0.54159
   0.57783  0.04618 -0.56716
   0.56392  0.04721 -0.59365
   0.55003  0.04817 -0.62218
   0.53617  0.04907 -0.64912
   0.52233  0.04988 -0.67602
   0.50849  0.05060 -0.70273
   0.49467  0.05122 -0.72352
   0.48086  0.05175 -0.74601
   0.46704  0.05217 -0.76435
   0.45321  0.05250 -0.78004
   0.43936  0.05273 -0.79364
   0.42547  0.05287 -0.80461
   0.41154  0.05294 -0.81525
   0.39757  0.05297 -0.82983
   0.38359  0.05294 -0.84858
   0.36961  0.05288 -0.87146
   0.35566  0.05276 -0.89613
   0.34173  0.05259 -0.92303
   0.32781  0.05235 -0.95061
   0.31389  0.05206 -0.97939
   0.29999  0.05169 -1.01206
   0.28610  0.05126 -1.04593
   0.27223  0.05074 -1.08176
   0.25838  0.05014 -1.11992
   0.24455  0.04945 -1.16116
   0.23074  0.04866 -1.20299
   0.21696  0.04776 -1.24815
   0.20319  0.04675 -1.29537
   0.18947  0.04562 -1.34697
   0.17579  0.04436 -1.40204
   0.16215  0.04296 -1.46153
   0.14855  0.04141 -1.52471
   0.13498  0.03970 -1.59151
   0.12141  0.03781 -1.66778
   0.10788  0.03575 -1.75539
   0.09442  0.03352 -1.86705
   0.08111  0.03111 -2.00968
   0.06794  0.02848 -2.19265
   0.05490  0.02558 -2.43069
   0.04228  0.02242 -2.78658
   0.03050  0.01899 -3.28075
   0.01979  0.01525 -4.14486
   0.01165  0.01165 -5.36471
   0.00686  0.00894 -6.97949
   0.00388  0.00671 -8.75830
   0.00197  0.00479-10.50083
   0.00080  0.00316-12.74218
   0.00015  0.00171-15.08254
  -0.00003  0.00035-15.65523
   0.00027 -0.00096-10.99977
   0.00108 -0.00229 -5.81708
   0.00248 -0.00372 -2.58326
   0.00475 -0.00532 -0.70235
   0.00820 -0.00703  0.35627
   0.01381 -0.00908  0.83479
   0.02296 -0.01148  0.99336
   0.03406 -0.01347  0.98451
   0.04623 -0.01499  0.93344
   0.05933 -0.01613  0.87808
   0.07295 -0.01703  0.82863
   0.08676 -0.01780  0.78523
   0.10065 -0.01849  0.74650
   0.11459 -0.01911  0.71239
   0.12856 -0.01970  0.68184
   0.14257 -0.02025  0.65425
   0.15661 -0.02078  0.62904
   0.17065 -0.02131  0.60535
   0.18469 -0.02182  0.58318
   0.19872 -0.02232  0.56261
   0.21276 -0.02281  0.54328
   0.22680 -0.02328  0.52492
   0.24083 -0.02375  0.50801
   0.25488 -0.02421  0.49098
   0.26893 -0.02466  0.47593
   0.28299 -0.02512  0.46005
   0.29705 -0.02557  0.44577
   0.31111 -0.02602  0.43109
   0.32517 -0.02647  0.41659
   0.33923 -0.02692  0.40207
   0.35329 -0.02737  0.38696
   0.36735 -0.02782  0.37290
   0.38141 -0.02827  0.35637
   0.39546 -0.02871  0.34133
   0.40948 -0.02913  0.32430
   0.42344 -0.02952  0.30623
   0.43734 -0.02985  0.28967
   0.45119 -0.03010  0.27370
   0.46503 -0.03026  0.26320
   0.47889 -0.03033  0.25202
   0.49279 -0.03032  0.24462
   0.50672 -0.03025  0.23528
   0.52066 -0.03012  0.22613
   0.53458 -0.02992  0.21804
   0.54849 -0.02966  0.21032
   0.56239 -0.02932  0.20352
   0.57629 -0.02891  0.19872
   0.59020 -0.02844  0.19342
   0.60412 -0.02791  0.19025
   0.61805 -0.02731  0.18532
   0.63198 -0.02666  0.18170
   0.64590 -0.02596  0.18015
   0.65982 -0.02519  0.17684
   0.67374 -0.02438  0.17584
   0.68765 -0.02351  0.17529
   0.70157 -0.02258  0.17546
   0.71551 -0.02161  0.17658
   0.72947 -0.02060  0.18072
   0.74347 -0.01957  0.18258
   0.75748 -0.01852  0.18323
   0.77150 -0.01746  0.18501
   0.78552 -0.01640  0.18559
   0.79955 -0.01534  0.18639
   0.81357 -0.01428  0.18618
   0.82756 -0.01322  0.18795
   0.84155 -0.01216  0.18572
   0.85556 -0.01110  0.18904
   0.86949 -0.01005  0.18527
   0.88335 -0.00900  0.18812
   0.89724 -0.00795  0.18924
   0.91114 -0.00690  0.18886
   0.92472 -0.00587  0.19212
   0.93816 -0.00486  0.19528
   0.95188 -0.00382  0.19839
   0.96482 -0.00284  0.20818
   0.97619 -0.00198  0.21484
   0.98609 -0.00123  0.22819
   0.99477 -0.00058  0.26017
   1.00000 -0.00018  0.39275
