                                                
 Alfa =  10.00000 Re =  4000000.000 Xflap,Yflap =     0.000000    0.000000
#    x        y        Cp  
   1.00000  0.00000  0.54619
   0.99562  0.00207 -0.00282
   0.98819  0.00436  0.07345
   0.97910  0.00695  0.03030
   0.96813  0.01003 -0.04555
   0.95545  0.01337 -0.09264
   0.94165  0.01681 -0.13305
   0.92698  0.02031 -0.15828
   0.91188  0.02382 -0.19424
   0.89652  0.02732 -0.22169
   0.88105  0.03082 -0.26097
   0.86562  0.03425 -0.29710
   0.85010  0.03765 -0.32946
   0.83461  0.04101 -0.36955
   0.81916  0.04428 -0.40335
   0.80359  0.04751 -0.43475
   0.78806  0.05071 -0.48058
   0.77267  0.05381 -0.52125
   0.75725  0.05681 -0.55425
   0.74174  0.05977 -0.59405
   0.72632  0.06264 -0.64031
   0.71100  0.06538 -0.68126
   0.69563  0.06803 -0.71825
   0.68024  0.07058 -0.76363
   0.66497  0.07301 -0.81172
   0.64978  0.07528 -0.85175
   0.63454  0.07740 -0.88767
   0.61927  0.07940 -0.92660
   0.60403  0.08126 -0.96839
   0.58884  0.08295 -1.00437
   0.57365  0.08448 -1.03836
   0.55842  0.08586 -1.06885
   0.54315  0.08709 -1.09930
   0.52787  0.08816 -1.12971
   0.51259  0.08909 -1.15967
   0.49731  0.08986 -1.18922
   0.48204  0.09048 -1.21689
   0.46676  0.09094 -1.24343
   0.45144  0.09125 -1.26554
   0.43606  0.09141 -1.28893
   0.42069  0.09144 -1.31950
   0.40540  0.09132 -1.35063
   0.39014  0.09104 -1.37289
   0.37482  0.09060 -1.39440
   0.35946  0.09001 -1.41901
   0.34414  0.08929 -1.44937
   0.32886  0.08842 -1.47505
   0.31355  0.08739 -1.49999
   0.29824  0.08622 -1.52858
   0.28295  0.08491 -1.56282
   0.26772  0.08345 -1.59703
   0.25251  0.08184 -1.63403
   0.23735  0.08008 -1.67366
   0.22224  0.07816 -1.71975
   0.20722  0.07609 -1.76938
   0.19228  0.07384 -1.82087
   0.17740  0.07141 -1.87671
   0.16262  0.06881 -1.94538
   0.14803  0.06602 -2.02560
   0.13359  0.06303 -2.10354
   0.11931  0.05982 -2.19973
   0.10535  0.05642 -2.32353
   0.09172  0.05278 -2.43851
   0.07851  0.04895 -2.61030
   0.06616  0.04502 -2.82922
   0.05471  0.04095 -3.01390
   0.04448  0.03694 -3.32451
   0.03581  0.03312 -3.64659
   0.02850  0.02948 -3.88541
   0.02251  0.02619 -4.32218
   0.01769  0.02322 -4.80726
   0.01377  0.02046 -5.17513
   0.01056  0.01787 -5.50796
   0.00791  0.01546 -6.00527
   0.00577  0.01320 -6.54947
   0.00405  0.01103 -6.89745
   0.00269  0.00891 -6.98914
   0.00163  0.00685 -6.92725
   0.00084  0.00488 -7.00120
   0.00030  0.00302 -7.27186
   0.00002  0.00127 -7.31703
   0.00003 -0.00043 -6.73804
   0.00033 -0.00215 -5.37238
   0.00094 -0.00391 -4.02159
   0.00187 -0.00572 -2.84840
   0.00313 -0.00750 -1.83265
   0.00473 -0.00919 -0.94945
   0.00673 -0.01077 -0.21531
   0.00915 -0.01227  0.29139
   0.01204 -0.01373  0.60584
   0.01545 -0.01516  0.80346
   0.01952 -0.01655  0.92127
   0.02445 -0.01791  0.98132
   0.03051 -0.01930  0.99988
   0.03796 -0.02071  0.98970
   0.04704 -0.02209  0.96004
   0.05799 -0.02343  0.91811
   0.07043 -0.02469  0.86997
   0.08395 -0.02575  0.82271
   0.09820 -0.02662  0.77683
   0.11282 -0.02726  0.73576
   0.12776 -0.02771  0.69918
   0.14284 -0.02799  0.66482
   0.15797 -0.02808  0.63472
   0.17318 -0.02800  0.60866
   0.18850 -0.02776  0.58596
   0.20389 -0.02738  0.56493
   0.21929 -0.02686  0.54624
   0.23473 -0.02621  0.53103
   0.25027 -0.02544  0.51777
   0.26586 -0.02456  0.50511
   0.28142 -0.02359  0.49362
   0.29700 -0.02252  0.48575
   0.31264 -0.02134  0.47850
   0.32831 -0.02009  0.47326
   0.34399 -0.01875  0.47029
   0.35973 -0.01735  0.47039
   0.37555 -0.01594  0.46864
   0.39142 -0.01455  0.46453
   0.40727 -0.01315  0.46185
   0.42306 -0.01174  0.46298
   0.43880 -0.01037  0.46288
   0.45462 -0.00906  0.45931
   0.47054 -0.00778  0.45570
   0.48647 -0.00652  0.45432
   0.50232 -0.00531  0.45345
   0.51815 -0.00414  0.45075
   0.53401 -0.00303  0.44866
   0.54987 -0.00196  0.44615
   0.56569 -0.00094  0.44463
   0.58155  0.00002  0.44132
   0.59746  0.00094  0.43835
   0.61332  0.00183  0.43872
   0.62907  0.00265  0.43717
   0.64483  0.00339  0.43396
   0.66071  0.00408  0.42910
   0.67659  0.00473  0.42879
   0.69235  0.00533  0.42785
   0.70814  0.00584  0.42384
   0.72403  0.00630  0.42084
   0.73980  0.00672  0.42262
   0.75541  0.00705  0.42071
   0.77113  0.00727  0.41421
   0.78696  0.00743  0.41221
   0.80262  0.00754  0.41252
   0.81825  0.00752  0.40609
   0.83404  0.00743  0.40135
   0.84971  0.00729  0.40203
   0.86526  0.00703  0.39705
   0.88091  0.00668  0.39211
   0.89635  0.00625  0.39353
   0.91169  0.00566  0.38326
   0.92693  0.00498  0.38156
   0.94170  0.00417  0.37304
   0.95582  0.00326  0.36632
   0.96855  0.00232  0.35024
   0.97939  0.00146  0.35852
   0.98814  0.00060  0.32374
   0.99541 -0.00007  0.21225
   1.00000  0.00000  0.54619
