                                                
 Alfa =  10.00000 Re =  4000000.000 Xflap,Yflap =     0.000000    0.000000
#    x        y        Cp  
   1.00000  0.00000  0.33372
   0.99500  0.00327  0.10572
   0.98724  0.00851 -0.29964
   0.97905  0.01319 -0.52935
   0.96980  0.01742 -0.55901
   0.95908  0.02159 -0.55720
   0.94698  0.02581 -0.56888
   0.93377  0.03005 -0.58668
   0.91965  0.03424 -0.60026
   0.90488  0.03836 -0.61659
   0.88967  0.04237 -0.63296
   0.87413  0.04628 -0.65416
   0.85836  0.05008 -0.67293
   0.84240  0.05377 -0.69508
   0.82633  0.05737 -0.71785
   0.81016  0.06086 -0.74158
   0.79391  0.06425 -0.76523
   0.77759  0.06756 -0.78994
   0.76119  0.07078 -0.81587
   0.74475  0.07392 -0.84280
   0.72830  0.07698 -0.87135
   0.71182  0.07995 -0.90104
   0.69530  0.08284 -0.92936
   0.67875  0.08565 -0.96035
   0.66217  0.08839 -0.99420
   0.64559  0.09105 -1.02735
   0.62901  0.09362 -1.06340
   0.61243  0.09612 -1.10179
   0.59582  0.09853 -1.13899
   0.57921  0.10086 -1.18065
   0.56261  0.10310 -1.22591
   0.54603  0.10525 -1.27248
   0.52948  0.10731 -1.32331
   0.51296  0.10926 -1.37643
   0.49648  0.11110 -1.43420
   0.48007  0.11282 -1.49515
   0.46373  0.11440 -1.55851
   0.44745  0.11584 -1.62523
   0.43124  0.11712 -1.69221
   0.41506  0.11823 -1.76262
   0.39894  0.11919 -1.84075
   0.38294  0.11997 -1.92809
   0.36715  0.12053 -2.02290
   0.35164  0.12086 -2.12210
   0.33639  0.12091 -2.21346
   0.32128  0.12065 -2.28073
   0.30615  0.12008 -2.33650
   0.29098  0.11921 -2.38539
   0.27577  0.11804 -2.43083
   0.26057  0.11659 -2.47983
   0.24540  0.11487 -2.52776
   0.23024  0.11286 -2.57546
   0.21510  0.11057 -2.62589
   0.20004  0.10803 -2.69269
   0.18514  0.10523 -2.77039
   0.17050  0.10218 -2.85777
   0.15612  0.09884 -2.94578
   0.14196  0.09520 -3.03108
   0.12806  0.09126 -3.12833
   0.11451  0.08705 -3.24534
   0.10142  0.08257 -3.37443
   0.08889  0.07784 -3.51979
   0.07700  0.07288 -3.67490
   0.06591  0.06776 -3.86851
   0.05579  0.06257 -4.08837
   0.04677  0.05735 -4.31989
   0.03882  0.05211 -4.46588
   0.03184  0.04687 -4.52694
   0.02579  0.04173 -4.55138
   0.02064  0.03682 -4.56857
   0.01633  0.03225 -4.61665
   0.01278  0.02804 -4.66432
   0.00988  0.02420 -4.69873
   0.00751  0.02069 -4.73389
   0.00557  0.01747 -4.79631
   0.00400  0.01451 -4.90094
   0.00276  0.01179 -4.97344
   0.00181  0.00928 -4.96986
   0.00109  0.00697 -4.89028
   0.00055  0.00480 -4.83349
   0.00016  0.00274 -4.93429
  -0.00012  0.00076 -5.52748
  -0.00017 -0.00113 -6.16146
   0.00008 -0.00293 -6.37518
   0.00074 -0.00464 -5.22729
   0.00182 -0.00623 -3.65400
   0.00329 -0.00767 -2.29224
   0.00514 -0.00886 -1.05748
   0.00740 -0.00981 -0.15319
   0.01007 -0.01063  0.37992
   0.01316 -0.01146  0.63529
   0.01669 -0.01235  0.78942
   0.02076 -0.01325  0.89088
   0.02555 -0.01412  0.95649
   0.03135 -0.01495  0.99073
   0.03854 -0.01578  0.99995
   0.04734 -0.01660  0.98937
   0.05779 -0.01732  0.96415
   0.06994 -0.01787  0.92966
   0.08354 -0.01822  0.89023
   0.09800 -0.01831  0.85029
   0.11294 -0.01815  0.81200
   0.12816 -0.01772  0.77650
   0.14346 -0.01703  0.74338
   0.15854 -0.01610  0.71231
   0.17335 -0.01484  0.68720
   0.18819 -0.01322  0.67066
   0.20339 -0.01123  0.65974
   0.21911 -0.00892  0.65391
   0.23537 -0.00636  0.65004
   0.25198 -0.00367  0.64551
   0.26874 -0.00090  0.64215
   0.28557  0.00191  0.63968
   0.30244  0.00473  0.63817
   0.31932  0.00754  0.63688
   0.33616  0.01030  0.63559
   0.35294  0.01301  0.63549
   0.36966  0.01566  0.63484
   0.38633  0.01823  0.63522
   0.40295  0.02072  0.63511
   0.41955  0.02312  0.63533
   0.43612  0.02543  0.63558
   0.45267  0.02765  0.63583
   0.46919  0.02976  0.63650
   0.48570  0.03177  0.63705
   0.50218  0.03367  0.63723
   0.51866  0.03545  0.63790
   0.53512  0.03712  0.63858
   0.55155  0.03867  0.63913
   0.56796  0.04009  0.63990
   0.58434  0.04138  0.64025
   0.60072  0.04254  0.64054
   0.61709  0.04355  0.64108
   0.63343  0.04443  0.64219
   0.64973  0.04516  0.64184
   0.66601  0.04574  0.64249
   0.68225  0.04617  0.64331
   0.69846  0.04643  0.64337
   0.71463  0.04653  0.64374
   0.73074  0.04645  0.64414
   0.74679  0.04620  0.64394
   0.76279  0.04576  0.64440
   0.77873  0.04513  0.64453
   0.79459  0.04430  0.64447
   0.81034  0.04327  0.64416
   0.82597  0.04203  0.64497
   0.84148  0.04055  0.64409
   0.85687  0.03884  0.64308
   0.87206  0.03689  0.64344
   0.88697  0.03470  0.64296
   0.90157  0.03224  0.64173
   0.91580  0.02951  0.64060
   0.92953  0.02653  0.63851
   0.94253  0.02330  0.63695
   0.95465  0.01982  0.63434
   0.96584  0.01607  0.61999
   0.97616  0.01199  0.59116
   0.98575  0.00756  0.53869
   0.99463  0.00294  0.47645
   1.00000  0.00000  0.33372
