                                                
 Alfa =  10.00000 Re =  4000000.000 Xflap,Yflap =     0.000000    0.000000
#    x        y        Cp  
   1.00000  0.00115  0.40829
   0.99375  0.00298  0.21598
   0.98344  0.00595  0.12957
   0.97183  0.00924  0.05876
   0.95873  0.01287 -0.00247
   0.94412  0.01681 -0.05942
   0.92833  0.02097 -0.11207
   0.91192  0.02517 -0.16107
   0.89532  0.02931 -0.20452
   0.87864  0.03336 -0.24744
   0.86185  0.03734 -0.28524
   0.84495  0.04124 -0.32473
   0.82792  0.04509 -0.36079
   0.81079  0.04887 -0.39861
   0.79357  0.05258 -0.43542
   0.77633  0.05623 -0.47408
   0.75908  0.05979 -0.51327
   0.74187  0.06326 -0.55334
   0.72469  0.06662 -0.59276
   0.70754  0.06988 -0.63302
   0.69042  0.07304 -0.67262
   0.67330  0.07608 -0.71191
   0.65615  0.07903 -0.75255
   0.63899  0.08186 -0.79310
   0.62182  0.08459 -0.83499
   0.60466  0.08721 -0.87795
   0.58755  0.08970 -0.92480
   0.57051  0.09207 -0.97297
   0.55358  0.09428 -1.02277
   0.53675  0.09634 -1.07305
   0.52002  0.09823 -1.12252
   0.50336  0.09994 -1.17194
   0.48674  0.10146 -1.21758
   0.47013  0.10280 -1.26098
   0.45351  0.10396 -1.30333
   0.43685  0.10494 -1.34675
   0.42017  0.10574 -1.38959
   0.40348  0.10637 -1.43457
   0.38681  0.10681 -1.48233
   0.37020  0.10707 -1.53376
   0.35368  0.10712 -1.58634
   0.33727  0.10698 -1.63920
   0.32097  0.10661 -1.69191
   0.30478  0.10603 -1.74526
   0.28870  0.10521 -1.79508
   0.27270  0.10415 -1.84469
   0.25678  0.10286 -1.89414
   0.24093  0.10134 -1.94430
   0.22515  0.09958 -1.99833
   0.20942  0.09758 -2.05640
   0.19376  0.09533 -2.12488
   0.17818  0.09285 -2.20642
   0.16284  0.09011 -2.29930
   0.14801  0.08717 -2.40586
   0.13399  0.08407 -2.53812
   0.12088  0.08081 -2.66891
   0.10850  0.07731 -2.78279
   0.09655  0.07347 -2.84346
   0.08474  0.06922 -2.82072
   0.07339  0.06485 -2.88684
   0.06334  0.06081 -3.18669
   0.05482  0.05703 -3.48273
   0.04746  0.05330 -3.64945
   0.04090  0.04949 -3.64014
   0.03500  0.04567 -3.60465
   0.02972  0.04196 -3.57697
   0.02505  0.03844 -3.60300
   0.02095  0.03516 -3.73553
   0.01736  0.03207 -3.88489
   0.01420  0.02911 -3.97749
   0.01143  0.02627 -4.06277
   0.00899  0.02354 -4.17875
   0.00690  0.02094 -4.29447
   0.00511  0.01848 -4.41737
   0.00362  0.01613 -4.52542
   0.00238  0.01389 -4.59920
   0.00139  0.01174 -4.65756
   0.00062  0.00967 -4.63211
   0.00007  0.00765 -4.54405
  -0.00027  0.00570 -4.34156
  -0.00040  0.00378 -4.01351
  -0.00032  0.00191 -3.56203
  -0.00001  0.00006 -2.96651
   0.00052 -0.00176 -2.26923
   0.00128 -0.00356 -1.60167
   0.00226 -0.00533 -1.01475
   0.00344 -0.00705 -0.51538
   0.00483 -0.00871 -0.10616
   0.00644 -0.01028  0.23157
   0.00826 -0.01175  0.49715
   0.01030 -0.01305  0.70325
   0.01256 -0.01415  0.85382
   0.01506 -0.01497  0.94955
   0.01781 -0.01549  0.99271
   0.02084 -0.01572  0.99919
   0.02418 -0.01568  0.98655
   0.02786 -0.01543  0.96612
   0.03192 -0.01497  0.94292
   0.03644 -0.01429  0.92090
   0.04151 -0.01338  0.90189
   0.04727 -0.01229  0.88686
   0.05387 -0.01111  0.87017
   0.06154 -0.00989  0.84774
   0.07051 -0.00857  0.82106
   0.08096 -0.00697  0.79757
   0.09295 -0.00504  0.78213
   0.10639 -0.00295  0.76706
   0.12118 -0.00087  0.74805
   0.13706  0.00117  0.72868
   0.15364  0.00317  0.71076
   0.17054  0.00513  0.69679
   0.18749  0.00699  0.68522
   0.20439  0.00872  0.67438
   0.22128  0.01029  0.66349
   0.23823  0.01174  0.65284
   0.25528  0.01306  0.64236
   0.27246  0.01426  0.63230
   0.28976  0.01536  0.62267
   0.30715  0.01636  0.61346
   0.32456  0.01727  0.60522
   0.34195  0.01806  0.59700
   0.35930  0.01876  0.58913
   0.37661  0.01934  0.58133
   0.39392  0.01981  0.57341
   0.41127  0.02017  0.56456
   0.42875  0.02042  0.55534
   0.44639  0.02059  0.54586
   0.46420  0.02069  0.53614
   0.48214  0.02072  0.52710
   0.50014  0.02072  0.51887
   0.51809  0.02069  0.51328
   0.53588  0.02060  0.50847
   0.55345  0.02045  0.50345
   0.57080  0.02020  0.49895
   0.58798  0.01984  0.49319
   0.60505  0.01934  0.48529
   0.62213  0.01870  0.47432
   0.63931  0.01795  0.46201
   0.65665  0.01711  0.44848
   0.67419  0.01622  0.43459
   0.69194  0.01529  0.42145
   0.70984  0.01438  0.41018
   0.72783  0.01349  0.40189
   0.74584  0.01262  0.39408
   0.76381  0.01173  0.38693
   0.78172  0.01083  0.38024
   0.79955  0.00990  0.37199
   0.81731  0.00891  0.36258
   0.83503  0.00789  0.35177
   0.85272  0.00685  0.34053
   0.87038  0.00580  0.32973
   0.88804  0.00475  0.31859
   0.90570  0.00373  0.30903
   0.92330  0.00274  0.30066
   0.94037  0.00182  0.29521
   0.95620  0.00099  0.29223
   0.97029  0.00028  0.29204
   0.98263 -0.00033  0.29940
   0.99347 -0.00085  0.31825
   1.00000 -0.00115  0.40829
