                                                
 Alfa =  10.00000 Re =  4000000.000 Xflap,Yflap =     0.000000    0.000000
#    x        y        Cp  
   1.00000  0.00000  0.48115
   0.99331  0.00159  0.30324
   0.98228  0.00423  0.21771
   0.96986  0.00721  0.15480
   0.95589  0.01057  0.09915
   0.94046  0.01429  0.04387
   0.92403  0.01826 -0.01071
   0.90716  0.02228 -0.06416
   0.89018  0.02625 -0.11045
   0.87312  0.03015 -0.15193
   0.85591  0.03399 -0.18953
   0.83853  0.03779 -0.22662
   0.82098  0.04155 -0.26145
   0.80326  0.04530 -0.29729
   0.78543  0.04902 -0.33536
   0.76755  0.05270 -0.37469
   0.74967  0.05633 -0.41558
   0.73185  0.05988 -0.45760
   0.71410  0.06334 -0.50033
   0.69647  0.06671 -0.54483
   0.67895  0.06997 -0.59195
   0.66156  0.07311 -0.63963
   0.64429  0.07611 -0.68828
   0.62713  0.07897 -0.73707
   0.61007  0.08166 -0.78496
   0.59311  0.08418 -0.83175
   0.57622  0.08653 -0.87571
   0.55938  0.08870 -0.91783
   0.54257  0.09069 -0.95849
   0.52578  0.09250 -0.99859
   0.50897  0.09414 -1.03597
   0.49211  0.09560 -1.07106
   0.47516  0.09688 -1.10206
   0.45811  0.09800 -1.13272
   0.44094  0.09897 -1.16263
   0.42365  0.09980 -1.19570
   0.40626  0.10050 -1.23157
   0.38881  0.10108 -1.27680
   0.37136  0.10154 -1.33260
   0.35398  0.10184 -1.39317
   0.33674  0.10196 -1.45726
   0.31973  0.10190 -1.52509
   0.30305  0.10162 -1.59414
   0.28676  0.10113 -1.66598
   0.27092  0.10042 -1.73975
   0.25552  0.09947 -1.81133
   0.24049  0.09828 -1.87954
   0.22573  0.09682 -1.94368
   0.21108  0.09507 -2.00092
   0.19638  0.09297 -2.04220
   0.18138  0.09048 -2.05333
   0.16600  0.08761 -2.06199
   0.15049  0.08450 -2.09945
   0.13553  0.08136 -2.22744
   0.12169  0.07822 -2.39616
   0.10905  0.07500 -2.55656
   0.09739  0.07162 -2.67784
   0.08649  0.06801 -2.71938
   0.07628  0.06427 -2.75461
   0.06689  0.06058 -2.85609
   0.05845  0.05701 -2.99573
   0.05096  0.05357 -3.13253
   0.04433  0.05026 -3.26669
   0.03849  0.04708 -3.39734
   0.03334  0.04403 -3.52081
   0.02879  0.04110 -3.63255
   0.02475  0.03828 -3.74200
   0.02116  0.03556 -3.86768
   0.01795  0.03288 -3.96974
   0.01507  0.03024 -4.01121
   0.01248  0.02763 -4.02892
   0.01016  0.02505 -4.03250
   0.00811  0.02254 -4.05728
   0.00632  0.02011 -4.08360
   0.00477  0.01778 -4.10458
   0.00346  0.01553 -4.11613
   0.00236  0.01336 -4.10910
   0.00147  0.01125 -4.07318
   0.00076  0.00920 -3.99621
   0.00025  0.00720 -3.86072
  -0.00008  0.00525 -3.65941
  -0.00022  0.00333 -3.37000
  -0.00017  0.00143 -2.99913
   0.00008 -0.00044 -2.49977
   0.00054 -0.00230 -1.92832
   0.00121 -0.00416 -1.37365
   0.00209 -0.00602 -0.87355
   0.00317 -0.00788 -0.43760
   0.00447 -0.00974 -0.07548
   0.00599 -0.01159  0.22661
   0.00776 -0.01342  0.46512
   0.00977 -0.01523  0.65441
   0.01204 -0.01697  0.79513
   0.01458 -0.01861  0.89633
   0.01739 -0.02012  0.95998
   0.02050 -0.02148  0.99182
   0.02393 -0.02272  0.99997
   0.02770 -0.02387  0.99208
   0.03187 -0.02494  0.97343
   0.03651 -0.02594  0.94737
   0.04170 -0.02685  0.91672
   0.04755 -0.02767  0.88359
   0.05416 -0.02840  0.84881
   0.06163 -0.02906  0.81205
   0.07009 -0.02959  0.77550
   0.07962 -0.02997  0.73963
   0.09036 -0.03016  0.70519
   0.10240 -0.03011  0.67421
   0.11581 -0.02979  0.64872
   0.13058 -0.02920  0.62891
   0.14659 -0.02841  0.61337
   0.16357 -0.02756  0.59647
   0.18124 -0.02670  0.57828
   0.19931 -0.02585  0.56133
   0.21759 -0.02499  0.54590
   0.23597 -0.02416  0.53177
   0.25437 -0.02334  0.51883
   0.27274 -0.02255  0.50694
   0.29106 -0.02180  0.49524
   0.30934 -0.02110  0.48426
   0.32762 -0.02043  0.47315
   0.34591 -0.01980  0.46226
   0.36425 -0.01920  0.45161
   0.38265 -0.01863  0.44143
   0.40111 -0.01807  0.43117
   0.41963 -0.01753  0.42143
   0.43821 -0.01700  0.41212
   0.45681 -0.01648  0.40327
   0.47541 -0.01595  0.39491
   0.49396 -0.01543  0.38781
   0.51242 -0.01489  0.38232
   0.53073 -0.01437  0.37857
   0.54886 -0.01388  0.37511
   0.56680 -0.01345  0.37085
   0.58458 -0.01311  0.36604
   0.60221 -0.01287  0.35810
   0.61975 -0.01275  0.34585
   0.63723 -0.01270  0.33112
   0.65470 -0.01269  0.31571
   0.67219 -0.01268  0.29996
   0.68974 -0.01262  0.28471
   0.70738 -0.01247  0.27291
   0.72513 -0.01221  0.26501
   0.74300 -0.01185  0.25931
   0.76100 -0.01141  0.25474
   0.77909 -0.01088  0.25131
   0.79723 -0.01029  0.24874
   0.81536 -0.00966  0.24559
   0.83341 -0.00897  0.24249
   0.85134 -0.00823  0.24026
   0.86913 -0.00743  0.23937
   0.88677 -0.00656  0.24109
   0.90429 -0.00562  0.24507
   0.92168 -0.00462  0.25456
   0.93863 -0.00361  0.26532
   0.95456 -0.00265  0.27909
   0.96898 -0.00180  0.29440
   0.98178 -0.00105  0.31661
   0.99313 -0.00039  0.35811
   1.00000  0.00000  0.48115
