                                                
 Alfa =  10.00000 Re =  4000000.000 Xflap,Yflap =     0.000000    0.000000
#    x        y        Cp  
   1.00000  0.00000  0.39212
   0.99516  0.00064  0.33482
   0.98600  0.00213  0.24178
   0.97450  0.00421  0.14176
   0.96160  0.00647  0.07223
   0.94784  0.00867  0.03558
   0.93339  0.01081  0.01461
   0.91837  0.01295 -0.00106
   0.90309  0.01510 -0.01957
   0.88780  0.01726 -0.03702
   0.87257  0.01943 -0.05553
   0.85735  0.02162 -0.07408
   0.84214  0.02383 -0.09339
   0.82693  0.02607 -0.11331
   0.81171  0.02833 -0.13459
   0.79649  0.03062 -0.15450
   0.78126  0.03294 -0.17730
   0.76601  0.03527 -0.19865
   0.75076  0.03762 -0.22291
   0.73548  0.03999 -0.24681
   0.72019  0.04237 -0.27056
   0.70488  0.04476 -0.29724
   0.68955  0.04716 -0.32248
   0.67422  0.04956 -0.35061
   0.65889  0.05196 -0.37839
   0.64359  0.05435 -0.40832
   0.62831  0.05672 -0.43882
   0.61307  0.05907 -0.47113
   0.59785  0.06140 -0.50363
   0.58265  0.06371 -0.53787
   0.56749  0.06598 -0.57335
   0.55235  0.06820 -0.61059
   0.53723  0.07039 -0.64841
   0.52215  0.07253 -0.68769
   0.50709  0.07461 -0.72922
   0.49206  0.07663 -0.77232
   0.47706  0.07858 -0.81620
   0.46209  0.08046 -0.86366
   0.44717  0.08227 -0.91259
   0.43229  0.08398 -0.96401
   0.41745  0.08559 -1.01722
   0.40267  0.08710 -1.07291
   0.38794  0.08849 -1.13147
   0.37326  0.08975 -1.19177
   0.35864  0.09088 -1.25562
   0.34408  0.09187 -1.32412
   0.32962  0.09269 -1.39275
   0.31527  0.09334 -1.46649
   0.30106  0.09380 -1.54243
   0.28698  0.09405 -1.61884
   0.27303  0.09407 -1.69148
   0.25917  0.09385 -1.76229
   0.24539  0.09339 -1.83220
   0.23170  0.09267 -1.89936
   0.21811  0.09169 -1.96494
   0.20461  0.09043 -2.02874
   0.19121  0.08890 -2.09005
   0.17792  0.08708 -2.14992
   0.16476  0.08498 -2.21049
   0.15172  0.08258 -2.26934
   0.13885  0.07987 -2.32934
   0.12616  0.07687 -2.39088
   0.11370  0.07356 -2.45536
   0.10150  0.06995 -2.52314
   0.08963  0.06604 -2.59684
   0.07815  0.06183 -2.67402
   0.06716  0.05735 -2.76100
   0.05674  0.05261 -2.84954
   0.04700  0.04766 -2.94364
   0.03809  0.04259 -3.04494
   0.03018  0.03752 -3.16219
   0.02342  0.03261 -3.26656
   0.01779  0.02798 -3.37449
   0.01326  0.02372 -3.45726
   0.00970  0.01990 -3.55913
   0.00694  0.01650 -3.65118
   0.00481  0.01346 -3.70032
   0.00317  0.01072 -3.78500
   0.00194  0.00824 -3.89515
   0.00107  0.00600 -3.92894
   0.00049  0.00396 -3.89744
   0.00016  0.00209 -3.76975
   0.00002  0.00037 -3.86157
   0.00011 -0.00128 -3.88228
   0.00053 -0.00288 -4.28176
   0.00154 -0.00425 -2.17325
   0.00308 -0.00532 -0.41166
   0.00499 -0.00627  0.28514
   0.00728 -0.00718  0.63868
   0.01010 -0.00810  0.83635
   0.01365 -0.00904  0.94460
   0.01823 -0.01001  0.99268
   0.02421 -0.01101  0.99801
   0.03204 -0.01209  0.97437
   0.04200 -0.01316  0.93263
   0.05391 -0.01416  0.88373
   0.06733 -0.01504  0.83606
   0.08170 -0.01581  0.79236
   0.09665 -0.01651  0.75369
   0.11188 -0.01717  0.71888
   0.12724 -0.01780  0.68729
   0.14265 -0.01842  0.65876
   0.15808 -0.01902  0.63223
   0.17353 -0.01961  0.60776
   0.18898 -0.02019  0.58508
   0.20443 -0.02076  0.56353
   0.21987 -0.02131  0.54301
   0.23530 -0.02185  0.52387
   0.25070 -0.02237  0.50528
   0.26608 -0.02287  0.48781
   0.28145 -0.02334  0.47097
   0.29681 -0.02379  0.45542
   0.31216 -0.02421  0.44030
   0.32752 -0.02460  0.42606
   0.34288 -0.02497  0.41244
   0.35825 -0.02531  0.39875
   0.37361 -0.02562  0.38667
   0.38898 -0.02591  0.37366
   0.40434 -0.02616  0.36261
   0.41969 -0.02640  0.35034
   0.43505 -0.02660  0.33949
   0.45041 -0.02677  0.32886
   0.46576 -0.02692  0.31825
   0.48112 -0.02703  0.30783
   0.49648 -0.02712  0.29802
   0.51183 -0.02719  0.28761
   0.52718 -0.02722  0.27863
   0.54251 -0.02722  0.26828
   0.55784 -0.02718  0.25949
   0.57316 -0.02712  0.24964
   0.58847 -0.02701  0.24147
   0.60378 -0.02688  0.23199
   0.61909 -0.02670  0.22338
   0.63438 -0.02649  0.21541
   0.64966 -0.02624  0.20636
   0.66492 -0.02595  0.19728
   0.68015 -0.02561  0.18796
   0.69535 -0.02522  0.18157
   0.71052 -0.02478  0.17054
   0.72566 -0.02428  0.16406
   0.74078 -0.02372  0.15428
   0.75585 -0.02310  0.14683
   0.77084 -0.02239  0.13816
   0.78569 -0.02160  0.12826
   0.80033 -0.02070  0.12110
   0.81478 -0.01966  0.11482
   0.82909 -0.01846  0.11981
   0.84336 -0.01710  0.12418
   0.85773 -0.01555  0.13930
   0.87236 -0.01382  0.16068
   0.88732 -0.01195  0.18200
   0.90246 -0.01002  0.20570
   0.91757 -0.00809  0.22760
   0.93254 -0.00623  0.24770
   0.94724 -0.00447  0.27011
   0.96147 -0.00288  0.29217
   0.97467 -0.00155  0.32095
   0.98605 -0.00060  0.35534
   0.99514 -0.00011  0.39393
   1.00000  0.00000  0.39212
