                                                
 Alfa =  10.00000 Re =  4000000.000 Xflap,Yflap =     0.000000    0.000000
#    x        y        Cp  
   1.00000  0.00300  0.45229
   0.99369  0.00457  0.25187
   0.98336  0.00709  0.16321
   0.97184  0.00980  0.09282
   0.95899  0.01273  0.03466
   0.94478  0.01585 -0.01630
   0.92944  0.01907 -0.05930
   0.91337  0.02231 -0.09597
   0.89693  0.02552 -0.12903
   0.88023  0.02869 -0.15826
   0.86327  0.03182 -0.18610
   0.84609  0.03494 -0.21286
   0.82872  0.03806 -0.23897
   0.81122  0.04117 -0.26653
   0.79370  0.04428 -0.29689
   0.77627  0.04737 -0.33379
   0.75900  0.05041 -0.37179
   0.74190  0.05338 -0.41070
   0.72497  0.05624 -0.44912
   0.70815  0.05899 -0.48657
   0.69136  0.06163 -0.51882
   0.67449  0.06417 -0.54693
   0.65748  0.06663 -0.57283
   0.64028  0.06903 -0.59969
   0.62291  0.07139 -0.62695
   0.60543  0.07371 -0.65808
   0.58797  0.07599 -0.69635
   0.57066  0.07820 -0.74189
   0.55358  0.08031 -0.78865
   0.53675  0.08230 -0.83706
   0.52012  0.08413 -0.88400
   0.50363  0.08580 -0.92884
   0.48718  0.08731 -0.96491
   0.47063  0.08866 -0.99605
   0.45391  0.08989 -1.02648
   0.43700  0.09100 -1.05654
   0.41989  0.09201 -1.09070
   0.40268  0.09294 -1.13069
   0.38550  0.09379 -1.18568
   0.36848  0.09454 -1.24948
   0.35174  0.09514 -1.31851
   0.33529  0.09557 -1.38925
   0.31913  0.09581 -1.46025
   0.30320  0.09583 -1.52822
   0.28742  0.09562 -1.58717
   0.27171  0.09518 -1.64116
   0.25598  0.09453 -1.69781
   0.24012  0.09365 -1.76120
   0.22411  0.09256 -1.83693
   0.20821  0.09128 -1.92999
   0.19296  0.08986 -2.06865
   0.17881  0.08829 -2.24475
   0.16572  0.08648 -2.40759
   0.15335  0.08433 -2.53436
   0.14126  0.08170 -2.56175
   0.12900  0.07853 -2.52060
   0.11634  0.07482 -2.46796
   0.10344  0.07070 -2.43558
   0.09092  0.06651 -2.51509
   0.07951  0.06244 -2.66044
   0.06944  0.05853 -2.81317
   0.06062  0.05475 -2.95537
   0.05281  0.05102 -3.04865
   0.04577  0.04728 -3.04656
   0.03938  0.04357 -2.99066
   0.03360  0.04000 -2.96997
   0.02847  0.03671 -3.00901
   0.02395  0.03375 -3.19424
   0.02001  0.03108 -3.56984
   0.01659  0.02857 -3.91597
   0.01362  0.02612 -4.16768
   0.01102  0.02371 -4.31096
   0.00877  0.02135 -4.39752
   0.00684  0.01906 -4.47570
   0.00519  0.01685 -4.52462
   0.00379  0.01471 -4.55987
   0.00262  0.01264 -4.56714
   0.00168  0.01062 -4.53558
   0.00093  0.00865 -4.46043
   0.00038  0.00673 -4.30700
   0.00002  0.00483 -4.08131
  -0.00015  0.00297 -3.74370
  -0.00012  0.00112 -3.31679
   0.00012 -0.00071 -2.74604
   0.00056 -0.00253 -2.11662
   0.00122 -0.00435 -1.52251
   0.00207 -0.00616 -0.98196
   0.00313 -0.00797 -0.52438
   0.00441 -0.00975 -0.13400
   0.00590 -0.01151  0.18541
   0.00764 -0.01323  0.44355
   0.00963 -0.01488  0.64758
   0.01190 -0.01642  0.80046
   0.01446 -0.01779  0.90877
   0.01736 -0.01897  0.97132
   0.02064 -0.01999  0.99679
   0.02436 -0.02091  0.99881
   0.02855 -0.02185  0.98759
   0.03324 -0.02283  0.96655
   0.03847 -0.02381  0.93769
   0.04424 -0.02472  0.90217
   0.05060 -0.02548  0.86355
   0.05775 -0.02601  0.82836
   0.06604 -0.02633  0.79825
   0.07596 -0.02648  0.77063
   0.08768 -0.02661  0.73475
   0.10061 -0.02663  0.69800
   0.11437 -0.02642  0.67051
   0.12900 -0.02602  0.64931
   0.14458 -0.02551  0.63221
   0.16099 -0.02502  0.61257
   0.17798 -0.02458  0.59017
   0.19530 -0.02417  0.56841
   0.21278 -0.02374  0.54950
   0.23041 -0.02328  0.53320
   0.24816 -0.02282  0.51829
   0.26600 -0.02236  0.50378
   0.28389 -0.02190  0.48965
   0.30182 -0.02144  0.47629
   0.31975 -0.02099  0.46407
   0.33770 -0.02052  0.45240
   0.35566 -0.02006  0.44148
   0.37362 -0.01960  0.43108
   0.39158 -0.01914  0.42115
   0.40955 -0.01867  0.41161
   0.42751 -0.01821  0.40241
   0.44547 -0.01775  0.39365
   0.46344 -0.01729  0.38530
   0.48140 -0.01683  0.37695
   0.49937 -0.01637  0.36915
   0.51734 -0.01591  0.36157
   0.53530 -0.01544  0.35385
   0.55326 -0.01498  0.34693
   0.57123 -0.01452  0.33966
   0.58918 -0.01406  0.33309
   0.60713 -0.01359  0.32639
   0.62508 -0.01313  0.32025
   0.64301 -0.01266  0.31404
   0.66093 -0.01220  0.30843
   0.67885 -0.01174  0.30211
   0.69675 -0.01129  0.29592
   0.71465 -0.01085  0.28946
   0.73253 -0.01040  0.28248
   0.75040 -0.00996  0.27601
   0.76825 -0.00950  0.26870
   0.78605 -0.00903  0.26308
   0.80378 -0.00853  0.25632
   0.82141 -0.00801  0.25138
   0.83893 -0.00746  0.24598
   0.85633 -0.00687  0.24241
   0.87362 -0.00624  0.23931
   0.89081 -0.00556  0.23815
   0.90794 -0.00482  0.23882
   0.92494 -0.00403  0.24268
   0.94142 -0.00322  0.24905
   0.95676 -0.00243  0.25825
   0.97053 -0.00168  0.27279
   0.98271 -0.00100  0.29382
   0.99348 -0.00038  0.33231
   1.00000  0.00000  0.45229
