                                                
 Alfa =  10.00000 Re =  4000000.000 Xflap,Yflap =     0.000000    0.000000
#    x        y        Cp  
   1.00000  0.00032  0.52435
   0.99398  0.00121  0.30796
   0.98399  0.00269  0.24086
   0.97259  0.00438  0.18961
   0.95952  0.00631  0.14582
   0.94476  0.00850  0.10625
   0.92875  0.01087  0.07068
   0.91225  0.01331  0.03690
   0.89579  0.01574  0.00642
   0.87939  0.01817 -0.02178
   0.86292  0.02061 -0.04969
   0.84636  0.02306 -0.07611
   0.82974  0.02552 -0.10307
   0.81311  0.02797 -0.12856
   0.79650  0.03043 -0.15513
   0.77989  0.03288 -0.18141
   0.76329  0.03534 -0.20907
   0.74671  0.03780 -0.23807
   0.73017  0.04025 -0.26954
   0.71370  0.04268 -0.30252
   0.69729  0.04507 -0.33636
   0.68095  0.04742 -0.36943
   0.66466  0.04971 -0.40389
   0.64841  0.05195 -0.43847
   0.63221  0.05411 -0.47315
   0.61606  0.05620 -0.50828
   0.59995  0.05821 -0.54387
   0.58388  0.06012 -0.57921
   0.56783  0.06195 -0.61423
   0.55180  0.06368 -0.64968
   0.53580  0.06531 -0.68629
   0.51983  0.06684 -0.72231
   0.50389  0.06825 -0.75966
   0.48799  0.06955 -0.79722
   0.47213  0.07073 -0.83526
   0.45632  0.07177 -0.87358
   0.44055  0.07268 -0.91154
   0.42483  0.07344 -0.94979
   0.40915  0.07406 -0.98759
   0.39352  0.07452 -1.02426
   0.37791  0.07482 -1.06011
   0.36232  0.07497 -1.09526
   0.34677  0.07494 -1.12961
   0.33123  0.07475 -1.16414
   0.31574  0.07439 -1.19736
   0.30026  0.07385 -1.23045
   0.28479  0.07314 -1.26197
   0.26930  0.07225 -1.29346
   0.25381  0.07119 -1.32662
   0.23833  0.06997 -1.36453
   0.22290  0.06858 -1.40622
   0.20755  0.06702 -1.45062
   0.19229  0.06529 -1.50084
   0.17716  0.06338 -1.55451
   0.16216  0.06128 -1.61538
   0.14733  0.05899 -1.68336
   0.13270  0.05651 -1.76287
   0.11836  0.05382 -1.85202
   0.10442  0.05094 -1.95172
   0.09105  0.04790 -2.06891
   0.07845  0.04474 -2.20550
   0.06693  0.04156 -2.36992
   0.05667  0.03841 -2.55081
   0.04762  0.03534 -2.74537
   0.03969  0.03235 -2.95859
   0.03286  0.02949 -3.17391
   0.02708  0.02682 -3.40168
   0.02222  0.02435 -3.69014
   0.01811  0.02207 -4.01934
   0.01464  0.01991 -4.33129
   0.01168  0.01785 -4.63030
   0.00913  0.01587 -4.94532
   0.00694  0.01397 -5.44998
   0.00506  0.01210 -6.18348
   0.00353  0.01018 -6.31549
   0.00231  0.00826 -6.24833
   0.00138  0.00637 -6.07823
   0.00070  0.00451 -5.80584
   0.00025  0.00269 -5.45270
   0.00003  0.00089 -4.95386
   0.00003 -0.00089 -4.25331
   0.00025 -0.00269 -3.43497
   0.00070 -0.00451 -2.62246
   0.00138 -0.00637 -1.88380
   0.00231 -0.00826 -1.22383
   0.00353 -0.01018 -0.65297
   0.00506 -0.01210 -0.16118
   0.00694 -0.01397  0.27216
   0.00913 -0.01587  0.54630
   0.01168 -0.01785  0.72767
   0.01464 -0.01991  0.85280
   0.01811 -0.02207  0.93530
   0.02222 -0.02435  0.98155
   0.02708 -0.02682  0.99931
   0.03286 -0.02949  0.99427
   0.03969 -0.03235  0.97085
   0.04762 -0.03534  0.93361
   0.05667 -0.03841  0.88738
   0.06693 -0.04156  0.83541
   0.07845 -0.04474  0.78072
   0.09105 -0.04790  0.72497
   0.10442 -0.05094  0.67112
   0.11836 -0.05382  0.61968
   0.13270 -0.05651  0.57209
   0.14733 -0.05899  0.52817
   0.16216 -0.06128  0.48703
   0.17716 -0.06338  0.44891
   0.19229 -0.06529  0.41338
   0.20755 -0.06702  0.38023
   0.22290 -0.06858  0.34908
   0.23833 -0.06997  0.31996
   0.25381 -0.07119  0.29266
   0.26930 -0.07225  0.26590
   0.28479 -0.07314  0.24120
   0.30026 -0.07385  0.21836
   0.31574 -0.07439  0.19793
   0.33123 -0.07475  0.17949
   0.34676 -0.07494  0.16302
   0.36232 -0.07497  0.14821
   0.37791 -0.07482  0.13525
   0.39351 -0.07452  0.12392
   0.40915 -0.07406  0.11480
   0.42483 -0.07344  0.10710
   0.44055 -0.07268  0.10142
   0.45632 -0.07177  0.09644
   0.47213 -0.07073  0.09298
   0.48799 -0.06955  0.09086
   0.50389 -0.06825  0.08907
   0.51983 -0.06684  0.08870
   0.53580 -0.06531  0.08867
   0.55180 -0.06368  0.08965
   0.56783 -0.06195  0.09102
   0.58388 -0.06012  0.09355
   0.59995 -0.05821  0.09638
   0.61606 -0.05620  0.10019
   0.63221 -0.05411  0.10536
   0.64841 -0.05195  0.11032
   0.66466 -0.04971  0.11600
   0.68095 -0.04742  0.12219
   0.69729 -0.04507  0.12905
   0.71370 -0.04268  0.13616
   0.73017 -0.04025  0.14302
   0.74671 -0.03780  0.15045
   0.76329 -0.03534  0.15561
   0.77989 -0.03288  0.16107
   0.79650 -0.03043  0.16539
   0.81311 -0.02797  0.17042
   0.82974 -0.02552  0.17514
   0.84636 -0.02306  0.18017
   0.86292 -0.02061  0.18616
   0.87939 -0.01817  0.19243
   0.89579 -0.01574  0.20006
   0.91225 -0.01331  0.20852
   0.92875 -0.01087  0.21917
   0.94476 -0.00850  0.23225
   0.95952 -0.00631  0.24826
   0.97259 -0.00438  0.26936
   0.98399 -0.00269  0.29794
   0.99398 -0.00121  0.34127
   1.00000 -0.00032  0.52435
