                                                
 Alfa =  10.00000 Re =  4000000.000 Xflap,Yflap =     0.000000    0.000000
#    x        y        Cp  
   1.00000  0.00000  0.21950
   0.99397  0.00002  0.18802
   0.98262  0.00013  0.17588
   0.96948  0.00040  0.16202
   0.95557  0.00082  0.15543
   0.94152  0.00139  0.14822
   0.92746  0.00213  0.13898
   0.91336  0.00303  0.12910
   0.89922  0.00409  0.11416
   0.88504  0.00531  0.09807
   0.87082  0.00666  0.07955
   0.85654  0.00813  0.05994
   0.84221  0.00971  0.03845
   0.82784  0.01138  0.01885
   0.81345  0.01314 -0.00275
   0.79903  0.01496 -0.02553
   0.78459  0.01685 -0.04723
   0.77013  0.01879 -0.07035
   0.75566  0.02079 -0.09408
   0.74117  0.02283 -0.11779
   0.72667  0.02490 -0.14330
   0.71216  0.02701 -0.16951
   0.69763  0.02915 -0.19655
   0.68306  0.03132 -0.22590
   0.66847  0.03350 -0.25540
   0.65388  0.03568 -0.28664
   0.63929  0.03785 -0.31718
   0.62473  0.03999 -0.34944
   0.61021  0.04212 -0.38167
   0.59571  0.04420 -0.41441
   0.58123  0.04625 -0.44766
   0.56677  0.04825 -0.48138
   0.55231  0.05020 -0.51499
   0.53787  0.05210 -0.55010
   0.52343  0.05394 -0.58476
   0.50901  0.05571 -0.62092
   0.49461  0.05741 -0.65719
   0.48022  0.05904 -0.69425
   0.46584  0.06058 -0.73177
   0.45147  0.06204 -0.77049
   0.43711  0.06341 -0.80789
   0.42276  0.06469 -0.84740
   0.40842  0.06586 -0.88649
   0.39409  0.06694 -0.92826
   0.37977  0.06790 -0.96919
   0.36548  0.06875 -1.01218
   0.35120  0.06947 -1.05414
   0.33693  0.07007 -1.09761
   0.32267  0.07055 -1.14163
   0.30843  0.07089 -1.18779
   0.29421  0.07109 -1.23527
   0.28002  0.07114 -1.28390
   0.26586  0.07105 -1.33371
   0.25172  0.07079 -1.38611
   0.23761  0.07037 -1.43945
   0.22355  0.06978 -1.49768
   0.20954  0.06901 -1.56034
   0.19560  0.06806 -1.62583
   0.18173  0.06690 -1.69477
   0.16795  0.06552 -1.77045
   0.15428  0.06392 -1.85027
   0.14075  0.06207 -1.93835
   0.12737  0.05996 -2.03323
   0.11418  0.05757 -2.13404
   0.10118  0.05486 -2.24369
   0.08846  0.05185 -2.37135
   0.07611  0.04850 -2.51125
   0.06422  0.04480 -2.66963
   0.05289  0.04073 -2.84082
   0.04238  0.03637 -3.03394
   0.03296  0.03184 -3.24276
   0.02483  0.02727 -3.48826
   0.01822  0.02290 -3.71082
   0.01319  0.01901 -3.94355
   0.00946  0.01563 -4.15615
   0.00666  0.01266 -4.35856
   0.00452  0.00999 -4.54589
   0.00291  0.00756 -4.61594
   0.00169  0.00537 -4.73892
   0.00079  0.00339 -5.29126
   0.00023  0.00161 -5.93497
   0.00001  0.00001 -6.35560
   0.00017 -0.00147 -5.76663
   0.00074 -0.00289 -3.71279
   0.00174 -0.00428 -1.90104
   0.00320 -0.00570 -0.65558
   0.00521 -0.00715  0.11279
   0.00788 -0.00857  0.59346
   0.01148 -0.00993  0.86721
   0.01620 -0.01130  0.97487
   0.02228 -0.01289  1.00000
   0.03015 -0.01468  0.97977
   0.04008 -0.01647  0.93068
   0.05193 -0.01813  0.87257
   0.06496 -0.01963  0.81402
   0.07851 -0.02094  0.76053
   0.09232 -0.02204  0.71435
   0.10638 -0.02297  0.67401
   0.12064 -0.02378  0.63804
   0.13500 -0.02447  0.60561
   0.14939 -0.02507  0.57664
   0.16382 -0.02557  0.55044
   0.17829 -0.02599  0.52654
   0.19279 -0.02635  0.50477
   0.20731 -0.02663  0.48429
   0.22185 -0.02685  0.46598
   0.23640 -0.02700  0.44894
   0.25096 -0.02710  0.43320
   0.26553 -0.02715  0.41837
   0.28012 -0.02714  0.40542
   0.29473 -0.02709  0.39257
   0.30936 -0.02699  0.38162
   0.32400 -0.02685  0.37013
   0.33865 -0.02668  0.36025
   0.35330 -0.02648  0.35006
   0.36796 -0.02624  0.34115
   0.38263 -0.02598  0.33208
   0.39731 -0.02568  0.32406
   0.41200 -0.02537  0.31645
   0.42670 -0.02503  0.30849
   0.44140 -0.02466  0.30146
   0.45610 -0.02428  0.29418
   0.47080 -0.02388  0.28702
   0.48550 -0.02346  0.28075
   0.50020 -0.02302  0.27432
   0.51492 -0.02257  0.26895
   0.52964 -0.02210  0.26284
   0.54436 -0.02161  0.25719
   0.55909 -0.02111  0.25181
   0.57381 -0.02060  0.24628
   0.58854 -0.02008  0.24047
   0.60326 -0.01954  0.23576
   0.61798 -0.01900  0.23107
   0.63271 -0.01844  0.22545
   0.64744 -0.01787  0.22081
   0.66217 -0.01728  0.21681
   0.67691 -0.01669  0.21180
   0.69165 -0.01609  0.20773
   0.70639 -0.01549  0.20239
   0.72113 -0.01488  0.19869
   0.73586 -0.01426  0.19267
   0.75060 -0.01362  0.18935
   0.76533 -0.01298  0.18379
   0.78006 -0.01233  0.18064
   0.79479 -0.01168  0.17596
   0.80953 -0.01101  0.17095
   0.82427 -0.01034  0.16725
   0.83900 -0.00966  0.16088
   0.85371 -0.00896  0.15679
   0.86841 -0.00826  0.15173
   0.88310 -0.00753  0.14684
   0.89777 -0.00679  0.14189
   0.91241 -0.00602  0.13521
   0.92695 -0.00522  0.12926
   0.94134 -0.00435  0.12445
   0.95553 -0.00339  0.12646
   0.96949 -0.00233  0.14082
   0.98273 -0.00125  0.17160
   0.99402 -0.00037  0.20503
   1.00000  0.00000  0.21950
