                                                
 Alfa =  10.00000 Re =  4000000.000 Xflap,Yflap =     0.000000    0.000000
#    x        y        Cp  
   1.00000  0.00000  0.56930
   0.99403  0.00175  0.33945
   0.98414  0.00462  0.22463
   0.97290  0.00782  0.13897
   0.96016  0.01137  0.06388
   0.94602  0.01521 -0.00916
   0.93104  0.01915 -0.08135
   0.91594  0.02295 -0.14791
   0.90109  0.02644 -0.20304
   0.88645  0.02963 -0.23947
   0.87181  0.03257 -0.26280
   0.85699  0.03536 -0.27805
   0.84188  0.03806 -0.28995
   0.82640  0.04073 -0.29882
   0.81052  0.04343 -0.30861
   0.79430  0.04618 -0.32559
   0.77791  0.04901 -0.35497
   0.76149  0.05186 -0.38836
   0.74514  0.05469 -0.42471
   0.72891  0.05746 -0.46253
   0.71280  0.06015 -0.50010
   0.69676  0.06274 -0.53555
   0.68071  0.06523 -0.56351
   0.66456  0.06765 -0.59042
   0.64828  0.07002 -0.61666
   0.63185  0.07235 -0.64441
   0.61530  0.07465 -0.67495
   0.59870  0.07693 -0.71060
   0.58218  0.07918 -0.75768
   0.56581  0.08135 -0.81037
   0.54966  0.08342 -0.86573
   0.53373  0.08534 -0.92042
   0.51800  0.08710 -0.97492
   0.50241  0.08867 -1.02429
   0.48687  0.09004 -1.06409
   0.47131  0.09123 -1.09628
   0.45565  0.09225 -1.12458
   0.43986  0.09311 -1.15238
   0.42394  0.09383 -1.17913
   0.40789  0.09442 -1.20838
   0.39177  0.09489 -1.24268
   0.37565  0.09524 -1.28412
   0.35958  0.09546 -1.32829
   0.34359  0.09555 -1.37656
   0.32770  0.09549 -1.42775
   0.31188  0.09529 -1.48186
   0.29610  0.09492 -1.54025
   0.28030  0.09438 -1.60653
   0.26447  0.09365 -1.67681
   0.24863  0.09269 -1.75096
   0.23287  0.09149 -1.82790
   0.21734  0.09005 -1.90927
   0.20219  0.08838 -1.99327
   0.18760  0.08648 -2.09111
   0.17363  0.08435 -2.19060
   0.16011  0.08192 -2.27641
   0.14676  0.07909 -2.32674
   0.13314  0.07574 -2.31774
   0.11895  0.07185 -2.30011
   0.10439  0.06754 -2.31234
   0.09041  0.06322 -2.45899
   0.07779  0.05903 -2.68204
   0.06639  0.05479 -2.87462
   0.05597  0.05038 -3.03338
   0.04669  0.04594 -3.17727
   0.03875  0.04166 -3.31896
   0.03205  0.03760 -3.44612
   0.02636  0.03373 -3.53522
   0.02144  0.02998 -3.55066
   0.01714  0.02632 -3.49465
   0.01342  0.02291 -3.48261
   0.01027  0.01984 -3.66823
   0.00768  0.01713 -3.97822
   0.00558  0.01471 -4.29285
   0.00389  0.01250 -4.60936
   0.00255  0.01045 -4.92715
   0.00150  0.00853 -5.16668
   0.00071  0.00669 -5.34438
   0.00018  0.00493 -5.35439
  -0.00012  0.00323 -5.15940
  -0.00017  0.00155 -4.70278
   0.00002 -0.00009 -3.93255
   0.00046 -0.00173 -2.96957
   0.00115 -0.00336 -2.05724
   0.00207 -0.00497 -1.28327
   0.00322 -0.00656 -0.65259
   0.00461 -0.00811 -0.15739
   0.00626 -0.00961  0.23078
   0.00816 -0.01101  0.52592
   0.01036 -0.01228  0.74155
   0.01286 -0.01331  0.89060
   0.01570 -0.01400  0.97429
   0.01898 -0.01432  0.99956
   0.02284 -0.01431  0.99361
   0.02748 -0.01416  0.97675
   0.03308 -0.01404  0.95167
   0.03973 -0.01393  0.91848
   0.04728 -0.01370  0.87936
   0.05556 -0.01316  0.84609
   0.06482 -0.01225  0.82545
   0.07549 -0.01116  0.80911
   0.08780 -0.01022  0.77800
   0.10146 -0.00933  0.74127
   0.11602 -0.00822  0.71737
   0.13108 -0.00695  0.70202
   0.14636 -0.00568  0.69038
   0.16178 -0.00455  0.67647
   0.17744 -0.00359  0.66057
   0.19337 -0.00277  0.64417
   0.20956 -0.00205  0.62870
   0.22594 -0.00141  0.61437
   0.24243 -0.00087  0.60034
   0.25895 -0.00041  0.58706
   0.27547 -0.00002  0.57403
   0.29197  0.00028  0.56157
   0.30844  0.00053  0.54928
   0.32490  0.00071  0.53729
   0.34138  0.00083  0.52586
   0.35788  0.00090  0.51416
   0.37442  0.00093  0.50302
   0.39101  0.00091  0.49145
   0.40764  0.00085  0.48024
   0.42431  0.00075  0.46850
   0.44102  0.00064  0.45772
   0.45777  0.00050  0.44641
   0.47453  0.00036  0.43573
   0.49130  0.00022  0.42570
   0.50805  0.00009  0.41728
   0.52478 -0.00003  0.41006
   0.54146 -0.00015  0.40295
   0.55809 -0.00029  0.39697
   0.57467 -0.00045  0.39010
   0.59121 -0.00065  0.38348
   0.60774 -0.00090  0.37506
   0.62426 -0.00120  0.36506
   0.64080 -0.00154  0.35395
   0.65737 -0.00190  0.34326
   0.67397 -0.00226  0.33221
   0.69059 -0.00262  0.32157
   0.70724 -0.00295  0.31255
   0.72390 -0.00326  0.30541
   0.74054 -0.00355  0.29911
   0.75715 -0.00385  0.29216
   0.77373 -0.00416  0.28530
   0.79027 -0.00451  0.27641
   0.80677 -0.00491  0.26465
   0.82320 -0.00534  0.24828
   0.83958 -0.00577  0.23078
   0.85586 -0.00617  0.21254
   0.87201 -0.00649  0.19434
   0.88798 -0.00670  0.17677
   0.90371 -0.00677  0.15966
   0.91912 -0.00666  0.14348
   0.93402 -0.00630  0.13340
   0.94813 -0.00565  0.13655
   0.96121 -0.00471  0.15941
   0.97316 -0.00358  0.19711
   0.98402 -0.00230  0.25618
   0.99389 -0.00094  0.35060
   1.00000  0.00000  0.56930
